0 0.0115380855175782
0.0334448160535117 0.0118712252383005
0.0668896321070234 0.01221386486528
0.100334448160535 0.0125662683442312
0.133779264214047 0.0129287065474407
0.167224080267559 0.0133014574315822
0.20066889632107 0.0136848061976769
0.234113712374582 0.0140790454531291
0.267558528428094 0.0144844753757629
0.301003344481605 0.0149014038797717
0.334448160535117 0.0153301467834867
0.367892976588629 0.015771027978858
0.40133779264214 0.0162243796025341
0.434782608695652 0.016690542208409
0.468227424749164 0.0171698649415014
0.501672240802676 0.0176627057130107
0.535117056856187 0.0181694313763868
0.568561872909699 0.018690417904233
0.602006688963211 0.0192260505658483
0.635451505016722 0.0197767241051995
0.668896321070234 0.0203428429190969
0.702341137123746 0.0209248212353303
0.735785953177257 0.0215230832905051
0.769230769230769 0.0221380635072968
0.802675585284281 0.0227702066708257
0.836120401337793 0.0234199681038303
0.869565217391304 0.0240878138402986
0.903010033444816 0.0247742207971913
0.936454849498328 0.0254796769438705
0.969899665551839 0.0262046814688203
1.00334448160535 0.026949744943222
1.03678929765886 0.0277153894809197
1.07023411371237 0.028502148894284
1.10367892976589 0.0293105688454552
1.1371237458194 0.0301412069924137
1.17056856187291 0.0309946331293004
1.20401337792642 0.0318714293203745
1.23745819397993 0.0327721900269643
1.27090301003344 0.0336975222267348
1.30434782608696 0.0346480455245605
1.33779264214047 0.0356243922542568
1.37123745819398 0.0366272075703875
1.40468227424749 0.0376571495293287
1.438127090301 0.038714889158734
1.47157190635451 0.0398011105145041
1.50501672240803 0.0409165107243284
1.53846153846154 0.042061800016826
1.57190635451505 0.043237701735273
1.60535117056856 0.0444449523348642
1.63879598662207 0.0456843013624177
1.67224080267559 0.0469565114173896
1.7056856187291 0.0482623580930262
1.73913043478261 0.0496026298964448
1.77257525083612 0.05097812814639
1.80602006688963 0.052389666847379
1.83946488294314 0.0538380725389097
1.87290969899666 0.0553241841183704
1.90635451505017 0.0568488526362551
1.93979933110368 0.0584129410622557
1.97324414715719 0.0600173240207731
2.0066889632107 0.0616628874943581
2.04013377926421 0.0633505284935718
2.07357859531773 0.0650811546917306
2.10702341137124 0.0668556840229804
2.14046822742475 0.0686750442421365
2.17391304347826 0.070540172444707
2.20735785953177 0.0724520145455201
2.24080267558528 0.0744115247143705
2.2742474916388 0.0764196647671085
2.30769230769231 0.0784774035106084
2.34113712374582 0.0805857160400696
2.37458193979933 0.0827455829871336
2.40802675585284 0.0849579897173349
2.44147157190635 0.0872239254754441
2.47491638795987 0.0895443824773202
2.50836120401338 0.0919203549469475
2.54180602006689 0.0943528380974072
2.5752508361204 0.0968428270546199
2.60869565217391 0.0993913157227894
2.64214046822742 0.101999295590587
2.67558528428094 0.104667754477238
2.70903010033445 0.107397675217806
2.74247491638796 0.110190034287118
2.77591973244147 0.113045800361933
2.80936454849498 0.115965932821154
2.84280936454849 0.118951380184033
2.87625418060201 0.122003078486581
2.90969899665552 0.125121949596572
2.94314381270903 0.128308899467794
2.97658862876254 0.131564816334456
3.01003344481605 0.134890568846908
3.04347826086956 0.138287004150147
3.07692307692308 0.141754945906857
3.11036789297659 0.145295192267073
3.1438127090301 0.148908513786854
3.17725752508361 0.152595651298739
3.21070234113712 0.15635731373707
3.24414715719064 0.160194175921665
3.27759197324415 0.164106876303695
3.31103678929766 0.168096014677993
3.34448160535117 0.172162149866437
3.37792642140468 0.176305797377419
3.41137123745819 0.180527427046855
3.44481605351171 0.184827460666555
3.47826086956522 0.189206269606185
3.51170568561873 0.193664172435477
3.54515050167224 0.198201432553685
3.57859531772575 0.202818255833709
3.61204013377926 0.207514788288661
3.64548494983278 0.212291113768979
3.67892976588629 0.21714725169857
3.7123745819398 0.222083154858727
3.74581939799331 0.227098707228873
3.77926421404682 0.232193721893424
3.81270903010033 0.237367939024287
3.84615384615385 0.242621023948682
3.87959866220736 0.247952565312106
3.91304347826087 0.253362073346364
3.94648829431438 0.25884897825262
3.97993311036789 0.264412628709417
4.0133779264214 0.270052290515546
4.04682274247492 0.275767145377518
4.08026755852843 0.281556289851226
4.11371237458194 0.287418734447097
4.14715719063545 0.293353402907777
4.18060200668896 0.299359131666961
4.21404682274247 0.305434669497574
4.24749163879599 0.311578677356984
4.2809364548495 0.317789728436339
4.31438127090301 0.324066308420498
4.34782608695652 0.330406815964317
4.38127090301003 0.336809563390251
4.41471571906354 0.343272777611447
4.44816053511706 0.3497946012836
4.48160535117057 0.356373094187888
4.51505016722408 0.363006234846374
4.54849498327759 0.369691922370171
4.5819397993311 0.37642797853967
4.61538461538461 0.383212150115002
4.64882943143813 0.390042111373816
4.68227424749164 0.396915466872331
4.71571906354515 0.403829754424484
4.74916387959866 0.41078244829287
4.78260869565217 0.417770962584072
4.81605351170569 0.424792654839853
4.8494983277592 0.431844829814641
4.88294314381271 0.438924743428689
4.91638795986622 0.446029606885308
4.94983277591973 0.453156590939657
4.98327759197324 0.460302830305666
5.01672240802676 0.467465428186899
5.05016722408027 0.47464146091643
5.08361204013378 0.481827982690139
5.11705685618729 0.48902203037732
5.1505016722408 0.496220628391992
5.18394648829431 0.503420793607956
5.21739130434783 0.510619540300398
5.25083612040134 0.517813885096633
5.28428093645485 0.525000851918564
5.31772575250836 0.53217747689948
5.35117056856187 0.539340813257952
5.38461538461538 0.546487936111847
5.4180602006689 0.553615947215876
5.45150501672241 0.560721979606485
5.48494983277592 0.567803202138509
5.51839464882943 0.574856823898612
5.55183946488294 0.581880098481282
5.58528428093645 0.588870328113907
5.61872909698997 0.595824867618402
5.65217391304348 0.602741128197691
5.68561872909699 0.60961658103642
5.7190635451505 0.616448760706247
5.75250836120401 0.623235268367148
5.78595317725753 0.629973774757273
5.81939799331104 0.636662022964988
5.85284280936455 0.643297830977878
5.88628762541806 0.649879094004615
5.91973244147157 0.656403786566692
5.95317725752508 0.662869964358188
5.9866220735786 0.669275765872745
6.02006688963211 0.675619413798073
6.05351170568562 0.681899216179256
6.08695652173913 0.68811356735317
6.12040133779264 0.694260948657234
6.15384615384615 0.700339928916591
6.18729096989967 0.706349164714696
6.22073578595318 0.712287400452989
6.25418060200669 0.718153468206113
6.2876254180602 0.723946287379728
6.32107023411371 0.729664864178586
6.35451505016722 0.73530829089303
6.38795986622074 0.740875745012534
6.42140468227425 0.746366488175287
6.45484949832776 0.751779864963119
6.48829431438127 0.757115301551343
6.52173913043478 0.762372304223256
6.55518394648829 0.76755045775918
6.58862876254181 0.772649423709986
6.62207357859532 0.777668938565057
6.65551839464883 0.782608811824612
6.68896321070234 0.787468923986223
6.72240802675585 0.792249224455218
6.75585284280936 0.796949729388501
6.78929765886288 0.801570519481077
6.82274247491639 0.806111737704366
6.8561872909699 0.810573587005058
6.88963210702341 0.81495632797301
6.92307692307692 0.819260276486292
6.95652173913043 0.823485801341202
6.98996655518395 0.827633321874665
7.02341137123746 0.831703305586048
7.05685618729097 0.83569626576506
7.09030100334448 0.839612759131988
7.12374581939799 0.84345338349612
7.1571906354515 0.847218775437811
7.19063545150502 0.850909608019242
7.22408026755853 0.854526588528514
7.25752508361204 0.858070456261355
7.29096989966555 0.861541980344276
7.32441471571906 0.864941957602704
7.35785953177257 0.868271210477189
7.39130434782609 0.871530584990464
7.4247491638796 0.874720948767779
7.45819397993311 0.877843189112598
7.49163879598662 0.880898211139433
7.52508361204013 0.8838869359653
7.55852842809364 0.886810298960963
7.59197324414716 0.889669248062897
7.62541806020067 0.892464742146626
7.65886287625418 0.895197749461851
7.69230769230769 0.897869246129564
7.7257525083612 0.900480214701138
7.75919732441471 0.903031642779187
7.79264214046823 0.905524521699801
7.82608695652174 0.907959845275626
7.85953177257525 0.91033860859907
7.89297658862876 0.912661806904816
7.92642140468227 0.91493043449069
7.95986622073579 0.917145483695806
7.9933110367893 0.919307943934841
8.02675585284281 0.921418800787187
8.06020066889632 0.923479035139663
8.09364548494983 0.925489622381404
8.12709030100334 0.92745153164949
8.16053511705686 0.929365725123835
8.19397993311037 0.931233157369812
8.22742474916388 0.933054774727089
8.26086956521739 0.934831514743088
8.2943143812709 0.936564305649515
8.32775919732441 0.938254065880351
8.36120401337793 0.939901703629755
8.39464882943144 0.941508116448266
8.42809364548495 0.943074190875759
8.46153846153846 0.944600802109595
8.49498327759197 0.946088813706424
8.52842809364548 0.947539077316134
8.561872909699 0.948952432446457
8.59531772575251 0.950329706256764
8.62876254180602 0.951671713379635
8.66220735785953 0.952979255768783
8.69565217391304 0.954253122571993
8.72909698996656 0.955494090027732
8.76254180602007 0.956702921384151
8.79598662207358 0.957880366839209
8.82943143812709 0.959027163500736
8.8628762541806 0.960144035365227
8.89632107023411 0.961231693314258
8.92976588628762 0.96229083512742
8.96321070234114 0.963322145510714
8.99665551839465 0.964326296139398
9.03010033444816 0.965303945714316
9.06354515050167 0.966255740030755
9.09698996655518 0.967182312058956
9.1304347826087 0.968084282035407
9.16387959866221 0.968962257564094
9.19732441471572 0.969816833726944
9.23076923076923 0.970648593202685
9.26421404682274 0.971458106393432
9.29765886287625 0.972245931558315
9.33110367892977 0.973012614953491
9.36454849498328 0.97375869097795
9.39799331103679 0.974484682324505
9.4314381270903 0.975191100135445
9.46488294314381 0.975878444162306
9.49832775919732 0.976547202929274
9.53177257525084 0.977197853899767
9.56521739130435 0.977830863645731
9.59866220735786 0.978446688019265
9.63210702341137 0.979045772326161
9.66555183946488 0.979628551501012
9.69899665551839 0.980195450283532
9.73244147157191 0.980746883395777
9.76588628762542 0.981283255719957
9.79933110367893 0.981804962476564
9.83277591973244 0.982312389402549
9.86622073578595 0.982805912929315
9.89966555183946 0.983285900360283
9.93311036789298 0.983752710047828
9.96655518394649 0.984206691569403
10 0.984648185902639
