0 0.0166704819960393
0.0334448160535117 0.017145568394656
0.0668896321070234 0.0176339513196284
0.100334448160535 0.0181359888903358
0.133779264214047 0.0186520480627056
0.167224080267559 0.0191825048001125
0.20066889632107 0.0197277442447016
0.234113712374582 0.0202881608889233
0.267558528428094 0.0208641587470486
0.301003344481605 0.0214561515264209
0.334448160535117 0.0220645627981786
0.367892976588629 0.0226898261671673
0.40133779264214 0.0233323854407399
0.434782608695652 0.0239926947961214
0.468227424749164 0.0246712189459971
0.501672240802676 0.0253684333019587
0.535117056856187 0.0260848241354198
0.568561872909699 0.0268208887355895
0.602006688963211 0.0275771355640689
0.635451505016722 0.0283540844056064
0.668896321070234 0.0291522665145246
0.702341137123746 0.0299722247563026
0.735785953177257 0.030814513743768
0.769230769230769 0.0316796999673256
0.802675585284281 0.0325683619186182
0.836120401337793 0.0334810902069838
0.869565217391304 0.034418487668041
0.903010033444816 0.0353811694637041
0.936454849498328 0.0363697631728912
0.969899665551839 0.0373849088721585
1.00334448160535 0.038427259205457
1.03678929765886 0.0394974794421706
1.07023411371237 0.0405962475225627
1.10367892976589 0.0417242540897151
1.1371237458194 0.0428822025070136
1.17056856187291 0.0440708088601893
1.20401337792642 0.0452908019428939
1.23745819397993 0.0465429232247455
1.27090301003344 0.0478279268007437
1.30434782608696 0.0491465793209203
1.33779264214047 0.0504996598990478
1.37123745819398 0.0518879599991991
1.40468227424749 0.0533122832989105
1.438127090301 0.0547734455276706
1.47157190635451 0.0562722742794206
1.50501672240803 0.0578096087977241
1.53846153846154 0.0593862997322321
1.57190635451505 0.0610032088650427
1.60535117056856 0.0626612088055307
1.63879598662207 0.0643611826521985
1.67224080267559 0.0661040236200839
1.7056856187291 0.0678906346322413
1.73913043478261 0.0697219278738053
1.77257525083612 0.0715988243071352
1.80602006688963 0.0735222531465411
1.83946488294314 0.0754931512910899
1.87290969899666 0.0775124627140058
1.90635451505017 0.0795811378071874
1.93979933110368 0.0817001326793916
1.97324414715719 0.0838704084066618
2.0066889632107 0.0860929302336145
2.04013377926421 0.0883686667242444
2.07357859531773 0.0906985888609656
2.10702341137124 0.0930836690906647
2.14046822742475 0.0955248803166235
2.17391304347826 0.0980231948352467
2.20735785953177 0.100579583216632
2.24080267558528 0.103195013128121
2.2742474916388 0.105870448100104
2.30769230769231 0.108606846233454
2.34113712374582 0.111405158848157
2.37458193979933 0.114266329072812
2.40802675585284 0.117191290374902
2.44147157190635 0.120180965031867
2.47491638795987 0.123236262543272
2.50836120401338 0.126358077984523
2.54180602006689 0.129547290302861
2.5752508361204 0.132804760556582
2.60869565217391 0.136131330098694
2.64214046822742 0.139527818706519
2.67558528428094 0.142995022659003
2.70903010033445 0.146533712763827
2.74247491638796 0.150144632336718
2.77591973244147 0.153828495135677
2.80936454849498 0.1575859832532
2.84280936454849 0.161417744969904
2.87625418060201 0.165324392573319
2.90969899665552 0.169306500146005
2.94314381270903 0.173364601327489
2.97658862876254 0.17749918705492
3.01003344481605 0.181710703287697
3.04347826086956 0.185999548721731
3.07692307692308 0.190366072499352
3.11036789297659 0.194810571921258
3.1438127090301 0.199333290167275
3.17725752508361 0.20393441403303
3.21070234113712 0.208614071690015
3.24414715719064 0.213372330476797
3.27759197324415 0.218209194729506
3.31103678929766 0.223124603659935
3.34448160535117 0.228118429289913
3.37792642140468 0.233190474450811
3.41137123745819 0.238340470857225
3.44481605351171 0.24356807726407
3.47826086956522 0.248872877716413
3.51170568561873 0.254254379901468
3.54515050167224 0.259712013612184
3.57859531772575 0.265245129331864
3.61204013377926 0.270852996949169
3.64548494983278 0.276534804612725
3.67892976588629 0.282289657734389
3.7123745819398 0.288116578149974
3.74581939799331 0.294014503445939
3.77926421404682 0.299982286460176
3.81270903010033 0.306018694964611
3.84615384615385 0.31212241153685
3.87959866220736 0.318292033627526
3.91304347826087 0.324526073829427
3.94648829431438 0.330822960353793
3.97993311036789 0.337181037718432
4.0133779264214 0.343598567651553
4.04682274247492 0.350073730214342
4.08026755852843 0.356604625144451
4.11371237458194 0.363189273421624
4.14715719063545 0.369825619055748
4.18060200668896 0.376511531096569
4.21404682274247 0.383244805863354
4.24749163879599 0.390023169391674
4.2809364548495 0.396844280093478
4.31438127090301 0.403705731625521
4.34782608695652 0.410605055960194
4.38127090301003 0.417539726651712
4.41471571906354 0.424507162289609
4.44816053511706 0.43150473013048
4.48160535117057 0.438529749897932
4.51505016722408 0.445579497739775
4.54849498327759 0.452651210330618
4.5819397993311 0.459742089107186
4.61538461538461 0.46684930462295
4.64882943143813 0.473970001007938
4.68227424749164 0.481101300519003
4.71571906354515 0.488240308165309
4.74916387959866 0.495384116393302
4.78260869565217 0.502529809815161
4.81605351170569 0.509674469964372
4.8494983277592 0.516815180062001
4.88294314381271 0.523949029777095
4.91638795986622 0.531073119964752
4.94983277591973 0.538184567365452
4.98327759197324 0.545280509249552
5.01672240802676 0.552358107991106
5.05016722408027 0.559414555555644
5.08361204013378 0.566447077886983
5.11705685618729 0.573452939178806
5.1505016722408 0.580429446017343
5.18394648829431 0.587373951382279
5.21739130434783 0.594283858493782
5.25083612040134 0.601156624494428
5.28428093645485 0.607989763955722
5.31772575250836 0.614780852199844
5.35117056856187 0.621527528428282
5.38461538461538 0.628227498650019
5.4180602006689 0.634878538402986
5.45150501672241 0.641478495263564
5.48494983277592 0.648025291139963
5.51839464882943 0.654516924346385
5.55183946488294 0.6609514714559
5.58528428093645 0.66732708893103
5.61872909698997 0.673642014532003
5.65217391304348 0.679894568503639
5.68561872909699 0.686083154542768
5.7190635451505 0.69220626054896
5.75250836120401 0.69826245916221
5.78595317725753 0.704250408092025
5.81939799331104 0.71016885024308
5.85284280936455 0.716016613643335
5.88628762541806 0.721792611181102
5.91973244147157 0.727495840158137
5.95317725752508 0.733125381666329
5.9866220735786 0.738680399796018
6.02006688963211 0.744160140684327
6.05351170568562 0.749563931412252
6.08695652173913 0.754891178759469
6.12040133779264 0.760141367826055
6.15384615384615 0.765314060530443
6.18729096989967 0.770408893993017
6.22073578595318 0.775425578814793
6.25418060200669 0.780363897260623
6.2876254180602 0.785223701356269
6.32107023411371 0.790004910908615
6.35451505016722 0.794707511458138
6.38795986622074 0.799331552172528
6.42140468227425 0.8038771436902
6.45484949832776 0.808344455922122
6.48829431438127 0.812733715820151
6.52173913043478 0.817045205119753
6.55518394648829 0.821279258064655
6.58862876254181 0.825436259120649
6.62207357859532 0.829516640685425
6.65551839464883 0.833520880800914
6.68896321070234 0.837449500874298
6.72240802675585 0.841303063413415
6.75585284280936 0.845082169781971
6.78929765886288 0.848787457979521
6.82274247491639 0.852419600450872
6.8561872909699 0.855979301929123
6.88963210702341 0.859467297316256
6.92307692307692 0.862884349604769
6.95652173913043 0.866231247843523
6.98996655518395 0.869508805150639
7.02341137123746 0.872717856775928
7.05685618729097 0.875859258215019
7.09030100334448 0.878933883377081
7.12374581939799 0.881942622807672
7.1571906354515 0.884886381968057
7.19063545150502 0.887766079571984
7.22408026755853 0.890582645980728
7.25752508361204 0.893337021656931
7.29096989966555 0.896030155677576
7.32441471571906 0.898663004306203
7.35785953177257 0.901236529624291
7.39130434782609 0.903751698221577
7.4247491638796 0.906209479944869
7.45819397993311 0.90861084670481
7.49163879598662 0.910956771339885
7.52508361204013 0.913248226536852
7.55852842809364 0.915486183806652
7.59197324414716 0.917671612514777
7.62541806020067 0.919805478964966
7.65886287625418 0.921888745535021
7.69230769230769 0.923922369863503
7.7257525083612 0.925907304085946
7.75919732441471 0.927844494119245
7.79264214046823 0.929734878992803
7.82608695652174 0.931579390224971
7.85953177257525 0.93337895124334
7.89297658862876 0.93513447684738
7.92642140468227 0.936846872711945
7.95986622073579 0.938517034930124
7.9933110367893 0.940145849593958
8.02675585284281 0.941734192411509
8.06020066889632 0.943282928358809
8.09364548494983 0.944792911365214
8.12709030100334 0.946264984030704
8.16053511705686 0.947699977373707
8.19397993311037 0.949098710608032
8.22742474916388 0.950461990947528
8.26086956521739 0.951790613437127
8.2943143812709 0.953085360808934
8.32775919732441 0.954347003362085
8.36120401337793 0.955576298865122
8.39464882943144 0.956773992479647
8.42809364548495 0.957940816704087
8.46153846153846 0.959077491336421
8.49498327759197 0.96018472345474
8.52842809364548 0.961263207414599
8.561872909699 0.96231362486209
8.59531772575251 0.963336644761665
8.62876254180602 0.964332923437731
8.66220735785953 0.965303104629111
8.69565217391304 0.96624781955546
8.72909698996656 0.967167686994816
8.76254180602007 0.968063313371441
8.79598662207358 0.968935292853201
8.82943143812709 0.969784207457723
8.8628762541806 0.970610627166621
8.89632107023411 0.971415110047127
8.92976588628762 0.972198202380457
8.96321070234114 0.972960438796334
8.99665551839465 0.973702342413044
9.03010033444816 0.974424424982509
9.06354515050167 0.975127187039829
9.09698996655518 0.975811118056806
9.1304347826087 0.976476696598977
9.16387959866221 0.977124390485716
9.19732441471572 0.97775465695298
9.23076923076923 0.978367942818313
9.26421404682274 0.978964684647727
9.29765886287625 0.979545308924119
9.33110367892977 0.980110232216889
9.36454849498328 0.980659861352454
9.39799331103679 0.981194593585379
9.4314381270903 0.981714816769837
9.46488294314381 0.982220909531164
9.49832775919732 0.982713241437267
9.53177257525084 0.983192173169668
9.56521739130435 0.983658056693981
9.59866220735786 0.984111235429639
9.63210702341137 0.984552044418692
9.66555183946488 0.984980810493519
9.69899665551839 0.985397852443302
9.73244147157191 0.985803481179139
9.76588628762542 0.986197999897655
9.79933110367893 0.986581704243012
9.83277591973244 0.98695488246721
9.86622073578595 0.987317815588578
9.89966555183946 0.987670777548392
9.93311036789298 0.988014035365517
9.96655518394649 0.988347849289032
10 0.988672472948758
