0 0.00432212932593568
0.0334448160535117 0.00445300916207957
0.0668896321070234 0.00458783395258217
0.100334448160535 0.00472672148315959
0.133779264214047 0.00486979298733408
0.167224080267559 0.00501717324311195
0.20066889632107 0.00516899067210866
0.234113712374582 0.0053253774411663
0.267558528428094 0.00548646956650815
0.301003344481605 0.00565240702047473
0.334448160535117 0.00582333384088516
0.367892976588629 0.00599939824306697
0.40133779264214 0.00618075273459662
0.434782608695652 0.00636755423279223
0.468227424749164 0.00655996418499877
0.501672240802676 0.0067581486917047
0.535117056856187 0.00696227863252772
0.568561872909699 0.00717252979510563
0.602006688963211 0.00738908300692638
0.635451505016722 0.00761212427012952
0.668896321070234 0.00784184489930896
0.702341137123746 0.00807844166234434
0.735785953177257 0.00832211692428562
0.769230769230769 0.00857307879431277
0.802675585284281 0.00883154127578841
0.836120401337793 0.00909772441941847
0.869565217391304 0.00937185447953135
0.903010033444816 0.0096541640734822
0.936454849498328 0.00994489234418378
0.969899665551839 0.010244285125761
1.00334448160535 0.0105525951123202
1.03678929765886 0.0108700820298181
1.07023411371237 0.0111970128110108
1.10367892976589 0.0115336617734528
1.1371237458194 0.0118803108005132
1.17056856187291 0.0122372495253645
1.20401337792642 0.0126047755178926
1.23745819397993 0.0129831944744685
1.27090301003344 0.0133728204105105
1.30434782608696 0.0137739758557563
1.33779264214047 0.0141869920521543
1.37123745819398 0.0146122091542704
1.40468227424749 0.0150499764320944
1.438127090301 0.0155006524761171
1.47157190635451 0.0159646054045356
1.50501672240803 0.0164422130724278
1.53846153846154 0.0169338632827231
1.57190635451505 0.0174399539987784
1.60535117056856 0.0179608935583507
1.63879598662207 0.0184971008887404
1.67224080267559 0.0190490057228565
1.7056856187291 0.0196170488159385
1.73913043478261 0.0202016821626424
1.77257525083612 0.0208033692141812
1.80602006688963 0.0214225850951803
1.83946488294314 0.0220598168198857
1.87290969899666 0.0227155635073373
1.90635451505017 0.0233903365950867
1.93979933110368 0.0240846600510162
1.97324414715719 0.0247990705827778
2.0066889632107 0.0255341178443456
2.04013377926421 0.0262903646391365
2.07357859531773 0.0270683871191215
2.10702341137124 0.0278687749793135
2.14046822742475 0.0286921316469794
2.17391304347826 0.0295390744648846
2.20735785953177 0.0304102348678389
2.24080267558528 0.0313062585517688
2.2742474916388 0.0322278056344993
2.30769230769231 0.0331755508073835
2.34113712374582 0.0341501834768703
2.37458193979933 0.0351524078950558
2.40802675585284 0.036182943278213
2.44147157190635 0.0372425239122466
2.47491638795987 0.0383318992439656
2.50836120401338 0.0394518339570195
2.54180602006689 0.0406031080312851
2.5752508361204 0.0417865167844431
2.60869565217391 0.0430028708944249
2.64214046822742 0.0442529964013588
2.67558528428094 0.0455377346875875
2.70903010033445 0.046857942434276
2.74247491638796 0.0482144915530729
2.77591973244147 0.0496082690912344
2.80936454849498 0.0510401771085673
2.84280936454849 0.0525111325244933
2.87625418060201 0.0540220669334886
2.90969899665552 0.0555739263871002
2.94314381270903 0.0571676711406965
2.97658862876254 0.0588042753630624
3.01003344481605 0.0604847268069088
3.04347826086956 0.0622100264383308
3.07692307692308 0.0639811880232084
3.11036789297659 0.065799237668524
3.1438127090301 0.0676652133165371
3.17725752508361 0.0695801641897461
3.21070234113712 0.0715451501845513
3.24414715719064 0.0735612412115309
3.27759197324415 0.0756295164802449
3.31103678929766 0.0777510637264945
3.34448160535117 0.0799269783799866
3.37792642140468 0.0821583626703853
3.41137123745819 0.0844463246697771
3.44481605351171 0.0867919772696309
3.47826086956522 0.0891964370904033
3.51170568561873 0.0916608233220228
3.54515050167224 0.0941862564935833
3.57859531772575 0.096773857170691
3.61204013377926 0.0994247445790374
3.64548494983278 0.102140035152919
3.67892976588629 0.10492084100759
3.7123745819398 0.107768268334517
3.74581939799331 0.110683415718807
3.77926421404682 0.113667372378313
3.81270903010033 0.116721216324157
3.84615384615385 0.119846012442674
3.87959866220736 0.123042810499093
3.91304347826087 0.126312643063547
3.94648829431438 0.129656523360375
3.97993311036789 0.133075443041992
4.0133779264214 0.136570369889039
4.04682274247492 0.140142245438856
4.08026755852843 0.143791982544809
4.11371237458194 0.147520462869398
4.14715719063545 0.151328534314558
4.18060200668896 0.155217008393035
4.21404682274247 0.159186657545235
4.24749163879599 0.163238212406423
4.2809364548495 0.167372359029715
4.31438127090301 0.171589736070821
4.34782608695652 0.175890931941033
4.38127090301003 0.180276481935541
4.41471571906354 0.184746865344662
4.44816053511706 0.189302502556161
4.48160535117057 0.193943752157377
4.51505016722408 0.198670908046376
4.54849498327759 0.203484196561931
4.5819397993311 0.208383773642578
4.61538461538461 0.213369722025504
4.64882943143813 0.218442048496486
4.68227424749164 0.223600681202484
4.71571906354515 0.228845467038901
4.74916387959866 0.234176169123841
4.78260869565217 0.239592464371984
4.81605351170569 0.24509394118091
4.8494983277592 0.250680097242905
4.88294314381271 0.256350337495331
4.91638795986622 0.262103972222718
4.94983277591973 0.267940215323648
4.98327759197324 0.273858182755394
5.01672240802676 0.279856891169055
5.05016722408027 0.285935256747625
5.08361204013378 0.292092094259031
5.11705685618729 0.298326116335705
5.1505016722408 0.304635932991654
5.18394648829431 0.311020051387322
5.21739130434783 0.317476875851776
5.25083612040134 0.324004708170848
5.28428093645485 0.330601748148947
5.31772575250836 0.337266094451179
5.35117056856187 0.343995745731286
5.38461538461538 0.35078860204971
5.4180602006689 0.357642466584802
5.45150501672241 0.364555047638825
5.48494983277592 0.371523960939031
5.51839464882943 0.378546732232576
5.55183946488294 0.385620800172612
5.58528428093645 0.392743519491282
5.61872909698997 0.399912164453885
5.65217391304348 0.407123932586873
5.68561872909699 0.414375948670813
5.7190635451505 0.421665268987951
5.75250836120401 0.428988885812481
5.78595317725753 0.436343732130219
5.81939799331104 0.443726686572981
5.85284280936455 0.451134578551642
5.88628762541806 0.458564193570637
5.91973244147157 0.466012278705512
5.95317725752508 0.473475548224135
5.9866220735786 0.480950689331205
6.02006688963211 0.488434368014965
6.05351170568562 0.495923234974328
6.08695652173913 0.503413931604099
6.12040133779264 0.510903096015645
6.15384615384615 0.518387369070063
6.18729096989967 0.525863400400871
6.22073578595318 0.533327854403299
6.25418060200669 0.540777416167454
6.2876254180602 0.54820879733304
6.32107023411371 0.555618741843772
6.35451505016722 0.563004031580328
6.38795986622074 0.570361491851413
6.42140468227425 0.577687996723446
6.45484949832776 0.584980474170385
6.48829431438127 0.592235911026352
6.52173913043478 0.599451357724919
6.55518394648829 0.606623932810237
6.58862876254181 0.613750827206573
6.62207357859532 0.620829308234248
6.65551839464883 0.627856723361457
6.68896321070234 0.634830503682983
6.72240802675585 0.641748167118335
6.75585284280936 0.648607321323412
6.78929765886288 0.655405666311323
6.82274247491639 0.662140996779529
6.8561872909699 0.668811204141977
6.88963210702341 0.675414278266343
6.92307692307692 0.681948308917933
6.95652173913043 0.688411486913146
6.98996655518395 0.694802104986675
7.02341137123746 0.701118558377875
7.05685618729097 0.707359345142827
7.09030100334448 0.713523066199723
7.12374581939799 0.719608425116124
7.1571906354515 0.725614227647557
7.19063545150502 0.731539381037665
7.22408026755853 0.73738289309084
7.25752508361204 0.743143871028831
7.29096989966555 0.748821520143338
7.32441471571906 0.754415142257004
7.35785953177257 0.759924134005506
7.39130434782609 0.765347984953701
7.4247491638796 0.770686275558898
7.45819397993311 0.77593867499439
7.49163879598662 0.781104938846356
7.52508361204013 0.786184906697174
7.55852842809364 0.791178499607969
7.59197324414716 0.796085717513081
7.62541806020067 0.800906636538768
7.65886287625418 0.805641406258219
7.69230769230769 0.810290246894499
7.7257525083612 0.814853446482694
7.75919732441471 0.819331358002035
7.79264214046823 0.823724396488323
7.82608695652174 0.828033036136466
7.85953177257525 0.832257807402429
7.89297658862876 0.836399294113338
7.92642140468227 0.840458130593963
7.95986622073579 0.844434998817236
7.9933110367893 0.848330625585911
8.02675585284281 0.852145779751919
8.06020066889632 0.85588126947944
8.09364548494983 0.85953793955714
8.12709030100334 0.863116668764546
8.16053511705686 0.866618367296964
8.19397993311037 0.870043974252891
8.22742474916388 0.873394455187349
8.26086956521739 0.876670799734139
8.2943143812709 0.879874019299552
8.32775919732441 0.88300514482965
8.36120401337793 0.886065224652825
8.39464882943144 0.889055322398988
8.42809364548495 0.891976514996341
8.46153846153846 0.89482989074638
8.49498327759197 0.897616547477463
8.52842809364548 0.900337590776965
8.561872909699 0.902994132301792
8.59531772575251 0.905587288166778
8.62876254180602 0.908118177410247
8.66220735785953 0.910587920535837
8.69565217391304 0.912997638129478
8.72909698996656 0.91534844955027
8.76254180602007 0.917641471693831
8.79598662207358 0.919877817826587
8.82943143812709 0.922058596489327
8.8628762541806 0.92418491046828
8.89632107023411 0.926257855831856
8.92976588628762 0.928278521031152
8.96321070234114 0.930247986062246
8.99665551839465 0.93216732168826
9.03010033444816 0.934037588719163
9.06354515050167 0.935859837347216
9.09698996655518 0.937635106535996
9.1304347826087 0.939364423460906
9.16387959866221 0.941048802999074
9.19732441471572 0.942689247266584
9.23076923076923 0.944286745200972
9.26421404682274 0.945842272186949
9.29765886287625 0.947356789723366
9.33110367892977 0.94883124512942
9.36454849498328 0.950266571288201
9.39799331103679 0.951663686425658
9.4314381270903 0.953023493923156
9.46488294314381 0.954346882161812
9.49832775919732 0.955634724396864
9.53177257525084 0.95688787866037
9.56521739130435 0.958107187690581
9.59866220735786 0.959293478886409
9.63210702341137 0.960447564285431
9.66555183946488 0.961570240563955
9.69899665551839 0.962662289057706
9.73244147157191 0.963724475801767
9.76588628762542 0.964757551588437
9.79933110367893 0.965762252041759
9.83277591973244 0.966739297707475
9.86622073578595 0.967689394157279
9.89966555183946 0.968613232106226
9.93311036789298 0.969511487542265
9.96655518394649 0.970384821866872
10 0.971233882045821
