0 0.0470929193967184
0.0334448160535117 0.0479645931252924
0.0668896321070234 0.0488515740921048
0.100334448160535 0.0497541002725908
0.133779264214047 0.0506724121918179
0.167224080267559 0.0516067529067892
0.20066889632107 0.052557367986508
0.234113712374582 0.05352450548972
0.267558528428094 0.0545084159402529
0.301003344481605 0.0555093522998673
0.334448160535117 0.0565275699385354
0.367892976588629 0.05756332660206
0.40133779264214 0.0586168823769465
0.434782608695652 0.0596884996524393
0.468227424749164 0.0607784430796326
0.501672240802676 0.061886979527565
0.535117056856187 0.0630143780362061
0.568561872909699 0.0641609097662427
0.602006688963211 0.0653268479455719
0.635451505016722 0.0665124678124075
0.668896321070234 0.0677180465549045
0.702341137123746 0.0689438632472092
0.735785953177257 0.0701901987818386
0.769230769230769 0.0714573357982958
0.802675585284281 0.0727455586078256
0.836120401337793 0.0740551531142179
0.869565217391304 0.0753864067305625
0.903010033444816 0.0767396082918656
0.936454849498328 0.0781150479634318
0.969899665551839 0.0795130171449237
1.00334448160535 0.0809338083700068
1.03678929765886 0.082377715201492
1.07023411371237 0.0838450321218887
1.10367892976589 0.085336054419283
1.1371237458194 0.0868510780684584
1.17056856187291 0.0883903996071793
1.20401337792642 0.0899543160075583
1.23745819397993 0.0915431245424331
1.27090301003344 0.0931571226466825
1.30434782608696 0.0947966077734121
1.33779264214047 0.096461877244947
1.37123745819398 0.0981532280985717
1.40468227424749 0.0998709569269614
1.438127090301 0.101615359713256
1.47157190635451 0.103386731660728
1.50501672240803 0.105185367017017
1.53846153846154 0.107011558892873
1.57190635451505 0.108865599075417
1.60535117056856 0.110747777835861
1.63879598662207 0.112658383731709
1.67224080267559 0.114597703403406
1.7056856187291 0.116566021365457
1.73913043478261 0.118563619792016
1.77257525083612 0.120590778296973
1.80602006688963 0.122647773708562
1.83946488294314 0.124761565665311
1.87290969899666 0.127018525317083
1.90635451505017 0.129310281615428
1.93979933110368 0.131637152272293
1.97324414715719 0.134422949128894
2.0066889632107 0.138106083614941
2.04013377926421 0.141873593657171
2.07357859531773 0.145726503482553
2.10702341137124 0.14966579875018
2.14046822742475 0.153692423320313
2.17391304347826 0.157807275949834
2.20735785953177 0.162011206920437
2.24080267558528 0.166305014606618
2.2742474916388 0.17068944199126
2.30769230769231 0.175165173137432
2.34113712374582 0.17973282962572
2.37458193979933 0.184392966967275
2.40802675585284 0.189146071003469
2.44147157190635 0.193992554303893
2.47491638795987 0.198932752575123
2.50836120401338 0.203966921093499
2.54180602006689 0.209095231175794
2.5752508361204 0.214317766702411
2.60869565217391 0.219634520708307
2.64214046822742 0.225045392057497
2.67558528428094 0.230550182217466
2.70903010033445 0.236148592150305
2.74247491638796 0.24184021933776
2.77591973244147 0.247624554957684
2.80936454849498 0.25350098122958
2.84280936454849 0.259468768947036
2.87625418060201 0.265527075214843
2.90969899665552 0.271674941408464
2.94314381270903 0.277911291373272
2.97658862876254 0.284234929880627
3.01003344481605 0.290644541357323
3.04347826086956 0.297138688904316
3.07692307692308 0.303715813619866
3.11036789297659 0.310374234241274
3.1438127090301 0.31711214711837
3.17725752508361 0.323927626530677
3.21070234113712 0.330818625358851
3.24414715719064 0.337782976119512
3.27759197324415 0.344818392371009
3.31103678929766 0.351922470495908
3.34448160535117 0.359092691864216
3.37792642140468 0.366326425379395
3.41137123745819 0.373620930407226
3.44481605351171 0.380973360085524
3.47826086956522 0.388380765010553
3.51170568561873 0.395840097293832
3.54515050167224 0.403348214980824
3.57859531772575 0.410901886820831
3.61204013377926 0.41849779737522
3.64548494983278 0.426132552448976
3.67892976588629 0.433802684828506
3.7123745819398 0.441504660306607
3.74581939799331 0.449234883973619
3.77926421404682 0.456989706751957
3.81270903010033 0.464765432149619
3.84615384615385 0.472558323206694
3.87959866220736 0.480364609607619
3.91304347826087 0.488180494930713
3.94648829431438 0.496002164005602
3.97993311036789 0.503825790348349
4.0133779264214 0.511647543643577
4.04682274247492 0.519463597242514
4.08026755852843 0.5272701356458
4.11371237458194 0.535063361939982
4.14715719063545 0.542839505156976
4.18060200668896 0.550594827526295
4.21404682274247 0.558325631590629
4.24749163879599 0.566028267156302
4.2809364548495 0.573699138051304
4.31438127090301 0.581334708664911
4.34782608695652 0.588931510244438
4.38127090301003 0.596486146926297
4.41471571906354 0.603995301480323
4.44816053511706 0.611455740748262
4.48160535117057 0.618864320759268
4.51505016722408 0.626217991507385
4.54849498327759 0.633513801378091
4.5819397993311 0.640748901213153
4.61538461538461 0.647920548005266
4.64882943143813 0.655026108216105
4.68227424749164 0.662063060713595
4.71571906354515 0.66902899932635
4.74916387959866 0.675921635015297
4.78260869565217 0.682738797664509
4.81605351170569 0.689478437495189
4.8494983277592 0.696138626108591
4.88294314381271 0.702717557165353
4.91638795986622 0.709213546710352
4.94983277591973 0.715625033153612
4.98327759197324 0.721950576919217
5.01672240802676 0.728188859775296
5.05016722408027 0.734338683859293
5.08361204013378 0.740398970413606
5.11705685618729 0.746368758247497
5.1505016722408 0.752247201941804
5.18394648829431 0.758033569813486
5.21739130434783 0.763727241657453
5.25083612040134 0.769327706283301
5.28428093645485 0.774834558864779
5.31772575250836 0.780247498119768
5.35117056856187 0.785566323338469
5.38461538461538 0.7907909312773
5.4180602006689 0.795921312935693
5.45150501672241 0.800957550232611
5.48494983277592 0.805899812599149
5.51839464882943 0.810748353503042
5.55183946488294 0.815503506920344
5.58528428093645 0.820165683768871
5.61872909698997 0.824735368317366
5.65217391304348 0.829213114583586
5.68561872909699 0.83390920420275
5.7190635451505 0.841893005722689
5.75250836120401 0.849562267503827
5.78595317725753 0.856922740284003
5.81939799331104 0.863980744959258
5.85284280936455 0.870743095751674
5.88628762541806 0.877217026764343
5.91973244147157 0.88341012232375
5.95317725752508 0.889330251409169
5.9866220735786 0.894985506376747
6.02006688963211 0.900384146103225
6.05351170568562 0.905534543601204
6.08695652173913 0.910445138094311
6.12040133779264 0.915124391486493
6.15384615384615 0.919580749114356
6.18729096989967 0.923822604634609
6.22073578595318 0.927858268869469
6.25418060200669 0.931695942410646
6.2876254180602 0.935343691766605
6.32107023411371 0.938809428827315
6.35451505016722 0.942100893415003
6.38795986622074 0.945225638687834
6.42140468227425 0.9481910191652
6.45484949832776 0.951004181147938
6.48829431438127 0.953672055313662
6.52173913043478 0.956201351276009
6.55518394648829 0.958598553906611
6.58862876254181 0.96086992122948
6.62207357859532 0.963021483709086
6.65551839464883 0.965059044765263
6.68896321070234 0.966988182360102
6.72240802675585 0.968814251513915
6.75585284280936 0.970542387619037
6.78929765886288 0.972177510431588
6.82274247491639 0.973724328632184
6.8561872909699 0.975187344856979
6.88963210702341 0.976570861110205
6.92307692307692 0.977878984478611
6.95652173913043 0.979115633076774
6.98996655518395 0.980284542160267
7.02341137123746 0.981389270351027
7.05685618729097 0.982433205926062
7.09030100334448 0.983419573126843
7.12374581939799 0.98435143845238
7.1571906354515 0.985231716904144
7.19063545150502 0.986063178155619
7.22408026755853 0.986848452623471
7.25752508361204 0.987590037421077
7.29096989966555 0.988290302178507
7.32441471571906 0.988951494716061
7.35785953177257 0.989575746561097
7.39130434782609 0.990165078300236
7.4247491638796 0.990721404761106
7.45819397993311 0.991246540019557
7.49163879598662 0.991742202229901
7.52508361204013 0.99221001827703
7.55852842809364 0.992651528250514
7.59197324414716 0.993068189741702
7.62541806020067 0.99346138196578
7.65886287625418 0.993832409711398
7.69230769230769 0.994182507121109
7.7257525083612 0.994512841306339
7.75919732441471 0.994824515801012
7.79264214046823 0.99511857385826
7.82608695652174 0.995396001594902
7.85953177257525 0.995657730988541
7.89297658862876 0.995904642732255
7.92642140468227 0.996137568951954
7.95986622073579 0.996357295791469
7.9933110367893 0.99656456587048
8.02675585284281 0.996760080620342
8.06020066889632 0.9969445025028
8.09364548494983 0.99711845711654
8.12709030100334 0.997282535196396
8.16053511705686 0.997437294509943
8.19397993311037 0.997583261656094
8.22742474916388 0.997720933770153
8.26086956521739 0.997850780139702
8.2943143812709 0.997973243735493
8.32775919732441 0.998088742661418
8.36120401337793 0.998197671527475
8.39464882943144 0.99830040274948
8.42809364548495 0.99839728777916
8.46153846153846 0.998488658268089
8.49498327759197 0.998574827168804
8.52842809364548 0.99865608977629
8.561872909699 0.998732724712876
8.59531772575251 0.998804994859467
8.62876254180602 0.998873148235885
8.66220735785953 0.998937418832982
8.69565217391304 0.998998027399052
8.72909698996656 0.999055182182944
8.76254180602007 0.999109079636189
8.79598662207358 0.999159905076307
8.82943143812709 0.999207833313377
8.8628762541806 0.999253029241844
8.89632107023411 0.999295648399431
8.92976588628762 0.999335837494941
8.96321070234114 0.999373734906634
8.99665551839465 0.99940947115278
9.03010033444816 0.999443169335909
9.06354515050167 0.999474945562194
9.09698996655518 0.99950490933734
9.1304347826087 0.99953316394026
9.16387959866221 0.999559806775768
9.19732441471572 0.999584929707452
9.23076923076923 0.999608619371815
9.26421404682274 0.999630957474732
9.29765886287625 0.999652021071197
9.33110367892977 0.999671882829298
9.36454849498328 0.99969061127929
9.39799331103679 0.999708271048605
9.4314381270903 0.99972492308358
9.46488294314381 0.999740624858651
9.49832775919732 0.999755430573704
9.53177257525084 0.99976939134027
9.56521739130435 0.999782555357156
9.59866220735786 0.99979496807614
9.63210702341137 0.999806672358268
9.66555183946488 0.999817708621289
9.69899665551839 0.999828114978721
9.73244147157191 0.999837927371033
9.76588628762542 0.999847179689375
9.79933110367893 0.999855903892279
9.83277591973244 0.999864130115739
9.86622073578595 0.999871886777024
9.89966555183946 0.999879200672603
9.93311036789298 0.999886097070491
9.96655518394649 0.999892599797352
10 0.999898731320645
