0 0.0418779269035709
0.0334448160535117 0.0429937873428402
0.0668896321070234 0.0441382223867205
0.100334448160535 0.0453118960632938
0.133779264214047 0.0465154840279214
0.167224080267559 0.047749673548333
0.20066889632107 0.0490151634742954
0.234113712374582 0.0503126641909062
0.267558528428094 0.0516428975545261
0.301003344481605 0.0530065968103314
0.334448160535117 0.0544045064904357
0.367892976588629 0.0558373822914956
0.40133779264214 0.0573059909306896
0.434782608695652 0.0588111099789232
0.468227424749164 0.0603535276700887
0.501672240802676 0.0619340426851781
0.535117056856187 0.0635534639100227
0.568561872909699 0.0652126101654072
0.602006688963211 0.0669123099082853
0.635451505016722 0.0686534009028031
0.668896321070234 0.0704367298598196
0.702341137123746 0.0722631520435996
0.735785953177257 0.0741335308443431
0.769230769230769 0.0760487373152082
0.802675585284281 0.0780096496724819
0.836120401337793 0.0800171527575543
0.869565217391304 0.0820721374593584
0.903010033444816 0.0841755000959486
0.936454849498328 0.0863281417539099
0.969899665551839 0.0885309675843121
1.00334448160535 0.0907848860539558
1.03678929765886 0.0930908081506911
1.07023411371237 0.0954496465416407
1.10367892976589 0.0978623146832078
1.1371237458194 0.100329725881814
1.17056856187291 0.102852792304382
1.20401337792642 0.105432423937667
1.23745819397993 0.108069527495616
1.27090301003344 0.110765005274058
1.30434782608696 0.113519753952113
1.33779264214047 0.116334663339877
1.37123745819398 0.119210615072015
1.40468227424749 0.122148481247114
1.438127090301 0.125149123012742
1.47157190635451 0.128213389096391
1.50501672240803 0.131342114282634
1.53846153846154 0.134536117837042
1.57190635451505 0.137796201877622
1.60535117056856 0.141123149694761
1.63879598662207 0.144517724020911
1.67224080267559 0.147980665251505
1.7056856187291 0.151512689618839
1.73913043478261 0.155114487320992
1.77257525083612 0.15878672060808
1.80602006688963 0.162530021828503
1.83946488294314 0.166344991438125
1.87290969899666 0.170232195975672
1.90635451505017 0.174192166007954
1.93979933110368 0.178225394048868
1.97324414715719 0.182332332456483
2.0066889632107 0.186513391312862
2.04013377926421 0.190768936291623
2.07357859531773 0.195099286518616
2.10702341137124 0.199504712431422
2.14046822742475 0.203985433643741
2.17391304347826 0.208541616821099
2.20735785953177 0.213173373574594
2.24080267558528 0.217880758379777
2.2742474916388 0.222663766528027
2.30769230769231 0.227522332118104
2.34113712374582 0.232456326095813
2.37458193979933 0.237465554349961
2.40802675585284 0.242549755873023
2.44147157190635 0.247708600995094
2.47491638795987 0.252941689699884
2.50836120401338 0.258248550031609
2.54180602006689 0.263628636601713
2.5752508361204 0.269081329204396
2.60869565217391 0.27460593154988
2.64214046822742 0.280201670124319
2.67558528428094 0.285867693185093
2.70903010033445 0.2916030699001
2.74247491638796 0.297406789639379
2.77591973244147 0.303277761427159
2.80936454849498 0.309214813562035
2.84280936454849 0.315216693412589
2.87625418060201 0.321282067395285
2.90969899665552 0.327409521140949
2.94314381270903 0.333597559855536
2.97658862876254 0.339844608880249
3.01003344481605 0.346149014455341
3.04347826086956 0.352509044691203
3.07692307692308 0.358922890749487
3.11036789297659 0.365388668236163
3.1438127090301 0.371904418807522
3.17725752508361 0.378468111989143
3.21070234113712 0.385077647206925
3.24414715719064 0.39173085602821
3.27759197324415 0.398425504610061
3.31103678929766 0.405159296350679
3.34448160535117 0.411929874738908
3.37792642140468 0.418734826395745
3.41137123745819 0.425571684300725
3.44481605351171 0.432437931195048
3.47826086956522 0.439331003152324
3.51170568561873 0.446248293306853
3.54515050167224 0.453187155728466
3.57859531772575 0.460144909432073
3.61204013377926 0.467118842509282
3.64548494983278 0.474106216368711
3.67892976588629 0.481104270070955
3.7123745819398 0.488110224743601
3.74581939799331 0.495121288061155
3.77926421404682 0.502134658774382
3.81270903010033 0.509147531273202
3.84615384615385 0.516157100167094
3.87959866220736 0.523160564866836
3.91304347826087 0.530155134151359
3.94648829431438 0.53713803070363
3.97993311036789 0.544106495599592
4.0133779264214 0.551057792734519
4.04682274247492 0.557989213171471
4.08026755852843 0.564898079397042
4.11371237458194 0.571781749470101
4.14715719063545 0.578637621049891
4.18060200668896 0.585463135290548
4.21404682274247 0.592255780589872
4.24749163879599 0.59901309618105
4.2809364548495 0.605732675556912
4.31438127090301 0.612412169717243
4.34782608695652 0.61904929023068
4.38127090301003 0.625641812103721
4.41471571906354 0.632187576450432
4.44816053511706 0.638684492957472
4.48160535117057 0.645130542140141
4.51505016722408 0.651523777386193
4.54849498327759 0.657862326785224
4.5819397993311 0.664144394742467
4.61538461538461 0.670368263376838
4.64882943143813 0.676532293704051
4.68227424749164 0.682634926606565
4.71571906354515 0.688674683593021
4.74916387959866 0.694650167350679
4.78260869565217 0.700560062095155
4.81605351170569 0.706403133722524
4.8494983277592 0.712178229769509
4.88294314381271 0.717884279188135
4.91638795986622 0.723520291941758
4.94983277591973 0.729085358429913
4.98327759197324 0.734578648749818
5.01672240802676 0.739999411802807
5.05016722408027 0.7453469742542
5.08361204013378 0.750620739355438
5.11705685618729 0.755820185637452
5.1505016722408 0.760944865484393
5.18394648829431 0.765994403596918
5.21739130434783 0.770968495354236
5.25083612040134 0.775866905084137
5.28428093645485 0.780689464250088
5.31772575250836 0.785436069564426
5.35117056856187 0.790106681036478
5.38461538461538 0.794701319964276
5.4180602006689 0.799220066878284
5.45150501672241 0.803663059445314
5.48494983277592 0.808030490340529
5.51839464882943 0.812322605095121
5.55183946488294 0.816539699926926
5.58528428093645 0.820682119560915
5.61872909698997 0.824750255046145
5.65217391304348 0.828744541575377
5.68561872909699 0.832665456313237
5.7190635451505 0.836513516238389
5.75250836120401 0.840289276004839
5.78595317725753 0.843993325827129
5.81939799331104 0.847626289393764
5.85284280936455 0.851188821812923
5.88628762541806 0.854681607594083
5.91973244147157 0.858105358668872
5.95317725752508 0.861460812454123
5.9866220735786 0.864748729959767
6.02006688963211 0.867969893943884
6.05351170568562 0.871125107116932
6.08695652173913 0.874215190396886
6.12040133779264 0.877240981216723
6.15384615384615 0.88020333188545
6.18729096989967 0.883103108003593
6.22073578595318 0.885941186933859
6.25418060200669 0.888718456327444
6.2876254180602 0.891435812706246
6.32107023411371 0.894094160101077
6.35451505016722 0.896694408745753
6.38795986622074 0.899237473826818
6.42140468227425 0.901724274288457
6.45484949832776 0.90415573169207
6.48829431438127 0.906532769129798
6.52173913043478 0.908856310191228
6.55518394648829 0.911127277982358
6.58862876254181 0.913346594195852
6.62207357859532 0.915515178231505
6.65551839464883 0.917633946365782
6.68896321070234 0.919703810969229
6.72240802675585 0.921725679770513
6.75585284280936 0.92370045516579
6.78929765886288 0.925629033572068
6.82274247491639 0.92751230482322
6.8561872909699 0.929351151607266
6.88963210702341 0.931146448943518
6.92307692307692 0.93289906369821
6.95652173913043 0.934609854137193
6.98996655518395 0.936279669514297
7.02341137123746 0.937909349693966
7.05685618729097 0.939499724806779
7.09030100334448 0.941051614936492
7.12374581939799 0.942565829837229
7.1571906354515 0.944043168679512
7.19063545150502 0.945484419823805
7.22408026755853 0.946890360620286
7.25752508361204 0.948261757233593
7.29096989966555 0.949599364491321
7.32441471571906 0.950903925755052
7.35785953177257 0.952176172812771
7.39130434782609 0.953416825791522
7.4247491638796 0.954626593089202
7.45819397993311 0.95580617132444
7.49163879598662 0.956956245303498
7.52508361204013 0.95807748800323
7.55852842809364 0.959170560569115
7.59197324414716 0.960236112327433
7.62541806020067 0.961274780810704
7.65886287625418 0.962287191795516
7.69230769230769 0.963273959351925
7.7257525083612 0.964235685903624
7.75919732441471 0.96517296229814
7.79264214046823 0.966086367886303
7.82608695652174 0.966976470610323
7.85953177257525 0.967843827099789
7.89297658862876 0.968688982774961
7.92642140468227 0.96951247195676
7.95986622073579 0.970314817982865
7.9933110367893 0.971096533329385
8.02675585284281 0.971858119737578
8.06020066889632 0.972600068345122
8.09364548494983 0.973322859821477
8.12709030100334 0.974026964506884
8.16053511705686 0.974712842554598
8.19397993311037 0.975380944075941
8.22742474916388 0.976031709287809
8.26086956521739 0.976665568662285
8.2943143812709 0.977282943078015
8.32775919732441 0.97788424397304
8.36120401337793 0.978469873498792
8.39464882943144 0.979040224674977
8.42809364548495 0.979595681545078
8.46153846153846 0.980136619332254
8.49498327759197 0.980663404595393
8.52842809364548 0.98117639538511
8.561872909699 0.981675941399506
8.59531772575251 0.982162384139491
8.62876254180602 0.982636057063505
8.66220735785953 0.983097285741491
8.69565217391304 0.983546388007954
8.72909698996656 0.983983674113988
8.76254180602007 0.98440944687815
8.79598662207358 0.984824001836045
8.82943143812709 0.985227627388553
8.8628762541806 0.985620604948565
8.89632107023411 0.986003209086178
8.92976588628762 0.986375707672245
8.96321070234114 0.986738362020221
8.99665551839465 0.987091427026243
9.03010033444816 0.987435151307381
9.06354515050167 0.98776977733802
9.09698996655518 0.988095541584316
9.1304347826087 0.988412674636705
9.16387959866221 0.988721401340414
9.19732441471572 0.989021940923962
9.23076923076923 0.989314507125619
9.26421404682274 0.989599308317804
9.29765886287625 0.989876547629415
9.33110367892977 0.990146423066073
9.36454849498328 0.990409127628273
9.39799331103679 0.990664849427446
9.4314381270903 0.990913771799924
9.46488294314381 0.991156073418806
9.49832775919732 0.991391928403744
9.53177257525084 0.991621506428646
9.56521739130435 0.991844972827304
9.59866220735786 0.992062488696967
9.63210702341137 0.992274210999865
9.66555183946488 0.992480292662702
9.69899665551839 0.992680882674138
9.73244147157191 0.992876126180273
9.76588628762542 0.993066164578157
9.79933110367893 0.993251135607344
9.83277591973244 0.993431173439517
9.86622073578595 0.993606408766196
9.89966555183946 0.99377696888457
9.93311036789298 0.993942977781464
9.96655518394649 0.994104556215468
10 0.994261821797264
