0 0.0201909223248064
0.0334448160535117 0.020718069598949
0.0668896321070234 0.0212586810951208
0.100334448160535 0.0218130849383402
0.133779264214047 0.0223816164174242
0.167224080267559 0.0229646180968525
0.20066889632107 0.023562439927842
0.234113712374582 0.0241754393584433
0.267558528428094 0.0248039814424634
0.301003344481605 0.0254484389470034
0.334448160535117 0.0261091924583919
0.367892976588629 0.0267866304862782
0.40133779264214 0.0274811495656409
0.434782608695652 0.028193154356451
0.468227424749164 0.0289230577407155
0.501672240802676 0.0296712809166154
0.535117056856187 0.0304382534894339
0.568561872909699 0.0312244135589591
0.602006688963211 0.0320302078030269
0.635451505016722 0.0328560915568568
0.668896321070234 0.0337025288878136
0.702341137123746 0.0345699926652155
0.735785953177257 0.0354589646247871
0.769230769230769 0.0363699354273434
0.802675585284281 0.0373034047112683
0.836120401337793 0.0382598811383369
0.869565217391304 0.0392398824324093
0.903010033444816 0.0402439354105074
0.936454849498328 0.0412725760057657
0.969899665551839 0.0423263492817281
1.00334448160535 0.0434058094374446
1.03678929765886 0.0445115198028007
1.07023411371237 0.0456440528234939
1.10367892976589 0.0468039900350535
1.1371237458194 0.047991922025277
1.17056856187291 0.0492084483844415
1.20401337792642 0.0504541776426274
1.23745819397993 0.0517297271934725
1.27090301003344 0.0530357232036585
1.30434782608696 0.054372800507412
1.33779264214047 0.0557416024852885
1.37123745819398 0.0571427809264863
1.40468227424749 0.0585769958739275
1.438127090301 0.0600449154513256
1.47157190635451 0.0615472156714459
1.50501672240803 0.0630845802247545
1.53846153846154 0.0646577002476403
1.57190635451505 0.0662672740693842
1.60535117056856 0.0679140069370458
1.63879598662207 0.0695986107174282
1.67224080267559 0.0713218035752819
1.7056856187291 0.073084309626907
1.73913043478261 0.0748868585683129
1.77257525083612 0.0767301852771022
1.80602006688963 0.0786150293872501
1.83946488294314 0.0805421348359629
1.87290969899666 0.0825122493818122
1.90635451505017 0.0845261240933599
1.93979933110368 0.0865845128075101
1.97324414715719 0.0886881715568494
2.0066889632107 0.0908378579652672
2.04013377926421 0.0930343306111839
2.07357859531773 0.0952783483577499
2.10702341137124 0.0975706696494298
2.14046822742475 0.0999120517744281
2.17391304347826 0.102303250092475
2.20735785953177 0.104745017227547
2.24080267558528 0.107238102225169
2.2742474916388 0.109783249674013
2.30769230769231 0.112381198791592
2.34113712374582 0.11503268247393
2.37458193979933 0.11773842630919
2.40802675585284 0.120499147555331
2.44147157190635 0.123315554081979
2.47491638795987 0.126188343276804
2.50836120401338 0.129118200916836
2.54180602006689 0.132105800005235
2.5752508361204 0.135151799574228
2.60869565217391 0.138256843455006
2.64214046822742 0.141421559015565
2.67558528428094 0.144646555867606
2.70903010033445 0.147932424543785
2.74247491638796 0.151279735146748
2.77591973244147 0.154689035971596
2.80936454849498 0.158160852103555
2.84280936454849 0.161695683992855
2.87625418060201 0.165294006008969
2.90969899665552 0.168956264976576
2.94314381270903 0.1726828786958
2.97658862876254 0.176474234449465
3.01003344481605 0.180330687500308
3.04347826086956 0.184252559581278
3.07692307692308 0.188240137382266
3.11036789297659 0.192293671036768
3.1438127090301 0.196413372612208
3.17725752508361 0.200599414607816
3.21070234113712 0.204851928464135
3.24414715719064 0.209171003088408
3.27759197324415 0.213556683400263
3.31103678929766 0.218008968902269
3.34448160535117 0.222527812280072
3.37792642140468 0.22711311803696
3.41137123745819 0.231764741167826
3.44481605351171 0.236482485877586
3.47826086956522 0.24126610434921
3.51170568561873 0.246115295566575
3.54515050167224 0.251029704197413
3.57859531772575 0.256008919541625
3.61204013377926 0.261052474550267
3.64548494983278 0.266159844920459
3.67892976588629 0.271330448271447
3.7123745819398 0.276563643406953
3.74581939799331 0.281858729668855
3.77926421404682 0.287214946387123
3.81270903010033 0.292631472430747
3.84615384615385 0.298107425864239
3.87959866220736 0.303641863714052
3.91304347826087 0.309233781849015
3.94648829431438 0.314882114978623
3.97993311036789 0.320585736772691
4.0133779264214 0.326343460105564
4.04682274247492 0.332154037427715
4.08026755852843 0.338016161267149
4.11371237458194 0.343928464862656
4.14715719063545 0.349889522930491
4.18060200668896 0.355897852565585
4.21404682274247 0.36195191427797
4.24749163879599 0.368050113164526
4.2809364548495 0.374190800215693
4.31438127090301 0.380372273756268
4.34782608695652 0.386592781018827
4.38127090301003 0.392850519847823
4.41471571906354 0.399143640531813
4.44816053511706 0.405470247760769
4.48160535117057 0.411828402704831
4.51505016722408 0.41821612521037
4.54849498327759 0.424631396108674
4.5819397993311 0.431072159632051
4.61538461538461 0.43753632593167
4.64882943143813 0.444021773690956
4.68227424749164 0.450526352827925
4.71571906354515 0.457047887279402
4.74916387959866 0.463584177859676
4.78260869565217 0.470133005185782
4.81605351170569 0.476692132661271
4.8494983277592 0.483259309510044
4.88294314381271 0.489832273851572
4.91638795986622 0.496408755808615
4.94983277591973 0.502986480638398
4.98327759197324 0.509563171878084
5.01672240802676 0.5161365544953
5.05016722408027 0.522704358034453
5.08361204013378 0.529264319749612
5.11705685618729 0.535814187714761
5.1505016722408 0.542351723902382
5.18394648829431 0.548874707221455
5.21739130434783 0.555380936506193
5.25083612040134 0.561868233447044
5.28428093645485 0.5683344454558
5.31772575250836 0.574777448456982
5.35117056856187 0.581195149597998
5.38461538461538 0.587585489871002
5.4180602006689 0.593946446639784
5.45150501672241 0.600276036065473
5.48494983277592 0.606572315425327
5.51839464882943 0.612833385319346
5.55183946488294 0.619057391760001
5.58528428093645 0.625242528140864
5.61872909698997 0.631387037080478
5.65217391304348 0.637489212138342
5.68561872909699 0.643547399400447
5.7190635451505 0.649559998932328
5.75250836120401 0.65552546609815
5.78595317725753 0.661442312744897
5.81939799331104 0.667309108251227
5.85284280936455 0.673124480441104
5.88628762541806 0.67888711636281
5.91973244147157 0.684595762934394
5.95317725752508 0.690249227457137
5.9866220735786 0.695846377998979
6.02006688963211 0.701386143650328
6.05351170568562 0.706867514655048
6.08695652173913 0.712289542419753
6.12040133779264 0.717651339404936
6.15384615384615 0.722952078901692
6.18729096989967 0.728190994698155
6.22073578595318 0.733367380639945
6.25418060200669 0.738480590089191
6.2876254180602 0.743530035286857
6.32107023411371 0.748515186623287
6.35451505016722 0.753435571821982
6.38795986622074 0.758290775041755
6.42140468227425 0.763080435902475
6.45484949832776 0.767804248439667
6.48829431438127 0.772461959993239
6.52173913043478 0.777053370035647
6.55518394648829 0.781578328944746
6.58862876254181 0.782613051091145
6.62207357859532 0.782200209591744
6.65551839464883 0.781786802669912
6.68896321070234 0.781372830381268
6.72240802675585 0.780958292784909
6.75585284280936 0.780543189943426
6.78929765886288 0.780127521922906
6.82274247491639 0.779711288792945
6.8561872909699 0.779294490626657
6.88963210702341 0.778877127500682
6.92307692307692 0.778459199495192
6.95652173913043 0.778040706693905
6.98996655518395 0.77762164918409
7.02341137123746 0.777202027056578
7.05685618729097 0.776781840405768
7.09030100334448 0.776361089329639
7.12374581939799 0.775939773929755
7.1571906354515 0.775517894311277
7.19063545150502 0.77509545058297
7.22408026755853 0.774672442857211
7.25752508361204 0.77424887125
7.29096989966555 0.773824735880963
7.32441471571906 0.773400036873368
7.35785953177257 0.772974774354129
7.39130434782609 0.772548948453813
7.4247491638796 0.772122559306654
7.45819397993311 0.771695607050553
7.49163879598662 0.771268091827097
7.52508361204013 0.770840013781556
7.55852842809364 0.770411373062901
7.59197324414716 0.769982169823805
7.62541806020067 0.769552404220656
7.65886287625418 0.769122076413563
7.69230769230769 0.768691186566364
7.7257525083612 0.768259734846635
7.75919732441471 0.767827721425697
7.79264214046823 0.767395146478626
7.82608695652174 0.766962010184259
7.85953177257525 0.766528312725202
7.89297658862876 0.766094054287841
7.92642140468227 0.765659235062344
7.95986622073579 0.765223855242675
7.9933110367893 0.764787915026599
8.02675585284281 0.764351414615689
8.06020066889632 0.763914354215336
8.09364548494983 0.763476734034755
8.12709030100334 0.763038554286993
8.16053511705686 0.762599815188937
8.19397993311037 0.762160516961321
8.22742474916388 0.761720659828737
8.26086956521739 0.761280244019634
8.2943143812709 0.760839269766337
8.32775919732441 0.760397737305045
8.36120401337793 0.759955646875844
8.39464882943144 0.75951299872271
8.42809364548495 0.759069793093521
8.46153846153846 0.758626030240062
8.49498327759197 0.758181710418031
8.52842809364548 0.757736833887048
8.561872909699 0.757291400910663
8.59531772575251 0.756845411756361
8.62876254180602 0.756398866695569
8.66220735785953 0.755951766003666
8.69565217391304 0.755504109959987
8.72909698996656 0.755055898847832
8.76254180602007 0.754607132954471
8.79598662207358 0.754157812571153
8.82943143812709 0.753707937993111
8.8628762541806 0.753257509519569
8.89632107023411 0.752806527453753
8.92976588628762 0.75235499210289
8.96321070234114 0.751902903778221
8.99665551839465 0.751450262795004
9.03010033444816 0.750997069472524
9.06354515050167 0.750543324134097
9.09698996655518 0.750089027107077
9.1304347826087 0.749634178722861
9.16387959866221 0.749178779316901
9.19732441471572 0.748722829228702
9.23076923076923 0.748266328801835
9.26421404682274 0.747809278383942
9.29765886287625 0.747351678326739
9.33110367892977 0.746893528986026
9.36454849498328 0.746434830721691
9.39799331103679 0.745975583897717
9.4314381270903 0.745515788882187
9.46488294314381 0.745055446047291
9.49832775919732 0.744594555769333
9.53177257525084 0.744133118428733
9.56521739130435 0.743671134410039
9.59866220735786 0.743208604101925
9.63210702341137 0.742745527897204
9.66555183946488 0.74228190619283
9.69899665551839 0.741817739389904
9.73244147157191 0.741353027893679
9.76588628762542 0.740887772113568
9.79933110367893 0.740421972463149
9.83277591973244 0.739955629360166
9.86622073578595 0.73948874322654
9.89966555183946 0.739021314488372
9.93311036789298 0.738553343575948
9.96655518394649 0.738084830923746
10 0.737615776970438
