0 0.00497332318503419
0.0334448160535117 0.00511902610919122
0.0668896321070234 0.00526898548204064
0.100334448160535 0.00542332461202494
0.133779264214047 0.00558217030899324
0.167224080267559 0.00574565297912685
0.20066889632107 0.00591390672215863
0.234113712374582 0.00608706943092393
0.267558528428094 0.00626528289328019
0.301003344481605 0.00644869289643171
0.334448160535117 0.00663744933369507
0.367892976588629 0.00683170631374001
0.40133779264214 0.00703162227233921
0.434782608695652 0.00723736008665919
0.468227424749164 0.00744908719212347
0.501672240802676 0.00766697570187717
0.535117056856187 0.00789120252888056
0.568561872909699 0.00812194951065745
0.602006688963211 0.00835940353672185
0.635451505016722 0.00860375667870391
0.668896321070234 0.00885520632319406
0.702341137123746 0.00911395530732088
0.735785953177257 0.00938021205707547
0.769230769230769 0.00965419072839175
0.802675585284281 0.00993611135098829
0.836120401337793 0.0102261999749736
0.869565217391304 0.0105246888202123
0.903010033444816 0.0108318164284449
0.936454849498328 0.0111478278181496
0.969899665551839 0.0114729746421284
1.00334448160535 0.0118075153477939
1.03678929765886 0.012151715340129
1.07023411371237 0.0125058471472816
1.10367892976589 0.0128701905887526
1.1371237458194 0.0132450329461263
1.17056856187291 0.0136306691362847
1.20401337792642 0.0140274018870379
1.23745819397993 0.0144355419150945
1.27090301003344 0.0148554081062858
1.30434782608696 0.015287327697947
1.33779264214047 0.0157316364633475
1.37123745819398 0.0161886788980511
1.40468227424749 0.0166588084080738
1.438127090301 0.0171423874996945
1.47157190635451 0.0176397879707592
1.50501672240803 0.0181513911033053
1.53846153846154 0.0186775878573155
1.57190635451505 0.0192187790653969
1.60535117056856 0.0197753756281611
1.63879598662207 0.0203477987100639
1.67224080267559 0.0209364799354439
1.7056856187291 0.0215418615844799
1.73913043478261 0.0221643967887632
1.77257525083612 0.0228045497261623
1.80602006688963 0.0234627958146301
1.83946488294314 0.0241396219045838
1.87290969899666 0.0248355264694574
1.90635451505017 0.0255510197940037
1.93979933110368 0.0262866241598922
1.97324414715719 0.0270428740281228
2.0066889632107 0.0278203162177416
2.04013377926421 0.0286195100803175
2.07357859531773 0.0294410276696015
2.10702341137124 0.03028545390576
2.14046822742475 0.0311533867335364
2.17391304347826 0.0320454372736591
2.20735785953177 0.0329622299667767
2.24080267558528 0.0339044027091632
2.2742474916388 0.0348726069793932
2.30769230769231 0.0358675079551502
2.34113712374582 0.0368897846192848
2.37458193979933 0.0379401298541999
2.40802675585284 0.0390192505235922
2.44147157190635 0.0401278675405392
2.47491638795987 0.0412667159208692
2.50836120401338 0.0424365448207105
2.54180602006689 0.0436381175570654
2.5752508361204 0.0448722116102099
2.60869565217391 0.0461396186066684
2.64214046822742 0.04744114428147
2.67558528428094 0.0487776084183403
2.70903010033445 0.0501498447664375
2.74247491638796 0.0515587009321953
2.77591973244147 0.0530050382447861
2.80936454849498 0.0544897315936761
2.84280936454849 0.0560136692366966
2.87625418060201 0.0575777525770179
2.90969899665552 0.0591828959073665
2.94314381270903 0.0608300261197947
2.97658862876254 0.062520082379271
3.01003344481605 0.0642540157593333
3.04347826086956 0.0660327888380141
3.07692307692308 0.0678573752522271
3.11036789297659 0.0697287592087829
3.1438127090301 0.0716479349501903
3.17725752508361 0.0736159061733885
3.21070234113712 0.0756336853995591
3.24414715719064 0.0777022932931667
3.27759197324415 0.0798227579283968
3.31103678929766 0.0819961140011771
3.34448160535117 0.0842234019850023
3.37792642140468 0.086505667228823
3.41137123745819 0.0888439589953121
3.44481605351171 0.0912393294378852
3.47826086956522 0.0936928325149272
3.51170568561873 0.0962055228397673
3.54515050167224 0.0987784544650461
3.57859531772575 0.101412679600236
3.61204013377926 0.104109247261212
3.64548494983278 0.106869201850908
3.67892976588629 0.109693581670278
3.7123745819398 0.112583417358946
3.74581939799331 0.115539730265131
3.77926421404682 0.118563530744677
3.81270903010033 0.121655816389212
3.84615384615385 0.124817570183763
3.87959866220736 0.128049758594402
3.91304347826087 0.131353329586799
3.94648829431438 0.134729210576893
3.97993311036789 0.138178306315196
4.0133779264214 0.141701496706635
4.04682274247492 0.145299634568189
4.08026755852843 0.148973543326969
4.11371237458194 0.15272401466182
4.14715719063545 0.156551806091936
4.18060200668896 0.160457638516407
4.21404682274247 0.164442193709115
4.24749163879599 0.168506111773805
4.2809364548495 0.172649988564692
4.31438127090301 0.176874373078405
4.34782608695652 0.181179764823582
4.38127090301003 0.185566611174918
4.41471571906354 0.190035304718953
4.44816053511706 0.194586180599374
4.48160535117057 0.199219513870093
4.51505016722408 0.203935516864821
4.54849498327759 0.208734336592307
4.5819397993311 0.213616052166848
4.61538461538461 0.218580672284085
4.64882943143813 0.223628132752466
4.68227424749164 0.228758294091099
4.71571906354515 0.233970939205044
4.74916387959866 0.239265771149328
4.78260869565217 0.244642410993179
4.81605351170569 0.250100395796162
4.8494983277592 0.255639176707957
4.88294314381271 0.261258117203592
4.91638795986622 0.266956491465893
4.94983277591973 0.272733482926822
4.98327759197324 0.278588182979193
5.01672240802676 0.284519589870005
5.05016722408027 0.290526607786301
5.08361204013378 0.296608046144038
5.11705685618729 0.302762619089959
5.1505016722408 0.30898894522588
5.18394648829431 0.315285547564119
5.21739130434783 0.32165085372206
5.25083612040134 0.328083196363003
5.28428093645485 0.334580813889531
5.31772575250836 0.341141851394651
5.35117056856187 0.347764361874888
5.38461538461538 0.354446307708399
5.4180602006689 0.36118556239996
5.45150501672241 0.367979912593477
5.48494983277592 0.374827060351347
5.51839464882943 0.381724625698679
5.55183946488294 0.388670149429059
5.58528428093645 0.395661096167126
5.61872909698997 0.402694857681893
5.65217391304348 0.40976875644334
5.68561872909699 0.416880049413451
5.7190635451505 0.42402593206156
5.75250836120401 0.431203542592509
5.78595317725753 0.438409966374954
5.81939799331104 0.445642240555883
5.85284280936455 0.452897358846346
5.88628762541806 0.460172276462325
5.91973244147157 0.46746391520374
5.95317725752508 0.474769168653715
5.9866220735786 0.482084907479503
6.02006688963211 0.489407984815822
6.05351170568562 0.496735241710846
6.08695652173913 0.504063512614727
6.12040133779264 0.511389630890223
6.15384615384615 0.518710434324937
6.18729096989967 0.526022770624621
6.22073578595318 0.533323502867174
6.25418060200669 0.540609514897223
6.2876254180602 0.547877716641548
6.32107023411371 0.555125049326168
6.35451505016722 0.562348490576501
6.38795986622074 0.569545059382799
6.42140468227425 0.576711820913879
6.45484949832776 0.583845891163146
6.48829431438127 0.590944441411925
6.52173913043478 0.598004702496239
6.55518394648829 0.605023968864372
6.58862876254181 0.611999602413745
6.62207357859532 0.618929036096995
6.65551839464883 0.62580977728839
6.68896321070234 0.632639410903102
6.72240802675585 0.639415602263224
6.75585284280936 0.646136099705724
6.78929765886288 0.65279873692894
6.82274247491639 0.65940143507551
6.8561872909699 0.665942204550941
6.88963210702341 0.672419146578296
6.92307692307692 0.678830454490687
6.95652173913043 0.685174414764431
6.98996655518395 0.691449407796832
7.02341137123746 0.697653908433601
7.05685618729097 0.703786486251883
7.09030100334448 0.709845805605766
7.12374581939799 0.715830625441974
7.1571906354515 0.721739798894166
7.19063545150502 0.727572272664945
7.22408026755853 0.733327086205239
7.25752508361204 0.739003370701218
7.29096989966555 0.744600347879336
7.32441471571906 0.750117328640395
7.35785953177257 0.755553711533815
7.39130434782609 0.760908981083454
7.4247491638796 0.766182705976433
7.45819397993311 0.771374537126485
7.49163879598662 0.776484205623279
7.52508361204013 0.781511520579141
7.55852842809364 0.786456366884393
7.59197324414716 0.791318702882395
7.62541806020067 0.796098557975083
7.65886287625418 0.80079603016956
7.69230769230769 0.805411283575934
7.7257525083612 0.809944545866266
7.75919732441471 0.814396105704111
7.79264214046823 0.8187663101537
7.82608695652174 0.823055562077419
7.85953177257525 0.827264317529756
7.89297658862876 0.831393083155474
7.92642140468227 0.83544241359926
7.95986622073579 0.839412908933659
7.9933110367893 0.84330521211162
8.02675585284281 0.847120006449507
8.06020066889632 0.850858013145962
8.09364548494983 0.854519988841552
8.12709030100334 0.858106723223674
8.16053511705686 0.861619036680748
8.19397993311037 0.865057778009306
8.22742474916388 0.868423822177164
8.26086956521739 0.871718068145464
8.2943143812709 0.87494143675199
8.32775919732441 0.878094868657797
8.36120401337793 0.881179322358828
8.39464882943144 0.884195772263896
8.42809364548495 0.887145206840035
8.46153846153846 0.890028626826012
8.49498327759197 0.892847043514434
8.52842809364548 0.895601477102677
8.561872909699 0.898292955112618
8.59531772575251 0.900922510878915
8.62876254180602 0.903491182105386
8.66220735785953 0.906000009488855
8.69565217391304 0.908450035409662
8.72909698996656 0.910842302687879
8.76254180602007 0.91317785340414
8.79598662207358 0.915457727783858
8.82943143812709 0.917682963143528
8.8628762541806 0.919854592897664
8.89632107023411 0.92197364562491
8.92976588628762 0.92404114419171
8.96321070234114 0.926058104931949
8.99665551839465 0.928025536880856
9.03010033444816 0.929944441061481
9.06354515050167 0.93181580982198
9.09698996655518 0.933640626221963
9.1304347826087 0.935419863466126
9.16387959866221 0.937154484383374
9.19732441471572 0.93884544094968
9.23076923076923 0.940493673852894
9.26421404682274 0.942100112097745
9.29765886287625 0.943665672649312
9.33110367892977 0.94519126011323
9.36454849498328 0.946677766450958
9.39799331103679 0.948126070728437
9.4314381270903 0.949537038896529
9.46488294314381 0.950911523601625
9.49832775919732 0.952250364024895
9.53177257525084 0.953554385748643
9.56521739130435 0.954824400648327
9.59866220735786 0.95606120680878
9.63210702341137 0.957265588463286
9.66555183946488 0.958438315954147
9.69899665551839 0.95958014571345
9.73244147157191 0.960691820262804
9.76588628762542 0.961774068230816
9.79933110367893 0.962827604387175
9.83277591973244 0.96385312969221
9.86622073578595 0.964851331360875
9.89966555183946 0.965822882940113
9.93311036789298 0.966768444398646
9.96655518394649 0.967688662228233
10 0.968584169555508
