0 0.85304392732165
0.0334448160535117 0.852739673559071
0.0668896321070234 0.852434898845385
0.100334448160535 0.852129602739873
0.133779264214047 0.851823784803383
0.167224080267559 0.851517444598331
0.20066889632107 0.851210581688714
0.234113712374582 0.85090319564012
0.267558528428094 0.850595286019735
0.301003344481605 0.850286852396353
0.334448160535117 0.849977894340389
0.367892976588629 0.849668411423879
0.40133779264214 0.849358403220501
0.434782608695652 0.849047869305577
0.468227424749164 0.848736809256083
0.501672240802676 0.84842522265066
0.535117056856187 0.848113109069623
0.568561872909699 0.847800468094971
0.602006688963211 0.847487299310394
0.635451505016722 0.847173602301287
0.668896321070234 0.846859376654754
0.702341137123746 0.846544621959621
0.735785953177257 0.846229337806444
0.769230769230769 0.845913523787521
0.802675585284281 0.845597179496896
0.836120401337793 0.845280304530376
0.869565217391304 0.844962898485534
0.903010033444816 0.844644960961723
0.936454849498328 0.844326491560081
0.969899665551839 0.844007489883546
1.00334448160535 0.843687955536862
1.03678929765886 0.84336788812659
1.07023411371237 0.843047287261115
1.10367892976589 0.842726152550659
1.1371237458194 0.842404483607291
1.17056856187291 0.842082280044932
1.20401337792642 0.841759541479369
1.23745819397993 0.841436267528265
1.27090301003344 0.841112457811163
1.30434782608696 0.840788111949503
1.33779264214047 0.840463229566628
1.37123745819398 0.840137810287792
1.40468227424749 0.839811853740174
1.438127090301 0.839485359552884
1.47157190635451 0.839158327356976
1.50501672240803 0.838830756785453
1.53846153846154 0.838502647473284
1.57190635451505 0.838173999057406
1.60535117056856 0.837844811176738
1.63879598662207 0.837515083472192
1.67224080267559 0.837184815586679
1.7056856187291 0.836854007165121
1.73913043478261 0.836522657854462
1.77257525083612 0.836190767303674
1.80602006688963 0.835858335163771
1.83946488294314 0.835525361087817
1.87290969899666 0.835191844730936
1.90635451505017 0.834857785750321
1.93979933110368 0.834523183805244
1.97324414715719 0.834188038557069
2.0066889632107 0.833852349669257
2.04013377926421 0.83351611680738
2.07357859531773 0.833179339639129
2.10702341137124 0.832842017834323
2.14046822742475 0.832504151064921
2.17391304347826 0.832165739005031
2.20735785953177 0.831826781330921
2.24080267558528 0.831487277721025
2.2742474916388 0.831147227855959
2.30769230769231 0.830806631418525
2.34113712374582 0.830465488093726
2.37458193979933 0.830123797568773
2.40802675585284 0.829781559533096
2.44147157190635 0.829438773678351
2.47491638795987 0.829095439698437
2.50836120401338 0.8287515572895
2.54180602006689 0.828407126149942
2.5752508361204 0.828062145980438
2.60869565217391 0.827716616483938
2.64214046822742 0.827370537365683
2.67558528428094 0.827023908333211
2.70903010033445 0.826676729096371
2.74247491638796 0.826328999367328
2.77591973244147 0.825980718860578
2.80936454849498 0.825631887292954
2.84280936454849 0.825282504383639
2.87625418060201 0.824932569854176
2.90969899665552 0.824582083428473
2.94314381270903 0.824231044832821
2.97658862876254 0.823879453795899
3.01003344481605 0.823527310048783
3.04347826086956 0.82317461332496
3.07692307692308 0.822821363360337
3.11036789297659 0.822467559893247
3.1438127090301 0.822113202664467
3.17725752508361 0.821758291417219
3.21070234113712 0.821402825897186
3.24414715719064 0.821046805852521
3.27759197324415 0.820690231033857
3.31103678929766 0.820333101194314
3.34448160535117 0.819975416089516
3.37792642140468 0.819617175477592
3.41137123745819 0.819258379119195
3.44481605351171 0.818899026777505
3.47826086956522 0.818539118218244
3.51170568561873 0.818178653209682
3.54515050167224 0.817817631522651
3.57859531772575 0.817456052930551
3.61204013377926 0.817093917209366
3.64548494983278 0.816731224137667
3.67892976588629 0.816367973496626
3.7123745819398 0.816004165070027
3.74581939799331 0.815639798644272
3.77926421404682 0.815274874008396
3.81270903010033 0.814909390954074
3.84615384615385 0.814543349275631
3.87959866220736 0.814176748770054
3.91304347826087 0.813809589236998
3.94648829431438 0.813441870478802
3.97993311036789 0.813073592300496
4.0133779264214 0.812704754509808
4.04682274247492 0.81233535691718
4.08026755852843 0.811965399335773
4.11371237458194 0.811594881581481
4.14715719063545 0.811223803472936
4.18060200668896 0.810852164831525
4.21404682274247 0.810479965481393
4.24749163879599 0.810107205249459
4.2809364548495 0.80973388396542
4.31438127090301 0.809360001461766
4.34782608695652 0.808985557573788
4.38127090301003 0.808610552139588
4.41471571906354 0.808234985000089
4.44816053511706 0.807858855999046
4.48160535117057 0.807482164983054
4.51505016722408 0.80710491180156
4.54849498327759 0.80672709630687
4.5819397993311 0.806348718354163
4.61538461538461 0.805969777801499
4.64882943143813 0.805590274509827
4.68227424749164 0.805210208343
4.71571906354515 0.804829579167777
4.74916387959866 0.804448386853842
4.78260869565217 0.804066631273807
4.81605351170569 0.803684312303226
4.8494983277592 0.803301429820601
4.88294314381271 0.802917983707397
4.91638795986622 0.802533973848048
4.94983277591973 0.802149400129966
4.98327759197324 0.801764262443554
5.01672240802676 0.801378560682217
5.05016722408027 0.800992294742366
5.08361204013378 0.800605464523432
5.11705685618729 0.800218069927875
5.1505016722408 0.799830110861196
5.18394648829431 0.799441587231942
5.21739130434783 0.799052498951719
5.25083612040134 0.798662845935202
5.28428093645485 0.798272628100142
5.31772575250836 0.797881845367379
5.35117056856187 0.797490497660851
5.38461538461538 0.797098584907601
5.4180602006689 0.79670610703779
5.45150501672241 0.796313063984705
5.48494983277592 0.795919455684769
5.51839464882943 0.795525282077551
5.55183946488294 0.795130543105776
5.58528428093645 0.794735238715332
5.61872909698997 0.794339368855282
5.65217391304348 0.793942933477875
5.68561872909699 0.793545932538552
5.7190635451505 0.793148365995959
5.75250836120401 0.792750233811951
5.78595317725753 0.79235153595161
5.81939799331104 0.791952272383247
5.85284280936455 0.791552443078415
5.88628762541806 0.791152048011918
5.91973244147157 0.79075108716182
5.95317725752508 0.790349560509456
5.9866220735786 0.789947468039438
6.02006688963211 0.789544809739667
6.05351170568562 0.789141585601344
6.08695652173913 0.788737795618975
6.12040133779264 0.788333439790385
6.15384615384615 0.787928518116721
6.18729096989967 0.787523030602469
6.22073578595318 0.787116977255459
6.25418060200669 0.786710358086873
6.2876254180602 0.786303173111259
6.32107023411371 0.785895422346534
6.35451505016722 0.785487105813998
6.38795986622074 0.785078223538344
6.42140468227425 0.784668775547662
6.45484949832776 0.78425876187345
6.48829431438127 0.783848182550629
6.52173913043478 0.783437037617542
6.55518394648829 0.783025327115972
6.58862876254181 0.786036736726551
6.62207357859532 0.79042854169308
6.65551839464883 0.794753739100325
6.68896321070234 0.799012369751357
6.72240802675585 0.803204518569397
6.75585284280936 0.807330313145597
6.78929765886288 0.811389922266108
6.82274247491639 0.815383554422864
6.8561872909699 0.819311456312361
6.88963210702341 0.823173911326499
6.92307692307692 0.826971238039437
6.95652173913043 0.830703788694157
6.98996655518395 0.834371947692299
7.02341137123746 0.8379761300906
7.05685618729097 0.841516780107102
7.09030100334448 0.84499436964008
7.12374581939799 0.84840939680245
7.1571906354515 0.851762384474224
7.19063545150502 0.855053878875402
7.22408026755853 0.858284448161459
7.25752508361204 0.861454681043448
7.29096989966555 0.86456518543453
7.32441471571906 0.86761658712456
7.35785953177257 0.87060952848421
7.39130434782609 0.873544667199911
7.4247491638796 0.876422675040763
7.45819397993311 0.879244236658395
7.49163879598662 0.882010048420599
7.52508361204013 0.884720817279439
7.55852842809364 0.88737725967439
7.59197324414716 0.889980100470925
7.62541806020067 0.892530071934882
7.65886287625418 0.895027912742771
7.69230769230769 0.897474367028133
7.7257525083612 0.899870183463927
7.75919732441471 0.902216114380832
7.79264214046823 0.904512914921279
7.82608695652174 0.906761342228926
7.85953177257525 0.908962154673242
7.89297658862876 0.91111611110876
7.92642140468227 0.913223970168546
7.95986622073579 0.915286489591334
7.9933110367893 0.917304425581737
8.02675585284281 0.919278532202921
8.06020066889632 0.921209560801058
8.09364548494983 0.923098259460853
8.12709030100334 0.924945372491422
8.16053511705686 0.926751639941743
8.19397993311037 0.928517797144907
8.22742474916388 0.930244574290362
8.26086956521739 0.931932696023345
8.2943143812709 0.933582881070655
8.32775919732441 0.935195841891953
8.36120401337793 0.93677228435574
8.39464882943144 0.938312907439169
8.42809364548495 0.939818402950864
8.46153846153846 0.941289455275889
8.49498327759197 0.942726741142054
8.52842809364548 0.944130929406718
8.561872909699 0.945502680863281
8.59531772575251 0.946842648066554
8.62876254180602 0.948151475176219
8.66220735785953 0.949429797817589
8.69565217391304 0.950678242958912
8.72909698996656 0.951897428804451
8.76254180602007 0.953087964702631
8.79598662207358 0.954250451068505
8.82943143812709 0.955385479319864
8.8628762541806 0.956493631826284
8.89632107023411 0.957575481870474
8.92976588628762 0.958631593621249
8.96321070234114 0.959662522117531
8.99665551839465 0.960668813262748
9.03010033444816 0.961651003829058
9.06354515050167 0.962609621470823
9.09698996655518 0.963545184746785
9.1304347826087 0.964458203150417
9.16387959866221 0.96534917714794
9.19732441471572 0.966218598223508
9.23076923076923 0.967066948931094
9.26421404682274 0.96789470295262
9.29765886287625 0.968702325161901
9.33110367892977 0.969490271693973
9.36454849498328 0.97025899001942
9.39799331103679 0.971008919023303
9.4314381270903 0.971740489088328
9.46488294314381 0.972454122181914
9.49832775919732 0.973150231946803
9.53177257525084 0.973829223794923
9.56521739130435 0.974491495004173
9.59866220735786 0.975137434817855
9.63210702341137 0.975767424546484
9.66555183946488 0.976381837671694
9.69899665551839 0.976981039952015
9.73244147157191 0.977565389530271
9.76588628762542 0.978135237042387
9.79933110367893 0.978690925727384
9.83277591973244 0.979232791538372
9.86622073578595 0.979761163254348
9.89966555183946 0.980276362592628
9.93311036789298 0.980778704321736
9.96655518394649 0.981268496374606
10 0.98174603996194
