0 0.0315001800263651
0.0334448160535117 0.0322960384980339
0.0668896321070234 0.033111317055066
0.100334448160535 0.0339464544747982
0.133779264214047 0.0348018976571455
0.167224080267559 0.0356781016812439
0.20066889632107 0.0365755298568884
0.234113712374582 0.0374946537703863
0.267558528428094 0.0384359533244298
0.301003344481605 0.0393999167715776
0.334448160535117 0.0403870407409172
0.367892976588629 0.0413978302574655
0.40133779264214 0.0424327987538477
0.434782608695652 0.0434924680737796
0.468227424749164 0.0445773684668591
0.501672240802676 0.0456880385741603
0.535117056856187 0.0468250254041044
0.568561872909699 0.0479888842980645
0.602006688963211 0.0491801788851491
0.635451505016722 0.0503994810255887
0.668896321070234 0.0516473707421364
0.702341137123746 0.0529244361388793
0.735785953177257 0.054231273306838
0.769230769230769 0.0555684862157233
0.802675585284281 0.0569366865911995
0.836120401337793 0.0583364937769947
0.869565217391304 0.0597685345811843
0.903010033444816 0.0612334431059625
0.936454849498328 0.0627318605602069
0.969899665551839 0.0642644350541326
1.00334448160535 0.0658318213753221
1.03678929765886 0.0674346807454135
1.07023411371237 0.0690736805567234
1.10367892976589 0.070749494088077
1.1371237458194 0.0724628001991186
1.17056856187291 0.0742142830023747
1.20401337792642 0.0760046315123458
1.23745819397993 0.0778345392709082
1.27090301003344 0.0797047039483153
1.30434782608696 0.0816158269190985
1.33779264214047 0.0835686128121813
1.37123745819398 0.0855637690345378
1.40468227424749 0.0876020052677454
1.438127090301 0.0896840329368079
1.47157190635451 0.0918105646506496
1.50501672240803 0.0939823136137143
1.53846153846154 0.0961999930081389
1.57190635451505 0.0984643153460095
1.60535117056856 0.100775991791253
1.63879598662207 0.103135731450767
1.67224080267559 0.105544240634447
1.7056856187291 0.108002222083814
1.73913043478261 0.110510374169043
1.77257525083612 0.11306939005422
1.80602006688963 0.11567995683076
1.83946488294314 0.118342754618997
1.87290969899666 0.121058455638018
1.90635451505017 0.123827723243947
1.93979933110368 0.126651210936937
1.97324414715719 0.129529561337269
2.0066889632107 0.132463405131038
2.04013377926421 0.135453359986051
2.07357859531773 0.138500029438645
2.10702341137124 0.141604001752295
2.14046822742475 0.144765848748994
2.17391304347826 0.147986124614522
2.20735785953177 0.151265364678879
2.24080267558528 0.154604084173284
2.2742474916388 0.158002776965309
2.30769230769231 0.161461914273854
2.34113712374582 0.164981943365851
2.37458193979933 0.168563286236711
2.40802675585284 0.172206338276738
2.44147157190635 0.175911466925837
2.47491638795987 0.179679010319084
2.50836120401338 0.183509275925814
2.54180602006689 0.187402539185108
2.5752508361204 0.191359042140693
2.60869565217391 0.195378992078441
2.64214046822742 0.199462560169803
2.67558528428094 0.203609880124685
2.70903010033445 0.207821046857395
2.74247491638796 0.212096115169452
2.77591973244147 0.216435098453184
2.80936454849498 0.220837967420147
2.84280936454849 0.225304648858526
2.87625418060201 0.229835024423789
2.90969899665552 0.234428929466938
2.94314381270903 0.239086151904794
2.97658862876254 0.243806431136806
3.01003344481605 0.248589457012926
3.04347826086956 0.253434868857116
3.07692307692308 0.258342254551067
3.11036789297659 0.263311149682696
3.1438127090301 0.268341036763972
3.17725752508361 0.27343134452254
3.21070234113712 0.277299173597979
3.24414715719064 0.280192787016034
3.27759197324415 0.28310476698823
3.31103678929766 0.286034984462977
3.34448160535117 0.288983304965838
3.37792642140468 0.291949588582706
3.41137123745819 0.294933689945907
3.44481605351171 0.297935458223292
3.47826086956522 0.300954737110356
3.51170568561873 0.303991364825478
3.54515050167224 0.307045174108301
3.57859531772575 0.310115992221324
3.61204013377926 0.313203640954763
3.64548494983278 0.316307936634702
3.67892976588629 0.319428690134613
3.7123745819398 0.322565706890254
3.74581939799331 0.325718786918011
3.77926421404682 0.3288877248367
3.81270903010033 0.332072309892875
3.84615384615385 0.33527232598966
3.87959866220736 0.338487551719138
3.91304347826087 0.34171776039832
3.94648829431438 0.344962720108702
3.97993311036789 0.348222193739435
4.0133779264214 0.351495939034114
4.04682274247492 0.354783708641197
4.08026755852843 0.358085250168042
4.11371237458194 0.361400306238585
4.14715719063545 0.364728614554631
4.18060200668896 0.368069907960755
4.21404682274247 0.371423914512809
4.24749163879599 0.374790357550004
4.2809364548495 0.378168955770539
4.31438127090301 0.381559423310779
4.34782608695652 0.384961469827911
4.38127090301003 0.388374800586072
4.41471571906354 0.391799116545896
4.44816053511706 0.395234114457441
4.48160535117057 0.398679486956434
4.51505016722408 0.4021349226638
4.54849498327759 0.405600106288403
4.5819397993311 0.40907471873294
4.61538461538461 0.412558437202924
4.64882943143813 0.416050935318686
4.68227424749164 0.419551883230317
4.71571906354515 0.423060947735474
4.74916387959866 0.426577792399967
4.78260869565217 0.430102077681042
4.81605351170569 0.433633461053269
4.8494983277592 0.437171597136935
4.88294314381271 0.440716137828854
4.91638795986622 0.444266732435487
4.94983277591973 0.447823027808268
4.98327759197324 0.451384668481032
5.01672240802676 0.454951296809424
5.05016722408027 0.458522553112192
5.08361204013378 0.462098075814235
5.11705685618729 0.465677501591285
5.1505016722408 0.469260465516117
5.18394648829431 0.472846601206146
5.21739130434783 0.476435540972292
5.25083612040134 0.480026915968998
5.28428093645485 0.48362035634524
5.31772575250836 0.487215491396437
5.35117056856187 0.4908119497171
5.38461538461538 0.494409359354096
5.4180602006689 0.4980073479604
5.45150501672241 0.501605542949186
5.48494983277592 0.505203571648134
5.51839464882943 0.508801061453811
5.55183946488294 0.512397639985989
5.58528428093645 0.515992935241771
5.61872909698997 0.519586575749382
5.65217391304348 0.523178190721494
5.68561872909699 0.526767410207947
5.7190635451505 0.530353865247742
5.75250836120401 0.533937188020162
5.78595317725753 0.537517011994893
5.81939799331104 0.541092972081026
5.85284280936455 0.544664704774794
5.88628762541806 0.548231848305938
5.91973244147157 0.551794042782559
5.95317725752508 0.555350930334348
5.9866220735786 0.558902155254071
6.02006688963211 0.56244736413719
6.05351170568562 0.565986206019508
6.08695652173913 0.569518332512723
6.12040133779264 0.573043397937797
6.15384615384615 0.576561059456014
6.18729096989967 0.580070977197638
6.22073578595318 0.583572814388082
6.25418060200669 0.587066237471464
6.2876254180602 0.590550916231498
6.32107023411371 0.5940265239096
6.35451505016722 0.597492737320141
6.38795986622074 0.60094923696277
6.42140468227425 0.604395707131725
6.45484949832776 0.607831836022062
6.48829431438127 0.611257315832742
6.52173913043478 0.614671842866501
6.55518394648829 0.618075117626457
6.58862876254181 0.621466844909396
6.62207357859532 0.624846733895682
6.65551839464883 0.628214498235757
6.68896321070234 0.631569856133172
6.72240802675585 0.63491253042414
6.75585284280936 0.638242248653548
6.78929765886288 0.641558743147425
6.82274247491639 0.64486175108183
6.8561872909699 0.648151014548143
6.88963210702341 0.651426280614748
6.92307692307692 0.654687301385097
6.95652173913043 0.657933834052139
6.98996655518395 0.661165640949128
7.02341137123746 0.664382489596807
7.05685618729097 0.667584152746958
7.09030100334448 0.670770408422354
7.12374581939799 0.673941039953114
7.1571906354515 0.67709583600947
7.19063545150502 0.680234590630985
7.22408026755853 0.683357103252238
7.25752508361204 0.686463178725002
7.29096989966555 0.689552627336955
7.32441471571906 0.69262526482695
7.35785953177257 0.69568091239689
7.39130434782609 0.698719396720249
7.4247491638796 0.701740549947275
7.45819397993311 0.704744209706937
7.49163879598662 0.70773021910565
7.52508361204013 0.710698426722841
7.55852842809364 0.713648686603411
7.59197324414716 0.716580858247146
7.62541806020067 0.719494806595135
7.65886287625418 0.722390402013267
7.69230769230769 0.725267520272856
7.7257525083612 0.728126042528474
7.75919732441471 0.730965855293049
7.79264214046823 0.733786850410297
7.82608695652174 0.736588925024568
7.85953177257525 0.739371981548163
7.89297658862876 0.742135927626208
7.92642140468227 0.744880676099147
7.95986622073579 0.74760614496294
7.9933110367893 0.750312257327027
8.02675585284281 0.752998941370154
8.06020066889632 0.75566613029411
8.09364548494983 0.758313762275484
8.12709030100334 0.760941780415491
8.16053511705686 0.763550132687962
8.19397993311037 0.766138771885569
8.22742474916388 0.768707655564364
8.26086956521739 0.771256745986706
8.2943143812709 0.773786010062662
8.32775919732441 0.776295419289947
8.36120401337793 0.778784949692492
8.39464882943144 0.781254581757709
8.42809364548495 0.783704300372523
8.46153846153846 0.786134094758262
8.49498327759197 0.788543958404466
8.52842809364548 0.790933889001689
8.561872909699 0.793303888373377
8.59531772575251 0.79565396240688
8.62876254180602 0.797984120983679
8.66220735785953 0.800294377908889
8.69565217391304 0.80258475084012
8.72909698996656 0.804855261215744
8.76254180602007 0.807105934182648
8.79598662207358 0.809336798523542
8.82943143812709 0.811547886583862
8.8628762541806 0.81373923419836
8.89632107023411 0.815910880617422
8.92976588628762 0.818062868433175
8.96321070234114 0.820195243505453
8.99665551839465 0.822308054887664
9.03010033444816 0.824401354752618
9.06354515050167 0.826475198318378
9.09698996655518 0.82852964377417
9.1304347826087 0.830564752206416
9.16387959866221 0.832580587524933
9.19732441471572 0.83457721638934
9.23076923076923 0.836554708135736
9.26421404682274 0.838513134703669
9.29765886287625 0.840452570563457
9.33110367892977 0.842373092643902
9.36454849498328 0.844274780260414
9.39799331103679 0.846157715043618
9.4314381270903 0.84802198086845
9.46488294314381 0.849867663783789
9.49832775919732 0.851694851942663
9.53177257525084 0.853503635533052
9.56521739130435 0.855294106709317
9.59866220735786 0.8570663595243
9.63210702341137 0.858820489862095
9.66555183946488 0.860556595371546
9.69899665551839 0.862274775400472
9.73244147157191 0.863975130930651
9.76588628762542 0.865657764513598
9.79933110367893 0.867322780207125
9.83277591973244 0.868970283512738
9.86622073578595 0.870600381313865
9.89966555183946 0.872213181814935
9.93311036789298 0.873808794481336
9.96655518394649 0.875387329980249
10 0.876948900122376
