0 0.209503309106916
0.0334448160535117 0.211630109980328
0.0668896321070234 0.213772662674547
0.100334448160535 0.21593096551876
0.133779264214047 0.218105014220349
0.167224080267559 0.220294801827544
0.20066889632107 0.22250031869255
0.234113712374582 0.224721552435214
0.267558528428094 0.226958487907232
0.301003344481605 0.229211107156952
0.334448160535117 0.231479389394793
0.367892976588629 0.233763310959319
0.40133779264214 0.236062845284
0.434782608695652 0.238377962864693
0.468227424749164 0.240708631227878
0.501672240802676 0.243054814899682
0.535117056856187 0.245416475375723
0.568561872909699 0.247793571091814
0.602006688963211 0.250186057395558
0.635451505016722 0.252593886518861
0.668896321070234 0.255017007551409
0.702341137123746 0.257455366415134
0.735785953177257 0.259908905839712
0.769230769230769 0.262377565339111
0.802675585284281 0.264861281189239
0.836120401337793 0.267359986406715
0.869565217391304 0.269873610728802
0.903010033444816 0.272402080594522
0.936454849498328 0.27494531912701
0.969899665551839 0.277503246117108
1.00334448160535 0.28007577800825
1.03678929765886 0.28266282788267
1.07023411371237 0.285264305448946
1.10367892976589 0.28788011703093
1.1371237458194 0.290510165558077
1.17056856187291 0.293154350557211
1.20401337792642 0.295812568145748
1.23745819397993 0.298484711026412
1.27090301003344 0.30117066848346
1.30434782608696 0.303870326380446
1.33779264214047 0.306583567159549
1.37123745819398 0.309310269842483
1.40468227424749 0.312050310033019
1.438127090301 0.314803559921129
1.47157190635451 0.31756988828879
1.50501672240803 0.320349160517437
1.53846153846154 0.32314123859712
1.57190635451505 0.325945981137347
1.60535117056856 0.328763243379656
1.63879598662207 0.331592877211901
1.67224080267559 0.334434731184301
1.7056856187291 0.337288650527225
1.73913043478261 0.340154477170747
1.77257525083612 0.34303204976598
1.80602006688963 0.345921203708175
1.83946488294314 0.348821771161614
1.87290969899666 0.351733581086288
1.90635451505017 0.354656459266367
1.93979933110368 0.357590228340454
1.97324414715719 0.360534707833639
2.0066889632107 0.363489714191332
2.04013377926421 0.366455060814884
2.07357859531773 0.369430558098984
2.10702341137124 0.372416013470827
2.14046822742475 0.37541123143104
2.17391304347826 0.378416013596358
2.20735785953177 0.381430158744045
2.24080267558528 0.384453462858024
2.2742474916388 0.387485719176729
2.30769230769231 0.390526718242633
2.34113712374582 0.393576247953457
2.37458193979933 0.39663409361502
2.40802675585284 0.399700037995716
2.44147157190635 0.402773861382596
2.47491638795987 0.405855341639022
2.50836120401338 0.408944254263869
2.54180602006689 0.412040372452243
2.5752508361204 0.415143467157687
2.60869565217391 0.418253307155842
2.64214046822742 0.421369659109523
2.67558528428094 0.424492287635182
2.70903010033445 0.427620955370717
2.74247491638796 0.430755423044583
2.77591973244147 0.433895449546177
2.80936454849498 0.437040791997439
2.84280936454849 0.440191205825644
2.87625418060201 0.443346444837323
2.90969899665552 0.446506261293277
2.94314381270903 0.449670405984637
2.97658862876254 0.45283862830992
3.01003344481605 0.456010676353027
3.04347826086956 0.459186296962139
3.07692307692308 0.46236523582946
3.11036789297659 0.465547237571745
3.1438127090301 0.468732045811573
3.17725752508361 0.471919403259296
3.21070234113712 0.475109051795626
3.24414715719064 0.478300732554783
3.27759197324415 0.481494186008172
3.31103678929766 0.484689152048503
3.34448160535117 0.487885370074329
3.37792642140468 0.491082579074914
3.41137123745819 0.494280517715391
3.44481605351171 0.497478924422145
3.47826086956522 0.500677537468356
3.51170568561873 0.50387609505966
3.54515050167224 0.507074335419847
3.57859531772575 0.510271996876549
3.61204013377926 0.513468817946857
3.64548494983278 0.51666453742281
3.67892976588629 0.51985889445668
3.7123745819398 0.523051628646024
3.74581939799331 0.526242480118413
3.77926421404682 0.529431189615804
3.81270903010033 0.532617498578475
3.84615384615385 0.535801149228488
3.87959866220736 0.538981884652606
3.91304347826087 0.542159448884616
3.94648829431438 0.545333586986998
3.97993311036789 0.54850404513189
4.0133779264214 0.551670570681287
4.04682274247492 0.554832912266435
4.08026755852843 0.557990819866353
4.11371237458194 0.561144044885435
4.14715719063545 0.564292340230091
4.18060200668896 0.567435460384372
4.21404682274247 0.570573161484523
4.24749163879599 0.573705201392434
4.2809364548495 0.576831339767934
4.31438127090301 0.579951338139876
4.34782608695652 0.583064959975994
4.38127090301003 0.586171970751464
4.41471571906354 0.589272138016149
4.44816053511706 0.592365231460475
4.48160535117057 0.595451022979918
4.51505016722408 0.598529286738048
4.54849498327759 0.601599799228109
4.5819397993311 0.604662339333102
4.61538461538461 0.607716688384329
4.64882943143813 0.610762630218392
4.68227424749164 0.613799951232589
4.71571906354515 0.616828440438712
4.74916387959866 0.6198478895152
4.78260869565217 0.622858092857643
4.81605351170569 0.625858847627597
4.8494983277592 0.628849953799711
4.88294314381271 0.631831214207137
4.91638795986622 0.634802434585208
4.94983277591973 0.63776342361338
4.98327759197324 0.64071399295541
5.01672240802676 0.643653957297778
5.05016722408027 0.646583134386329
5.08361204013378 0.649501345061142
5.11705685618729 0.652408413289603
5.1505016722408 0.655304166197703
5.18394648829431 0.658188434099534
5.21739130434783 0.661061050524998
5.25083612040134 0.66392185224573
5.28428093645485 0.666770679299231
5.31772575250836 0.669607375011218
5.35117056856187 0.672431786016202
5.38461538461538 0.675243762276293
5.4180602006689 0.678043157098251
5.45150501672241 0.68082982714878
5.48494983277592 0.683603632468095
5.51839464882943 0.686364436481753
5.55183946488294 0.689112106010781
5.58528428093645 0.691846511280113
5.61872909698997 0.694567525925336
5.65217391304348 0.697275026997795
5.68561872909699 0.699968894968042
5.7190635451505 0.702649013727675
5.75250836120401 0.705315270589572
5.78595317725753 0.707967556286561
5.81939799331104 0.71060576496852
5.85284280936455 0.713229794197968
5.88628762541806 0.715839544944135
5.91973244147157 0.718434921575577
5.95317725752508 0.721015831851318
5.9866220735786 0.723582186910591
6.02006688963211 0.726133901261175
6.05351170568562 0.728670892766367
6.08695652173913 0.731193082630627
6.12040133779264 0.733700395383917
6.15384615384615 0.736192758864757
6.18729096989967 0.738670104202058
6.22073578595318 0.741132365795729
6.25418060200669 0.743579481296113
6.2876254180602 0.746011391582279
6.32107023411371 0.748428040739202
6.35451505016722 0.750829376033859
6.38795986622074 0.753215347890289
6.42140468227425 0.755585909863631
6.45484949832776 0.757941018613192
6.48829431438127 0.760280633874569
6.52173913043478 0.762604718430856
6.55518394648829 0.764913238082987
6.58862876254181 0.767206161619221
6.62207357859532 0.769483460783833
6.65551839464883 0.771745110245027
6.68896321070234 0.773991087562103
6.72240802675585 0.776221373151926
6.75585284280936 0.778435950254718
6.78929765886288 0.780634804899211
6.82274247491639 0.782817925867197
6.8561872909699 0.784985304657497
6.88963210702341 0.787136935449399
6.92307692307692 0.789272815065579
6.95652173913043 0.791392942934553
6.98996655518395 0.79349732105268
7.02341137123746 0.795585953945748
7.05685618729097 0.797658848630189
7.09030100334448 0.799716014573929
7.12374581939799 0.801757463656922
7.1571906354515 0.803783210131394
7.19063545150502 0.805793270581816
7.22408026755853 0.807787663884647
7.25752508361204 0.809766411167874
7.29096989966555 0.811729535770362
7.32441471571906 0.81367706320106
7.35785953177257 0.81560902109808
7.39130434782609 0.817525439187675
7.4247491638796 0.819426349243143
7.45819397993311 0.82131178504368
7.49163879598662 0.823181782333209
7.52508361204013 0.825036378779208
7.55852842809364 0.826875613931558
7.59197324414716 0.828699529181437
7.62541806020067 0.830508167720271
7.65886287625418 0.832301574498787
7.69230769230769 0.83407979618616
7.7257525083612 0.835842881129292
7.75919732441471 0.83759087931224
7.79264214046823 0.839323842315807
7.82608695652174 0.841041823277319
7.85953177257525 0.8427448768506
7.89297658862876 0.844433059166166
7.92642140468227 0.846106427791659
7.95986622073579 0.847765041692528
7.9933110367893 0.849408961192968
8.02675585284281 0.851038247937154
8.06020066889632 0.852652964850758
8.09364548494983 0.854253176102777
8.12709030100334 0.855838947067681
8.16053511705686 0.857410344287896
8.19397993311037 0.858967435436625
8.22742474916388 0.86051028928103
8.26086956521739 0.86203897564578
8.2943143812709 0.863553565376969
8.32775919732441 0.865054130306426
8.36120401337793 0.866540743216415
8.39464882943144 0.868013477804739
8.42809364548495 0.869472408650254
8.46153846153846 0.870917611178802
8.49498327759197 0.872349161629568
8.52842809364548 0.873767137021869
8.561872909699 0.875171615122379
8.59531772575251 0.876562674412797
8.62876254180602 0.877940394057963
8.66220735785953 0.879304853874429
8.69565217391304 0.880656134299481
8.72909698996656 0.881994316360626
8.76254180602007 0.883319481645541
8.79598662207358 0.884631712272487
8.82943143812709 0.885931090861196
8.8628762541806 0.887217700504223
8.89632107023411 0.888491624738779
8.92976588628762 0.889752947519033
8.96321070234114 0.89100175318889
8.99665551839465 0.892238126455244
9.03010033444816 0.893462152361718
9.06354515050167 0.894673916262863
9.09698996655518 0.895873503798851
9.1304347826087 0.897061000870632
9.16387959866221 0.898236493615574
9.19732441471572 0.899400068383576
9.23076923076923 0.900551811713647
9.26421404682274 0.901691810310966
9.29765886287625 0.902820151024411
9.33110367892977 0.903936920824544
9.36454849498328 0.905042206782079
9.39799331103679 0.906136096046797
9.4314381270903 0.907218675826932
9.46488294314381 0.908290033369009
9.49832775919732 0.909350255938136
9.53177257525084 0.910399430798752
9.56521739130435 0.911437645195817
9.59866220735786 0.912464986336446
9.63210702341137 0.91348154137199
9.66555183946488 0.914487397380544
9.69899665551839 0.915482641349894
9.73244147157191 0.916467360160892
9.76588628762542 0.917441640571247
9.79933110367893 0.918405569199748
9.83277591973244 0.91935923251089
9.86622073578595 0.920302716799918
9.89966555183946 0.921236108178274
9.93311036789298 0.922159492559444
9.96655518394649 0.923072955645203
10 0.92397658291225
