0 0.0156838160214874
0.0334448160535117 0.016035624826359
0.0668896321070234 0.0163951937246972
0.100334448160535 0.0167626879287278
0.133779264214047 0.0171382758981507
0.167224080267559 0.0175221293916295
0.20066889632107 0.0179144235185077
0.234113712374582 0.0183153367907192
0.267558528428094 0.0187250511748601
0.301003344481605 0.0191437521443832
0.334448160535117 0.0195716287318778
0.367892976588629 0.0200088735813927
0.40133779264214 0.02045568300076
0.434782608695652 0.0209122570138721
0.468227424749164 0.0213787994128646
0.501672240802676 0.0218555178101524
0.535117056856187 0.0223426236902662
0.568561872909699 0.0228403324614308
0.602006688963211 0.0233488635068265
0.635451505016722 0.0238684402354689
0.668896321070234 0.0243992901326423
0.702341137123746 0.0249416448098154
0.735785953177257 0.0254957400539672
0.769230769230769 0.0260618158762456
0.802675585284281 0.0266401165598789
0.836120401337793 0.0272308907072561
0.869565217391304 0.0278343912860877
0.903010033444816 0.0284508756745546
0.936454849498328 0.0290806057053501
0.969899665551839 0.0297238477085148
1.00334448160535 0.0303808725529577
1.03678929765886 0.0310519556865581
1.07023411371237 0.0317373771747312
1.10367892976589 0.0324374217373421
1.1371237458194 0.0331523787838436
1.17056856187291 0.0338825424465111
1.20401337792642 0.0346282116116415
1.23745819397993 0.0353896899485787
1.27090301003344 0.0361672859364231
1.30434782608696 0.0369613128882767
1.33779264214047 0.0377720889728711
1.37123745819398 0.0385999372334201
1.40468227424749 0.0394451856035316
1.438127090301 0.0403081669200109
1.47157190635451 0.0411892189323801
1.50501672240803 0.0420886843089319
1.53846153846154 0.0430069106391337
1.57190635451505 0.0439442504321879
1.60535117056856 0.0449010611115532
1.63879598662207 0.0458777050052228
1.67224080267559 0.0468745493315502
1.7056856187291 0.0478919661804104
1.73913043478261 0.0489303324894744
1.77257525083612 0.0499900300153742
1.80602006688963 0.0510714452995256
1.83946488294314 0.0521749696283741
1.87290969899666 0.0533009989878228
1.90635451505017 0.0544499340115964
1.93979933110368 0.0556221799232896
1.97324414715719 0.0568181464718456
2.0066889632107 0.0580382478602037
2.04013377926421 0.0592829026668535
2.07357859531773 0.0605525337600252
2.10702341137124 0.0618475682042477
2.14046822742475 0.0631684371589964
2.17391304347826 0.0645155757691564
2.20735785953177 0.0658894230470177
2.24080267558528 0.0672904217455234
2.2742474916388 0.0687190182224849
2.30769230769231 0.0701756622954818
2.34113712374582 0.0716608070871591
2.37458193979933 0.0731749088606391
2.40802675585284 0.0747184268447632
2.44147157190635 0.0762918230488808
2.47491638795987 0.0778955620669071
2.50836120401338 0.0795301108703702
2.54180602006689 0.0811959385901772
2.5752508361204 0.0828935162868299
2.60869565217391 0.0846233167088276
2.64214046822742 0.0863858140390027
2.67558528428094 0.0881814836285404
2.70903010033445 0.0900108017184442
2.74247491638796 0.0918742451482188
2.77591973244147 0.0937722910515528
2.80936454849498 0.0957054165387969
2.84280936454849 0.0976740983660463
2.87625418060201 0.0996788125906524
2.90969899665552 0.101720034213003
2.94314381270903 0.103798236804435
2.97658862876254 0.105913892121147
3.01003344481605 0.108067469704031
3.04347826086956 0.110259436464321
3.07692307692308 0.112490256255027
3.11036789297659 0.114760389428117
3.1438127090301 0.117070292377445
3.17725752508361 0.119420417067457
3.21070234113712 0.121811210547747
3.24414715719064 0.124243114453531
3.27759197324415 0.126716564492195
3.31103678929766 0.129231989916059
3.34448160535117 0.131789812981574
3.37792642140468 0.134390448395184
3.41137123745819 0.137034302746142
3.44481605351171 0.139721773926599
3.47826086956522 0.14245325053935
3.51170568561873 0.14522911129364
3.54515050167224 0.148049724389496
3.57859531772575 0.150915446891114
3.61204013377926 0.15382662408984
3.64548494983278 0.156783588857386
3.67892976588629 0.159786660989937
3.7123745819398 0.162836146543862
3.74581939799331 0.165932337163836
3.77926421404682 0.169075509404173
3.81270903010033 0.172265924044281
3.84615384615385 0.175503825399174
3.87959866220736 0.178789440626053
3.91304347826087 0.182122979028001
3.94648829431438 0.186083105874238
3.97993311036789 0.19047033450881
4.0133779264214 0.194936226162623
4.04682274247492 0.199481025758197
4.08026755852843 0.204104920780549
4.11371237458194 0.208808038988882
4.14715719063545 0.213590446160529
4.18060200668896 0.218452143875499
4.21404682274247 0.223393067350272
4.24749163879599 0.228413083329759
4.2809364548495 0.233511988046567
4.31438127090301 0.238689505256922
4.34782608695652 0.243945284362758
4.38127090301003 0.249278898629608
4.41471571906354 0.254689843509997
4.44816053511706 0.260177535082089
4.48160535117057 0.265741308613278
4.51505016722408 0.271380417258388
4.54849498327759 0.27709403090195
4.5819397993311 0.282881235153894
4.61538461538461 0.288741030507679
4.64882943143813 0.294672331669606
4.68227424749164 0.300673967067671
4.71571906354515 0.306744678547838
4.74916387959866 0.312883121265138
4.78260869565217 0.319087863776406
4.81605351170569 0.325357388340811
4.8494983277592 0.33169009143367
4.88294314381271 0.338084284478241
4.91638795986622 0.344538194799384
4.94983277591973 0.351049966802108
4.98327759197324 0.357617663377111
5.01672240802676 0.364239267534423
5.05016722408027 0.370912684265295
5.08361204013378 0.37763574263142
5.11705685618729 0.384406198079508
5.1505016722408 0.391221734978162
5.18394648829431 0.398079969372897
5.21739130434783 0.404978451954058
5.25083612040134 0.411914671231275
5.28428093645485 0.418886056907033
5.31772575250836 0.425889983440856
5.35117056856187 0.432923773794569
5.38461538461538 0.439984703348098
5.4180602006689 0.447070003974347
5.45150501672241 0.454176868260737
5.48494983277592 0.461302453864201
5.51839464882943 0.468443887985626
5.55183946488294 0.475598271949065
5.58528428093645 0.482762685870395
5.61872909698997 0.489934193399589
5.65217391304348 0.49710984652034
5.68561872909699 0.504286690390402
5.7190635451505 0.511461768205803
5.75250836120401 0.518632126071921
5.78595317725753 0.525794817864382
5.81939799331104 0.532946910062794
5.85284280936455 0.5400854865405
5.88628762541806 0.547207653293789
5.91973244147157 0.554310543094376
5.95317725752508 0.561391320049407
5.9866220735786 0.568447184053784
6.02006688963211 0.575475375120269
6.05351170568562 0.582473177573496
6.08695652173913 0.589437924094825
6.12040133779264 0.596366999605838
6.15384615384615 0.603257844979156
6.18729096989967 0.610107960566242
6.22073578595318 0.61691490953286
6.25418060200669 0.623676320993888
6.2876254180602 0.630389892940268
6.32107023411371 0.637053394951957
6.35451505016722 0.643664670691829
6.38795986622074 0.650221640176609
6.42140468227425 0.656722301821972
6.45484949832776 0.663164734260058
6.48829431438127 0.669547097928688
6.52173913043478 0.675867636432604
6.55518394648829 0.682124677678069
6.58862876254181 0.688316634783085
6.62207357859532 0.694442006766441
6.65551839464883 0.700499379019622
6.68896321070234 0.70648742356646
6.72240802675585 0.712404899116125
6.75585284280936 0.718250650915756
6.78929765886288 0.724023610409676
6.82274247491639 0.729722794712661
6.8561872909699 0.735347305905283
6.88963210702341 0.740896330159735
6.92307692307692 0.746369136704946
6.95652173913043 0.751765076640091
6.98996655518395 0.757083581605841
7.02341137123746 0.762324162322886
7.05685618729097 0.767486407007392
7.09030100334448 0.772569979673099
7.12374581939799 0.77757461832981
7.1571906354515 0.782500133087963
7.19063545150502 0.787346404178893
7.22408026755853 0.792113379900277
7.25752508361204 0.79680107449606
7.29096989966555 0.80140956597998
7.32441471571906 0.805938993911545
7.35785953177257 0.810389557133051
7.39130434782609 0.814761511475943
7.4247491638796 0.819055167444481
7.45819397993311 0.823270887884339
7.49163879598662 0.827409085643422
7.52508361204013 0.831470221231793
7.55852842809364 0.835454800487235
7.59197324414716 0.839363372252596
7.62541806020067 0.843196526070636
7.65886287625418 0.846954889901766
7.69230769230769 0.850639127869604
7.7257525083612 0.854249938038944
7.75919732441471 0.857788050230312
7.79264214046823 0.861254223874931
7.82608695652174 0.86464924591352
7.85953177257525 0.867973928742023
7.89297658862876 0.871229108206995
7.92642140468227 0.874415641653041
7.95986622073579 0.877534406024377
7.9933110367893 0.880586296022288
8.02675585284281 0.88357222231994
8.06020066889632 0.886493109835727
8.09364548494983 0.890225839343293
8.12709030100334 0.893862619132491
8.16053511705686 0.897392800769977
8.19397993311037 0.900818595049022
8.22742474916388 0.904142228441748
8.26086956521739 0.907365937983354
8.2943143812709 0.910491966465113
8.32775919732441 0.913522557931233
8.36120401337793 0.916459953473554
8.39464882943144 0.919306387317065
8.42809364548495 0.922064083188398
8.46153846153846 0.924735250958718
8.49498327759197 0.927322083551879
8.52842809364548 0.929826754108223
8.561872909699 0.932251413394045
8.59531772575251 0.934598187446474
8.62876254180602 0.93686917544335
8.66220735785953 0.939066447787569
8.69565217391304 0.941192044395347
8.72909698996656 0.943247973177885
8.76254180602007 0.945236208706021
8.79598662207358 0.947158691047577
8.82943143812709 0.949017324767316
8.8628762541806 0.950813978079637
8.89632107023411 0.952550482144379
8.92976588628762 0.954228630496406
8.96321070234114 0.955850178599926
8.99665551839465 0.95741684351882
9.03010033444816 0.958930303694595
9.06354515050167 0.960392198823903
9.09698996655518 0.961804129827915
9.1304347826087 0.9631676589062
9.16387959866221 0.964484309668085
9.19732441471572 0.965755567334846
9.23076923076923 0.966982879006404
9.26421404682274 0.968167653986549
9.29765886287625 0.969311264161046
9.33110367892977 0.970415044423304
9.36454849498328 0.971480293142591
9.39799331103679 0.972508272670121
9.4314381270903 0.973500209878577
9.46488294314381 0.974457296730991
9.49832775919732 0.975380690875105
9.53177257525084 0.976271516259664
9.56521739130435 0.9771308637693
9.59866220735786 0.977959791874917
9.63210702341137 0.978759327296747
9.66555183946488 0.9795304656774
9.69899665551839 0.980274172262519
9.73244147157191 0.980991382586768
9.76588628762542 0.981683003163125
9.79933110367893 0.982349912173593
9.83277591973244 0.982992960159623
9.86622073578595 0.983612970710681
9.89966555183946 0.984210741149558
9.93311036789298 0.984787043213138
9.96655518394649 0.985342623727475
10 0.985878205276147
