0 5.96957638281371e-06
0.0334448160535117 6.32927524859428e-06
0.0668896321070234 6.71064774705765e-06
0.100334448160535 7.11499980353107e-06
0.133779264214047 7.54371602846136e-06
0.167224080267559 7.99826445810302e-06
0.20066889632107 8.48020158079282e-06
0.234113712374582 8.99117766601068e-06
0.267558528428094 9.53294241446223e-06
0.301003344481605 1.01073509485159e-05
0.334448160535117 1.07163701634905e-05
0.367892976588629 1.13620854615246e-05
0.40133779264214 1.20467078910638e-05
0.434782608695652 1.2772581716391e-05
0.468227424749164 1.35421924430932e-05
0.501672240802676 1.43581753269162e-05
0.535117056856187 1.52233243951096e-05
0.568561872909699 1.61406020111176e-05
0.602006688963211 1.71131490153221e-05
0.635451505016722 1.81442954765184e-05
0.668896321070234 1.92375720908815e-05
0.702341137123746 2.03967222673985e-05
0.735785953177257 2.16257149410806e-05
0.769230769230769 2.29287581577536e-05
0.802675585284281 2.43103134768584e-05
0.836120401337793 2.57751112414834e-05
0.869565217391304 2.73281667678055e-05
0.903010033444816 2.89747975092553e-05
0.936454849498328 3.07206412540405e-05
0.969899665551839 3.25716754181842e-05
1.00334448160535 3.45342374999666e-05
1.03678929765886 3.66150467656125e-05
1.07023411371237 3.88212272402598e-05
1.10367892976589 4.11603320826851e-05
1.1371237458194 4.36403694269686e-05
1.17056856187291 4.62698297792694e-05
1.20401337792642 4.905771506317e-05
1.23745819397993 5.20135694126424e-05
1.27090301003344 5.51475118176319e-05
1.30434782608696 5.84702707335339e-05
1.33779264214047 6.1993220772505e-05
1.37123745819398 6.57284216016063e-05
1.40468227424749 6.96886591802516e-05
1.438127090301 7.38874894773577e-05
1.47157190635451 7.83392848169777e-05
1.50501672240803 8.30592830100917e-05
1.53846153846154 8.80636394396367e-05
1.57190635451505 9.33694822758275e-05
1.60535117056856 9.899497100938e-05
1.63879598662207 0.000104959358501425
1.67224080267559 0.000111283056760737
1.7056856187291 0.000117987706671443
1.73913043478261 0.000125096251907632
1.77257525083612 0.000132633017285354
1.80602006688963 0.000140623791817337
1.83946488294314 0.000149095916751514
1.87290969899666 0.000158078378891088
1.90635451505017 0.000167601909511493
1.93979933110368 0.000177699089208252
1.97324414715719 0.00018840445902945
2.0066889632107 0.000199754638267406
2.04013377926421 0.000211788449306204
2.07357859531773 0.000224547049945047
2.10702341137124 0.000238074073642076
2.14046822742475 0.000252415778149379
2.17391304347826 0.000267621203037449
2.20735785953177 0.000283742336636464
2.24080267558528 0.000300834292952549
2.2742474916388 0.000318955499149606
2.30769230769231 0.000338167894221648
2.34113712374582 0.000358537139516759
2.37458193979933 0.000380132841811988
2.40802675585284 0.000403028789678831
2.44147157190635 0.000427303203921434
2.47491638795987 0.000453039002914491
2.50836120401338 0.000480324083715032
2.54180602006689 0.000509251619872056
2.5752508361204 0.000539920376910386
2.60869565217391 0.000572435046520245
2.64214046822742 0.000606906600542105
2.67558528428094 0.000643452665897359
2.70903010033445 0.000682197921679499
2.74247491638796 0.000723274519687806
2.77591973244147 0.000766822529756281
2.80936454849498 0.000812990411304627
2.84280936454849 0.000861935512615853
2.87625418060201 0.000913824599426391
2.90969899665552 0.000968834414499785
2.94314381270903 0.00102715226994398
2.97658862876254 0.00108897667412516
3.01003344481605 0.00115451799512801
3.04347826086956 0.00122399916281327
3.07692307692308 0.00129765641162833
3.11036789297659 0.00137574006643594
3.1438127090301 0.00145851537373906
3.17725752508361 0.00154626338079707
3.21070234113712 0.00163928186524966
3.24414715719064 0.00173788631798916
3.27759197324415 0.00184241098215091
3.31103678929766 0.00195320995122219
3.34448160535117 0.00207065832940528
3.37792642140468 0.00219515345750703
3.41137123745819 0.00232711620776637
3.44481605351171 0.00246699235117189
3.47826086956522 0.00261525400096278
3.51170568561873 0.00277240113614721
3.54515050167224 0.00293896320901261
3.57859531772575 0.00311550084073917
3.61204013377926 0.00330260760936206
3.64548494983278 0.00350091193445589
3.67892976588629 0.00371107906303611
3.7123745819398 0.00393381316128382
3.74581939799331 0.00416985951679989
3.77926421404682 0.00442000685618026
3.81270903010033 0.00468508978277097
3.84615384615385 0.00496599133950795
3.87959866220736 0.0052636457017671
3.91304347826087 0.00557904100514045
3.94648829431438 0.00591322231300967
3.97993311036789 0.00626729472870209
4.0133779264214 0.00664242665688097
4.04682274247492 0.00703985321863352
4.08026755852843 0.00746087982446862
4.11371237458194 0.00790688590911294
4.14715719063545 0.00837932883158908
4.18060200668896 0.00887974794356029
4.21404682274247 0.00940976882832388
4.24749163879599 0.00997110771211204
4.2809364548495 0.0105655760485045
4.31438127090301 0.011195085275752
4.34782608695652 0.0118616517456392
4.38127090301003 0.0125674018211573
4.41471571906354 0.013314577138696
4.44816053511706 0.0141055400286718
4.48160535117057 0.0149427790864693
4.51505016722408 0.0158289148832538
4.54849498327759 0.0167667058035938
4.5819397993311 0.0177590539938814
4.61538461538461 0.0188090114022316
4.64882943143813 0.0199197858868448
4.68227424749164 0.0210947473657042
4.71571906354515 0.0223374339759181
4.74916387959866 0.0236515582059827
4.78260869565217 0.025041012958696
4.81605351170569 0.0265098774963851
4.8494983277592 0.028062423213482
4.88294314381271 0.0297031191742886
4.91638795986622 0.0314366373459913
4.94983277591973 0.0332678574486184
4.98327759197324 0.0352018713346809
5.01672240802676 0.0372439868017197
5.05016722408027 0.0393997307309268
5.08361204013378 0.0416748514344651
5.11705685618729 0.0440753200831498
5.1505016722408 0.0466073310748648
5.18394648829431 0.0492773011925896
5.21739130434783 0.0520918673893651
5.25083612040134 0.0550578830260999
5.28428093645485 0.0581824123770606
5.31772575250836 0.0614727232074539
5.35117056856187 0.0649362772180199
5.38461538461538 0.068580718143379
5.4180602006689 0.0724138572844371
5.45150501672241 0.076443656250916
5.48494983277592 0.0806782066885899
5.51839464882943 0.0851257067676216
5.55183946488294 0.0897944342141763
5.58528428093645 0.0946927156778608
5.61872909698997 0.099828892243249
5.65217391304348 0.105211280915459
5.68561872909699 0.110848131938213
5.7190635451505 0.116747581838662
5.75250836120401 0.12291760213715
5.78595317725753 0.129365943712549
5.81939799331104 0.133473394823611
5.85284280936455 0.13720897828338
5.88628762541806 0.141032095266485
5.91973244147157 0.144943841897754
5.95317725752508 0.148945273305757
5.9866220735786 0.153037400072367
6.02006688963211 0.157221184598084
6.05351170568562 0.161497537390232
6.08695652173913 0.165867313282002
6.12040133779264 0.170331307591176
6.15384615384615 0.17489025222829
6.18729096989967 0.179544811764897
6.22073578595318 0.184295579473499
6.25418060200669 0.189143073351642
6.2876254180602 0.194087732143581
6.32107023411371 0.199129911373813
6.35451505016722 0.204269879407624
6.38795986622074 0.209507813554688
6.42140468227425 0.214843796232476
6.45484949832776 0.220277811207058
6.48829431438127 0.225809739929493
6.52173913043478 0.231439357986663
6.55518394648829 0.237166331685921
6.58862876254181 0.24299021479334
6.62207357859532 0.248910445445723
6.65551839464883 0.254926343256724
6.68896321070234 0.261037106637538
6.72240802675585 0.267241810352595
6.75585284280936 0.273539403330502
6.78929765886288 0.279928706750174
6.82274247491639 0.286408412421594
6.8561872909699 0.292977081480038
6.88963210702341 0.299633143411765
6.92307692307692 0.306374895428221
6.95652173913043 0.313200502204683
6.98996655518395 0.32010799599791
7.02341137123746 0.327095277155974
7.05685618729097 0.33416011503173
7.09030100334448 0.341300149309665
7.12374581939799 0.348512891753886
7.1571906354515 0.355795728382952
7.19063545150502 0.363145922075075
7.22408026755853 0.370560615604883
7.25752508361204 0.378036835110572
7.29096989966555 0.385571493987783
7.32441471571906 0.393161397204022
7.35785953177257 0.40080324602489
7.39130434782609 0.408493643140805
7.4247491638796 0.416229098180352
7.45819397993311 0.424006033593868
7.49163879598662 0.431820790888409
7.52508361204013 0.439669637192862
7.55852842809364 0.447548772129711
7.59197324414716 0.455454334967797
7.62541806020067 0.46338241202847
7.65886287625418 0.471329044315679
7.69230769230769 0.479290235338953
7.7257525083612 0.487261959096845
7.75919732441471 0.495240168187173
7.79264214046823 0.503220802009546
7.82608695652174 0.511199795024897
7.85953177257525 0.519173085036389
7.89297658862876 0.527136621455852
7.92642140468227 0.535086373520066
7.95986622073579 0.543018338421512
7.9933110367893 0.550928549318916
8.02675585284281 0.558813083193744
8.06020066889632 0.566668068519955
8.09364548494983 0.574489692715682
8.12709030100334 0.582274209347072
8.16053511705686 0.590017945056294
8.19397993311037 0.597717306187697
8.22742474916388 0.605368785088166
8.26086956521739 0.612968966060015
8.2943143812709 0.620514530947091
8.32775919732441 0.628002264337219
8.36120401337793 0.635429058366623
8.39464882943144 0.642791917114531
8.42809364548495 0.650087960578712
8.46153846153846 0.657314428225283
8.49498327759197 0.664468682108647
8.52842809364548 0.671548209559897
8.561872909699 0.678550625444444
8.59531772575251 0.685473673991946
8.62876254180602 0.692315230203832
8.66220735785953 0.699073300845795
8.69565217391304 0.705746025034624
8.72909698996656 0.712331674430518
8.76254180602007 0.718828653047725
8.79598662207358 0.725235496697831
8.82943143812709 0.73155087208137
8.8628762541806 0.737773575544597
8.89632107023411 0.743902531519258
8.92976588628762 0.749936790664048
8.96321070234114 0.755875527727081
8.99665551839465 0.761718039149244
9.03010033444816 0.767463740428619
9.06354515050167 0.772496327747444
9.09698996655518 0.775899873381355
9.1304347826087 0.779267050029271
9.16387959866221 0.782597809574191
9.19732441471572 0.785892118588127
9.23076923076923 0.789149958035379
9.26421404682274 0.792371322969442
9.29765886287625 0.795556222224179
9.33110367892977 0.798704678099823
9.36454849498328 0.801816726044406
9.39799331103679 0.804892414331185
9.4314381270903 0.80793180373261
9.46488294314381 0.810934967191388
9.49832775919732 0.813901989489166
9.53177257525084 0.816832966913338
9.56521739130435 0.819728006922492
9.59866220735786 0.822587227810959
9.63210702341137 0.825410758372933
9.66555183946488 0.828198737566626
9.69899665551839 0.83095131417886
9.73244147157191 0.833668646490536
9.76588628762542 0.836350901943358
9.79933110367893 0.8389982568082
9.83277591973244 0.841610895855475
9.86622073578595 0.844189012027841
9.89966555183946 0.846732806115589
9.93311036789298 0.849242486434994
9.96655518394649 0.851718268509949
10 0.854160374757126
