0 0.0235302116078204
0.0334448160535117 0.0241169511940216
0.0668896321070234 0.0247179511195767
0.100334448160535 0.0253335393019317
0.133779264214047 0.0259640502583334
0.167224080267559 0.0266098251904842
0.20066889632107 0.0272712120676091
0.234113712374582 0.0279485657077454
0.267558528428094 0.028642247857051
0.301003344481605 0.0293526272669218
0.334448160535117 0.0300800797686958
0.367892976588629 0.0308249883457102
0.40133779264214 0.0315661997813464
0.434782608695652 0.0323179610991479
0.468227424749164 0.0330870142235279
0.501672240802676 0.0338737274732962
0.535117056856187 0.0346784755979611
0.568561872909699 0.0355016398202639
0.602006688963211 0.0363436078750686
0.635451505016722 0.0372047740443544
0.668896321070234 0.0380855391880527
0.702341137123746 0.038986310770454
0.735785953177257 0.0399075028819068
0.769230769230769 0.0408495362555156
0.802675585284281 0.0418128382785383
0.836120401337793 0.0427978429981702
0.869565217391304 0.0438049911213943
0.903010033444816 0.0448347300085648
0.936454849498328 0.0458875136603829
0.969899665551839 0.0469638026979106
1.00334448160535 0.0480640643352614
1.03678929765886 0.0491887723445941
1.07023411371237 0.0503384070130266
1.10367892976589 0.0515134550910782
1.1371237458194 0.052714409732236
1.17056856187291 0.0539417704232355
1.20401337792642 0.0551960429046339
1.23745819397993 0.0564777390812463
1.27090301003344 0.0577873769220067
1.30434782608696 0.0591254803488096
1.33779264214047 0.0604925791138773
1.37123745819398 0.0618892086651945
1.40468227424749 0.0633159099995438
1.438127090301 0.0647732295026715
1.47157190635451 0.0662617187761074
1.50501672240803 0.0677819344501604
1.53846153846154 0.0693344379826068
1.57190635451505 0.0709197954425891
1.60535117056856 0.0725385772792404
1.63879598662207 0.0741913580745524
1.67224080267559 0.0758787162800039
1.7056856187291 0.0776012339364758
1.73913043478261 0.079359496376976
1.77257525083612 0.0811540919117128
1.80602006688963 0.0829856114950565
1.83946488294314 0.0848546483739438
1.87290969899666 0.0867617977172899
1.90635451505017 0.0887076562259886
1.93979933110368 0.090692821723096
1.97324414715719 0.0927178927238132
2.0066889632107 0.0947834679849041
2.04013377926421 0.0968901460332083
2.07357859531773 0.0990385246729352
2.10702341137124 0.101229200471455
2.14046822742475 0.103462768223334
2.17391304347826 0.105739820392392
2.20735785953177 0.108060946531611
2.24080267558528 0.110426732680744
2.2742474916388 0.112837760741537
2.30769230769231 0.115294607830513
2.34113712374582 0.117792900851443
2.37458193979933 0.120181108925571
2.40802675585284 0.122611007526284
2.44147157190635 0.12508305071243
2.47491638795987 0.127597686176228
2.50836120401338 0.130155354682328
2.54180602006689 0.132756489492477
2.5752508361204 0.135401515776076
2.60869565217391 0.138090850006947
2.64214046822742 0.140824899346683
2.67558528428094 0.143604061014988
2.70903010033445 0.146428721647494
2.74247491638796 0.149299256641557
2.77591973244147 0.152216029490619
2.80936454849498 0.155179391107769
2.84280936454849 0.158189679139185
2.87625418060201 0.161247217268204
2.90969899665552 0.16435231451083
2.94314381270903 0.167505264503537
2.97658862876254 0.17070634478431
3.01003344481605 0.173955816067888
3.04347826086956 0.177253921516278
3.07692307692308 0.180600886005641
3.11036789297659 0.183996915390728
3.1438127090301 0.187442195768097
3.17725752508361 0.190936892739406
3.21070234113712 0.194481150676142
3.24414715719064 0.198075091987189
3.27759197324415 0.201718816390722
3.31103678929766 0.205412400191935
3.34448160535117 0.209155895568203
3.37792642140468 0.212949329863289
3.41137123745819 0.216792704892288
3.44481605351171 0.220685996259034
3.47826086956522 0.224629152687721
3.51170568561873 0.228622095370562
3.54515050167224 0.232664717333304
3.57859531772575 0.236756882820477
3.61204013377926 0.24089842670227
3.64548494983278 0.245089153904926
3.67892976588629 0.249328838866603
3.7123745819398 0.253617225020609
3.74581939799331 0.257954024307953
3.77926421404682 0.26233891672114
3.81270903010033 0.266771549881116
3.84615384615385 0.271251538649259
3.87959866220736 0.275778464776288
3.91304347826087 0.280351876589913
3.94648829431438 0.284971288723034
3.97993311036789 0.289636181884206
4.0133779264214 0.294346002672077
4.04682274247492 0.299100163435402
4.08026755852843 0.303898042180178
4.11371237458194 0.308738982525366
4.14715719063545 0.313622293708568
4.18060200668896 0.318043569630538
4.21404682274247 0.320664519853887
4.24749163879599 0.323296829512968
4.2809364548495 0.32594038002512
4.31438127090301 0.328595050151582
4.34782608695652 0.331260716008145
4.38127090301003 0.33393725107704
4.41471571906354 0.336624526220046
4.44816053511706 0.339322409692837
4.48160535117057 0.342030767160566
4.51505016722408 0.344749461714698
4.54849498327759 0.347478353891085
4.5819397993311 0.350217301689304
4.61538461538461 0.352966160593239
4.64882943143813 0.355724783592918
4.68227424749164 0.358493021207611
4.71571906354515 0.361270721510178
4.74916387959866 0.364057730152662
4.78260869565217 0.366853890393145
4.81605351170569 0.369659043123832
4.8494983277592 0.372473026900383
4.88294314381271 0.375295677972477
4.91638795986622 0.3781268303156
4.94983277591973 0.380966315664048
4.98327759197324 0.38381396354514
5.01672240802676 0.386669601314628
5.05016722408027 0.389533054193293
5.08361204013378 0.39240414530471
5.11705685618729 0.395282695714177
5.1505016722408 0.398168524468785
5.18394648829431 0.40106144863862
5.21739130434783 0.403961283359071
5.25083612040134 0.406867841874238
5.28428093645485 0.409780935581412
5.31772575250836 0.412700374076609
5.35117056856187 0.41562596520114
5.38461538461538 0.418557515089191
5.4180602006689 0.421494828216395
5.45150501672241 0.424437707449364
5.48494983277592 0.427385954096169
5.51839464882943 0.430339367957723
5.55183946488294 0.433297747380068
5.58528428093645 0.436260889307504
5.61872909698997 0.439228589336564
5.65217391304348 0.442200641770784
5.68561872909699 0.44517683967625
5.7190635451505 0.44815697493788
5.75250836120401 0.451140838316423
5.78595317725753 0.454128219506132
5.81939799331104 0.457118907193081
5.85284280936455 0.460112689114095
5.88628762541806 0.463109352116255
5.91973244147157 0.466108682216944
5.95317725752508 0.469110464664398
5.9866220735786 0.472114483998734
6.02006688963211 0.475120524113399
6.05351170568562 0.478128368317028
6.08695652173913 0.481137799395652
6.12040133779264 0.484148599675232
6.15384615384615 0.487160551084473
6.18729096989967 0.490173435217889
6.22073578595318 0.493187033399065
6.25418060200669 0.49620112674409
6.2876254180602 0.499215496225125
6.32107023411371 0.502229922734047
6.35451505016722 0.505244187146152
6.38795986622074 0.508258070383865
6.42140468227425 0.511271353480424
6.45484949832776 0.514283817643487
6.48829431438127 0.517295244318644
6.52173913043478 0.520305415252771
6.55518394648829 0.523314112557203
6.58862876254181 0.526321118770685
6.62207357859532 0.529326216922053
6.65551839464883 0.532329190592617
6.68896321070234 0.535329823978211
6.72240802675585 0.538327901950853
6.75585284280936 0.54132321012
6.78929765886288 0.544315534893352
6.82274247491639 0.547304663537163
6.8561872909699 0.550290384236035
6.88963210702341 0.553272486152149
6.92307692307692 0.556250759483909
6.95652173913043 0.559224995523948
6.98996655518395 0.562194986716489
7.02341137123746 0.565160526713998
7.05685618729097 0.568121410433123
7.09030100334448 0.57107743410987
7.12374581939799 0.574028395353991
7.1571906354515 0.576974093202565
7.19063545150502 0.579914328172723
7.22408026755853 0.582848902313502
7.25752508361204 0.584296170187185
7.29096989966555 0.583412208620276
7.32441471571906 0.582527710382624
7.35785953177257 0.581642680844395
7.39130434782609 0.580757125389249
7.4247491638796 0.579871049414206
7.45819397993311 0.578984458329531
7.49163879598662 0.5780973575586
7.52508361204013 0.577209752537779
7.55852842809364 0.576321648716293
7.59197324414716 0.575433051556098
7.62541806020067 0.574543966531757
7.65886287625418 0.573654399130304
7.69230769230769 0.572764354851117
7.7257525083612 0.571873839205788
7.75919732441471 0.570982857717991
7.79264214046823 0.570091415923351
7.82608695652174 0.569199519369307
7.85953177257525 0.568307173614984
7.89297658862876 0.567414384231055
7.92642140468227 0.566521156799611
7.95986622073579 0.565627496914021
7.9933110367893 0.564733410178798
8.02675585284281 0.563838902209463
8.06020066889632 0.562943978632408
8.09364548494983 0.562048645084759
8.12709030100334 0.561152907214235
8.16053511705686 0.560256770679013
8.19397993311037 0.559360241147586
8.22742474916388 0.558463324298623
8.26086956521739 0.557566025820831
8.2943143812709 0.556668351412812
8.32775919732441 0.555770306782922
8.36120401337793 0.554871897649128
8.39464882943144 0.553973129738868
8.42809364548495 0.553074008788904
8.46153846153846 0.552174540545182
8.49498327759197 0.551274730762685
8.52842809364548 0.550374585205291
8.561872909699 0.549474109645626
8.59531772575251 0.54857330986492
8.62876254180602 0.547672191652858
8.66220735785953 0.546770760807436
8.69565217391304 0.545869023134814
8.72909698996656 0.544966984449167
8.76254180602007 0.544064650572539
8.79598662207358 0.543162027334693
8.82943143812709 0.542259120572962
8.8628762541806 0.541355936132101
8.89632107023411 0.54045247986414
8.92976588628762 0.539548757628227
8.96321070234114 0.538644775290484
8.99665551839465 0.537740538723852
9.03010033444816 0.536836053807945
9.06354515050167 0.535931326428892
9.09698996655518 0.53502636247919
9.1304347826087 0.534121167857549
9.16387959866221 0.533215748468743
9.19732441471572 0.532310110223451
9.23076923076923 0.53140425903811
9.26421404682274 0.530498200834757
9.29765886287625 0.529591941540878
9.33110367892977 0.528685487089253
9.36454849498328 0.527778843417801
9.39799331103679 0.526872016469423
9.4314381270903 0.525965012191852
9.46488294314381 0.525057836537494
9.49832775919732 0.524150495463275
9.53177257525084 0.52324299493048
9.56521739130435 0.522335340904604
9.59866220735786 0.521427539355191
9.63210702341137 0.520519596255677
9.66555183946488 0.519611517583238
9.69899665551839 0.518703309318628
9.73244147157191 0.517794977446022
9.76588628762542 0.516886527952864
9.79933110367893 0.515977966829704
9.83277591973244 0.515069300070042
9.86622073578595 0.514160533670169
9.89966555183946 0.513251673629012
9.93311036789298 0.512342725947974
9.96655518394649 0.511433696630775
10 0.510524591683293
