0 0.0809950343842028
0.0334448160535117 0.0825133379364348
0.0668896321070234 0.0840574997973188
0.100334448160535 0.0856278622645991
0.133779264214047 0.0872247684505506
0.167224080267559 0.0888485621227435
0.20066889632107 0.0904995875381887
0.234113712374582 0.0921781892707567
0.267558528428094 0.093884712031772
0.301003344481605 0.0956195004836887
0.334448160535117 0.0973828990467593
0.367892976588629 0.0991752516986153
0.40133779264214 0.100996901766686
0.434782608695652 0.102848191713385
0.468227424749164 0.104729462914014
0.501672240802676 0.106641055427323
0.535117056856187 0.108583307758693
0.568561872909699 0.11055655661591
0.602006688963211 0.112561136657509
0.635451505016722 0.114597380233679
0.668896321070234 0.116665617119726
0.702341137123746 0.118766174242122
0.735785953177257 0.120899375397158
0.769230769230769 0.123065540962239
0.802675585284281 0.125264987599891
0.836120401337793 0.12749802795454
0.869565217391304 0.129764970342153
0.903010033444816 0.132066118432843
0.936454849498328 0.134401770926565
0.969899665551839 0.136772221222024
1.00334448160535 0.139177757078974
1.03678929765886 0.141618660274063
1.07023411371237 0.14409520625043
1.10367892976589 0.146607663761258
1.1371237458194 0.149156294507531
1.17056856187291 0.151741352770237
1.20401337792642 0.154363085037306
1.23745819397993 0.157021729625571
1.27090301003344 0.159717516298084
1.30434782608696 0.162450665877122
1.33779264214047 0.165221389853263
1.37123745819398 0.168029889990906
1.40468227424749 0.17087635793066
1.438127090301 0.173760974789048
1.47157190635451 0.176683910755964
1.50501672240803 0.179645324690395
1.53846153846154 0.1826453637149
1.57190635451505 0.185684162809383
1.60535117056856 0.188761844404731
1.63879598662207 0.191878517976869
1.67224080267559 0.195034279641864
1.7056856187291 0.198229211752685
1.73913043478261 0.201463382498269
1.77257525083612 0.204736845505577
1.80602006688963 0.208049639445297
1.83946488294314 0.211401787641939
1.87290969899666 0.214793297689024
1.90635451505017 0.218224161070121
1.93979933110368 0.221694352786493
1.97324414715719 0.225203830992128
2.0066889632107 0.228752536636946
2.04013377926421 0.232340393118984
2.07357859531773 0.235967305946371
2.10702341137124 0.239633162409922
2.14046822742475 0.243337831267168
2.17391304347826 0.247081162438674
2.20735785953177 0.250862986717468
2.24080267558528 0.254683115492431
2.2742474916388 0.258541340486479
2.30769230769231 0.262437433510377
2.34113712374582 0.266371146233015
2.37458193979933 0.270342209968964
2.40802675585284 0.274350335484124
2.44147157190635 0.278395212820261
2.47491638795987 0.282476511139216
2.50836120401338 0.28659387858755
2.54180602006689 0.290746942182355
2.5752508361204 0.294935307718974
2.60869565217391 0.299158559701284
2.64214046822742 0.303416261295241
2.67558528428094 0.307707954306285
2.70903010033445 0.312033159181216
2.74247491638796 0.316391375035086
2.77591973244147 0.320782079703635
2.80936454849498 0.325204729821718
2.84280936454849 0.329658760928182
2.87625418060201 0.334143587597539
2.90969899665552 0.338658603598779
2.94314381270903 0.343203182081595
2.97658862876254 0.347776675790234
3.01003344481605 0.352378417305139
3.04347826086956 0.357007719312484
3.07692307692308 0.361663874901644
3.11036789297659 0.366346157890585
3.1438127090301 0.371053823179078
3.17725752508361 0.375786107129608
3.21070234113712 0.380542227975745
3.24414715719064 0.38532138625772
3.27759197324415 0.390122765284834
3.31103678929766 0.394945531624313
3.34448160535117 0.399788835616113
3.37792642140468 0.404651811913134
3.41137123745819 0.409533580046234
3.44481605351171 0.41443324501336
3.47826086956522 0.419349897892057
3.51170568561873 0.424282616474554
3.54515050167224 0.429230465924555
3.57859531772575 0.434192499454811
3.61204013377926 0.439167759024489
3.64548494983278 0.444155276055304
3.67892976588629 0.449154072165309
3.7123745819398 0.454163159919219
3.74581939799331 0.459181543594059
3.77926421404682 0.464208219958914
3.81270903010033 0.469242179067509
3.84615384615385 0.474282405062297
3.87959866220736 0.479327876988705
3.91304347826087 0.484377569618186
3.94648829431438 0.489430454278642
3.97993311036789 0.494485499690821
4.0133779264214 0.499541672809228
4.04682274247492 0.504597939666114
4.08026755852843 0.509653266217051
4.11371237458194 0.514706619186655
4.14715719063545 0.519756966912964
4.18060200668896 0.524803280189019
4.21404682274247 0.529844533100185
4.24749163879599 0.534879703855763
4.2809364548495 0.539907775613484
4.31438127090301 0.544927737295454
4.34782608695652 0.549938584394185
4.38127090301003 0.55493931976736
4.41471571906354 0.55992895442
4.44816053511706 0.564906508272769
4.48160535117057 0.569871010915159
4.51505016722408 0.574821502342369
4.54849498327759 0.579757033674716
4.5819397993311 0.584676667858486
4.61538461538461 0.589579480347171
4.64882943143813 0.594464559762096
4.68227424749164 0.599331008531507
4.71571906354515 0.604177943507233
4.74916387959866 0.609004496558113
4.78260869565217 0.613809815139434
4.81605351170569 0.618593062837689
4.8494983277592 0.623353419890031
4.88294314381271 0.628090083677864
4.91638795986622 0.632802269194091
4.94983277591973 0.637489209483569
4.98327759197324 0.642150156056445
5.01672240802676 0.646784379274052
5.05016722408027 0.651391168707164
5.08361204013378 0.655969833466436
5.11705685618729 0.660519702504937
5.1505016722408 0.66504012489275
5.18394648829431 0.669530470063661
5.21739130434783 0.673990128034044
5.25083612040134 0.678418509594075
5.28428093645485 0.682815046471495
5.31772575250836 0.687179191468187
5.35117056856187 0.691510418569874
5.38461538461538 0.695808223029321
5.4180602006689 0.70007212142344
5.45150501672241 0.704301651684784
5.48494983277592 0.708496373107911
5.51839464882943 0.71265586633119
5.55183946488294 0.716779733294616
5.58528428093645 0.720867597174271
5.61872909698997 0.72491910229408
5.65217391304348 0.728933914015539
5.68561872909699 0.732911718606149
5.7190635451505 0.736852223087267
5.75250836120401 0.740755155062157
5.78595317725753 0.744620262525
5.81939799331104 0.748447313651673
5.85284280936455 0.752236096573095
5.88628762541806 0.755986419131963
5.91973244147157 0.759698108623708
5.95317725752508 0.763371011522504
5.9866220735786 0.767004993193167
6.02006688963211 0.770599937589785
6.05351170568562 0.774155746941912
6.08695652173913 0.777672341429181
6.12040133779264 0.781149658845134
6.15384615384615 0.784587654251125
6.18729096989967 0.787986299621099
6.22073578595318 0.791345583478035
6.25418060200669 0.794665510522885
6.2876254180602 0.797946101256744
6.32107023411371 0.801187391597049
6.35451505016722 0.804389432488534
6.38795986622074 0.80755228950969
6.42140468227425 0.810676042475416
6.45484949832776 0.813760785036588
6.48829431438127 0.81680662427718
6.52173913043478 0.819813680309627
6.55518394648829 0.822782085869023
6.58862876254181 0.825711985906789
6.62207357859532 0.828603537184383
6.65551839464883 0.831456907867607
6.68896321070234 0.834272277122067
6.72240802675585 0.837049834710281
6.75585284280936 0.839789780590936
6.78929765886288 0.842492324520759
6.82274247491639 0.845157685659441
6.8561872909699 0.847786092178033
6.88963210702341 0.850377780871218
6.92307692307692 0.852932996773812
6.95652173913043 0.855451992781864
6.98996655518395 0.85793502927867
7.02341137123746 0.860382373765993
7.05685618729097 0.862794300500802
7.09030100334448 0.86517109013775
7.12374581939799 0.867513029377661
7.1571906354515 0.869820410622231
7.19063545150502 0.872093531635136
7.22408026755853 0.874332695209735
7.25752508361204 0.876538208843525
7.29096989966555 0.878710384419481
7.32441471571906 0.880849537894414
7.35785953177257 0.882955988994453
7.39130434782609 0.88503006091773
7.4247491638796 0.887072080044353
7.45819397993311 0.889082375653721
7.49163879598662 0.89106127964923
7.52508361204013 0.893009126290387
7.55852842809364 0.894926251932371
7.59197324414716 0.896812994773027
7.62541806020067 0.898669694607289
7.65886287625418 0.900496692589028
7.69230769230769 0.902294331000276
7.7257525083612 0.9040629530278
7.75919732441471 0.905802902546975
7.79264214046823 0.907514523912894
7.82608695652174 0.909198161758655
7.85953177257525 0.910854160800756
7.89297658862876 0.912482865651499
7.92642140468227 0.914084620638344
7.95986622073579 0.915659769630093
7.9933110367893 0.917208655869825
8.02675585284281 0.918731621814471
8.06020066889632 0.920229008980917
8.09364548494983 0.921701157798529
8.12709030100334 0.923148407467988
8.16053511705686 0.924571095826297
8.19397993311037 0.925969559217862
8.22742474916388 0.927344132371503
8.26086956521739 0.928695148283283
8.2943143812709 0.930022938105011
8.32775919732441 0.931327831038299
8.36120401337793 0.932610154234042
8.39464882943144 0.933870232697185
8.42809364548495 0.93510838919664
8.46153846153846 0.936324944180229
8.49498327759197 0.937520215694514
8.52842809364548 0.93869451930938
8.561872909699 0.939848168047242
8.59531772575251 0.940981472316735
8.62876254180602 0.942094739850773
8.66220735785953 0.943188275648822
8.69565217391304 0.944262381923279
8.72909698996656 0.945317358049816
8.76254180602007 0.946353500521562
8.79598662207358 0.94737110290701
8.82943143812709 0.948370455811507
8.8628762541806 0.94935184684222
8.89632107023411 0.950315560576446
8.92976588628762 0.951261878533157
8.96321070234114 0.95219107914766
8.99665551839465 0.953103437749251
9.03010033444816 0.953999226541765
9.06354515050167 0.954878714586897
9.09698996655518 0.955742167790194
9.1304347826087 0.956589848889617
9.16387959866221 0.957422017446552
9.19732441471572 0.958238929839192
9.23076923076923 0.959040839258175
9.26421404682274 0.959827995704386
9.29765886287625 0.960600645988831
9.33110367892977 0.961359033734488
9.36454849498328 0.962103399380053
9.39799331103679 0.962833980185484
9.4314381270903 0.963551010239262
9.46488294314381 0.964254720467296
9.49832775919732 0.964945338643373
9.53177257525084 0.965623089401101
9.56521739130435 0.966288194247239
9.59866220735786 0.966940871576373
9.63210702341137 0.967581336686841
9.66555183946488 0.968209801797852
9.69899665551839 0.968826476067736
9.73244147157191 0.969431565613242
9.76588628762542 0.970025273529845
9.79933110367893 0.97060779991299
9.83277591973244 0.971179341880207
9.86622073578595 0.971740093594064
9.89966555183946 0.972290246285879
9.93311036789298 0.972829988280157
9.96655518394649 0.973359505019687
10 0.97387897909127
