0 0.000869473509269048
0.0334448160535117 0.000902909368768359
0.0668896321070234 0.000937629807437506
0.100334448160535 0.000973684083208655
0.133779264214047 0.00101112333542508
0.167224080267559 0.00105000065612061
0.20066889632107 0.00109037116395395
0.234113712374582 0.00113229208089317
0.267558528428094 0.00117582281174867
0.301003344481605 0.00122102502665644
0.334448160535117 0.00126796274661636
0.367892976588629 0.00131670243219388
0.40133779264214 0.00136731307549687
0.434782608695652 0.00141986629554279
0.468227424749164 0.00147443643713518
0.501672240802676 0.00153110067337188
0.535117056856187 0.00158993911191137
0.568561872909699 0.0016510349051272
0.602006688963211 0.00171447436428473
0.635451505016722 0.00178034707787789
0.668896321070234 0.00184874603426803
0.702341137123746 0.00191976774877097
0.735785953177257 0.00199351239534212
0.769230769230769 0.00207008394301434
0.802675585284281 0.00214959029724671
0.836120401337793 0.00223214344634715
0.869565217391304 0.00231785961313575
0.903010033444816 0.00240685941202018
0.936454849498328 0.00249926801165849
0.969899665551839 0.00259521530338925
1.00334448160535 0.00269483607561292
1.03678929765886 0.00279827019431254
1.07023411371237 0.0029056627899062
1.10367892976589 0.00301716445062747
1.1371237458194 0.00313293142263426
1.17056856187291 0.00325312581705011
1.20401337792642 0.00337791582414593
1.23745819397993 0.00350747593487347
1.27090301003344 0.00364198716996539
1.30434782608696 0.00378163731681971
1.33779264214047 0.00392662117438952
1.37123745819398 0.00407714080630113
1.40468227424749 0.00423340580242636
1.438127090301 0.00439563354913628
1.47157190635451 0.00456404950846529
1.50501672240803 0.0047388875064154
1.53846153846154 0.00492039003063089
1.57190635451505 0.00510880853767339
1.60535117056856 0.00530440377012674
1.63879598662207 0.0055074460837592
1.67224080267559 0.00571821578496855
1.7056856187291 0.00593700347873197
1.73913043478261 0.00616411042727901
1.77257525083612 0.0063998489196999
1.80602006688963 0.00664454265269608
1.83946488294314 0.00689852712267104
1.87290969899666 0.00716215002935146
1.90635451505017 0.00743577169111767
1.93979933110368 0.00771976547221012
1.97324414715719 0.00801451822196512
2.0066889632107 0.00832043072621678
2.04013377926421 0.00863791817098452
2.07357859531773 0.00896741061854503
2.10702341137124 0.00930935349596532
2.14046822742475 0.00966420809614806
2.17391304347826 0.0100324520914127
2.20735785953177 0.0104145800596046
2.24080267558528 0.0108111040226899
2.2742474916388 0.011222553997758
2.30769230769231 0.0116494785603084
2.34113712374582 0.0120889633428107
2.37458193979933 0.0125437533853778
2.40802675585284 0.0130154273411668
2.44147157190635 0.0135045947612659
2.47491638795987 0.0140118858828689
2.50836120401338 0.0145379522296324
2.54180602006689 0.0150834672213846
2.5752508361204 0.015649126792612
2.60869565217391 0.0162356500190702
2.64214046822742 0.0168437797517754
2.67558528428094 0.0174742832575433
2.70903010033445 0.0181279528651381
2.74247491638796 0.0188056066159906
2.77591973244147 0.0195080889183236
2.80936454849498 0.020236271203407
2.84280936454849 0.0209910525825263
2.87625418060201 0.0217733605031145
2.90969899665552 0.0225841514023433
2.94314381270903 0.023424411356317
2.97658862876254 0.0242951567228391
3.01003344481605 0.0251974347755504
3.04347826086956 0.0261323243270453
3.07692307692308 0.0271009363383781
3.11036789297659 0.0281044145121641
3.1438127090301 0.0291439358662599
3.17725752508361 0.0302207112847796
3.21070234113712 0.0313359860429665
3.24414715719064 0.0324910403021875
3.27759197324415 0.0336871895710577
3.31103678929766 0.034925785128438
3.34448160535117 0.0362082144037617
3.37792642140468 0.0375359013098647
3.41137123745819 0.0389103065231944
3.44481605351171 0.0403329277059684
3.47826086956522 0.0418052996645454
3.51170568561873 0.0433289944379525
3.54515050167224 0.0449056213101976
3.57859531772575 0.0465368267396682
3.61204013377926 0.0482242941986009
3.64548494983278 0.0499697439152823
3.67892976588629 0.0517749325113263
3.7123745819398 0.053641652526064
3.74581939799331 0.0555717318197816
3.77926421404682 0.0575670328472569
3.81270903010033 0.0596294517927743
3.84615384615385 0.0617609175575507
3.87959866220736 0.0639633905902828
3.91304347826087 0.0662388615513335
3.94648829431438 0.068589349800919
3.97993311036789 0.0710169017015435
4.0133779264214 0.0735235887248624
4.04682274247492 0.0761115053531389
4.08026755852843 0.0787827667655097
4.11371237458194 0.081539506299388
4.14715719063545 0.0843838726775249
4.18060200668896 0.0873180269915236
4.21404682274247 0.0903441394329646
4.24749163879599 0.093464385763767
4.2809364548495 0.0966809435179795
4.31438127090301 0.099995987927883
4.34782608695652 0.103411687568097
4.38127090301003 0.106930199712325
4.41471571906354 0.110553665398445
4.44816053511706 0.114284204198897
4.48160535117057 0.118123908694663
4.51505016722408 0.122074838652711
4.54849498327759 0.126139014908417
4.5819397993311 0.130318412956389
4.61538461538461 0.134614956255095
4.64882943143813 0.139030509252906
4.68227424749164 0.143566870145507
4.71571906354515 0.148225763377131
4.74916387959866 0.153008831900727
4.78260869565217 0.157917629214958
4.81605351170569 0.16295361119886
4.8494983277592 0.168118127768009
4.88294314381271 0.173412414379173
4.91638795986622 0.178837583413615
4.94983277591973 0.184394615472442
4.98327759197324 0.190084350620664
5.01672240802676 0.195522795818681
5.05016722408027 0.20010960207417
5.08361204013378 0.204776621211971
5.11705685618729 0.20952397490635
5.1505016722408 0.214351720789543
5.18394648829431 0.219259850165717
5.21739130434783 0.224248285777626
5.25083612040134 0.229316879635386
5.28428093645485 0.234465410916973
5.31772575250836 0.239693583950305
5.35117056856187 0.245001026286905
5.38461538461538 0.25038728687727
5.4180602006689 0.255851834358149
5.45150501672241 0.261394055461938
5.48494983277592 0.267013253558382
5.51839464882943 0.272708647338663
5.55183946488294 0.2784793696518
5.58528428093645 0.284324466503091
5.61872909698997 0.290242896224
5.65217391304348 0.296233528822571
5.68561872909699 0.30229514552303
5.7190635451505 0.308426438502726
5.75250836120401 0.314626010834016
5.78595317725753 0.320892376638082
5.81939799331104 0.327223961456939
5.85284280936455 0.333619102849189
5.88628762541806 0.340076051214187
5.91973244147157 0.346592970848465
5.95317725752508 0.353167941237281
5.9866220735786 0.359798958583188
6.02006688963211 0.366483937572494
6.05351170568562 0.373220713379382
6.08695652173913 0.380007043906399
6.12040133779264 0.386840612258838
6.15384615384615 0.393719029449428
6.18729096989967 0.400639837328578
6.22073578595318 0.407600511734236
6.25418060200669 0.414598465854313
6.2876254180602 0.421631053793427
6.32107023411371 0.428695574334671
6.35451505016722 0.435789274885962
6.38795986622074 0.442909355599556
6.42140468227425 0.450052973652267
6.45484949832776 0.457217247673055
6.48829431438127 0.464399262303741
6.52173913043478 0.47159607287787
6.55518394648829 0.478804710202005
6.58862876254181 0.486022185423143
6.62207357859532 0.49324549496543
6.65551839464883 0.500471625518912
6.68896321070234 0.507697559062772
6.72240802675585 0.514920277905275
6.75585284280936 0.522136769722539
6.78929765886288 0.529344032578277
6.82274247491639 0.536539079906751
6.8561872909699 0.543718945441409
6.88963210702341 0.550880688072004
6.92307692307692 0.558021396613433
6.95652173913043 0.565138194470058
6.98996655518395 0.572228244179875
7.02341137123746 0.579288751823658
7.05685618729097 0.586316971284943
7.09030100334448 0.593310208347621
7.12374581939799 0.600265824618825
7.1571906354515 0.607181241265809
7.19063545150502 0.614053942556533
7.22408026755853 0.620881479194776
7.25752508361204 0.627661471441713
7.29096989966555 0.634391612017027
7.32441471571906 0.641069668773781
7.35785953177257 0.647693487142456
7.39130434782609 0.654260992340697
7.4247491638796 0.660770191346466
7.45819397993311 0.667219174633436
7.49163879598662 0.673606117668557
7.52508361204013 0.679929282172783
7.55852842809364 0.686187017146993
7.59197324414716 0.692377759666116
7.62541806020067 0.698500035445383
7.65886287625418 0.704552459183538
7.69230769230769 0.710533734688611
7.7257525083612 0.716442654792648
7.75919732441471 0.722278101062447
7.79264214046823 0.728039043313992
7.82608695652174 0.733724538938804
7.85953177257525 0.739333732050929
7.89297658862876 0.74486585246368
7.92642140468227 0.75032021450561
7.95986622073579 0.75569621568544
7.9933110367893 0.760073718588621
8.02675585284281 0.764100576187634
8.06020066889632 0.768080470364718
8.09364548494983 0.772013253506052
8.12709030100334 0.775898804432835
8.16053511705686 0.779737027875632
8.19397993311037 0.783527853930416
8.22742474916388 0.787271237497885
8.26086956521739 0.790967157707626
8.2943143812709 0.794615617328639
8.32775919732441 0.798216642167744
8.36120401337793 0.80177028045735
8.39464882943144 0.80527660223401
8.42809364548495 0.808735698709191
8.46153846153846 0.812147681633602
8.49498327759197 0.815512682656425
8.52842809364548 0.818830852680717
8.561872909699 0.82210236121622
8.59531772575251 0.825327395730778
8.62876254180602 0.828506161001493
8.66220735785953 0.831638878466715
8.69565217391304 0.834725785579912
8.72909698996656 0.837767135166408
8.76254180602007 0.840763194783947
8.79598662207358 0.84371424608795
8.82943143812709 0.846620584202333
8.8628762541806 0.849482517096661
8.89632107023411 0.852300364970393
8.92976588628762 0.855074459644894
8.96321070234114 0.857805143963882
8.99665551839465 0.860492771202883
9.03010033444816 0.863137704488259
9.06354515050167 0.865740316226313
9.09698996655518 0.868300987542919
9.1304347826087 0.870820107734103
9.16387959866221 0.873298073727947
9.19732441471572 0.875735289558145
9.23076923076923 0.878132165849507
9.26421404682274 0.880489119315661
9.29765886287625 0.882806572269181
9.33110367892977 0.885084952144313
9.36454849498328 0.887324691032449
9.39799331103679 0.889526225230478
9.4314381270903 0.891689994802079
9.46488294314381 0.89381644315204
9.49832775919732 0.895906016613597
9.53177257525084 0.897959164048839
9.56521739130435 0.89997633646211
9.59866220735786 0.901957986626408
9.63210702341137 0.903904568722678
9.66555183946488 0.905816537991935
9.69899665551839 0.907694350400101
9.73244147157191 0.909538462315432
9.76588628762542 0.911349330198404
9.79933110367893 0.913127410303881
9.83277591973244 0.91487315839543
9.86622073578595 0.916587029471567
9.89966555183946 0.918269477503765
9.93311036789298 0.919920955186004
9.96655518394649 0.92154191369567
10 0.923132802465558
