1 1
1 1
0.91601866251944 1
0.815431164901664 1
0.752958579881657 1
0.705109489051095 1
0.660431654676259 1
0.619777158774373 1
0.591160220994475 1
0.569832402234637 1
0.547116736990155 1
0.52875175315568 1
0.509090909090909 1
0.49171270718232 1
0.475795297372061 1
0.465373961218837 1
0.45467032967033 1
0.446749654218534 1
0.436986301369863 1
0.425474254742547 1
0.42027027027027 1
0.412634408602151 1
0.403485254691689 1
0.392287234042553 1
0.385126162018592 1
0.378807947019868 1
0.367801047120419 1
0.357798165137615 1
0.349540078843627 1
0.346508563899868 1
0.340341655716163 1
0.331578947368421 1
0.323218997361478 1
0.319790301441678 1
0.317708333333333 1
0.314211212516297 1
0.309399477806789 1
0.307291666666667 1
0.300131061598952 1
0.295958279009126 1
0.294270833333333 1
0.291666666666667 1
0.286649214659686 1
0.283660130718954 1
0.278645833333333 1
0.27390180878553 1
0.270375161707633 1
0.268041237113402 1
0.263225806451613 1
0.258974358974359 1
0.256081946222791 0.993288590604027
0.255427841634738 0.993288590604027
0.254150702426565 0.993288590604027
0.251596424010217 0.993288590604027
0.250955414012739 0.993288590604027
0.249047013977128 0.993288590604027
0.244613434727503 0.993288590604027
0.242118537200504 0.993288590604027
0.235145385587863 0.993288590604027
0.234552332912989 0.993243243243243
0.231738035264484 0.993197278911565
0.231155778894472 0.993197278911565
0.229899497487437 0.993197278911565
0.227101631116688 0.993197278911565
0.223337515683814 0.993197278911565
0.220403022670025 0.993197278911565
0.219419924337957 0.986486486486487
0.215636822194199 0.986486486486487
0.213836477987421 0.986486486486487
0.209860935524652 0.986486486486487
0.204574332909784 0.986486486486487
0.202033036848793 0.986486486486487
0.2 0.986394557823129
0.197452229299363 0.986394557823129
0.194656488549618 0.986394557823129
0.192111959287532 0.986394557823129
0.190839694656489 0.986394557823129
0.189633375474083 0.986394557823129
0.188369152970923 0.986301369863014
0.187104930467762 0.986301369863014
0.186633039092055 0.986301369863014
0.185138539042821 0.986301369863014
0.183879093198992 0.986301369863014
0.182849936948298 0.986301369863014
0.179292929292929 0.986301369863014
0.176991150442478 0.986301369863014
0.175726927939317 0.979591836734694
0.171102661596958 0.979591836734694
0.167725540025413 0.979591836734694
0.166243654822335 0.979591836734694
0.166243654822335 0.979591836734694
0.166032953105196 0.979591836734694
0.16540404040404 0.979591836734694
0.164987405541562 0.979591836734694
0.163522012578616 0.979591836734694
0.163111668757842 0.972972972972973
0.159547738693467 0.972972972972973
0.158490566037736 0.972972972972973
0.156445556946183 0.972972972972973
0.155388471177945 0.972972972972973
0.153942428035044 0.972972972972973
0.151629072681704 0.972972972972973
0.151439299123905 0.972972972972973
0.151061173533084 0.972972972972973
0.15 0.972789115646258
0.149625935162095 0.972789115646258
0.149068322981366 0.972789115646258
0.146220570012392 0.966216216216216
0.143742255266419 0.966216216216216
0.143564356435644 0.965986394557823
0.141263940520446 0.965986394557823
0.139851485148515 0.965986394557823
0.136645962732919 0.965986394557823
0.136645962732919 0.96551724137931
0.135403726708075 0.96551724137931
0.135235732009926 0.965277777777778
0.134567901234568 0.965277777777778
0.133168927250308 0.965277777777778
0.133004926108374 0.965277777777778
0.132678132678133 0.965277777777778
0.132515337423313 0.965277777777778
0.131288343558282 0.965277777777778
0.130061349693252 0.965277777777778
0.12760736196319 0.965277777777778
0.127139364303178 0.965277777777778
0.127139364303178 0.965277777777778
0.125916870415648 0.965277777777778
0.124542124542125 0.965034965034965
0.123471882640587 0.965034965034965
0.123321123321123 0.965034965034965
0.122100122100122 0.965034965034965
0.121951219512195 0.965034965034965
0.121951219512195 0.965034965034965
0.121802679658953 0.965034965034965
0.121654501216545 0.965034965034965
0.120584652862363 0.965034965034965
0.120584652862363 0.965034965034965
0.117216117216117 0.958333333333333
0.116930572472594 0.958041958041958
0.116930572472594 0.958041958041958
0.114494518879415 0.958041958041958
0.114077669902913 0.958041958041958
0.113939393939394 0.958041958041958
0.111786148238153 0.958041958041958
0.111650485436893 0.958041958041958
0.111650485436893 0.958041958041958
0.11138014527845 0.951388888888889
0.109090909090909 0.951388888888889
0.107878787878788 0.951388888888889
0.10774818401937 0.951048951048951
0.10774818401937 0.951048951048951
0.107617896009674 0.951048951048951
0.107487922705314 0.951048951048951
0.107487922705314 0.951048951048951
0.105326876513317 0.951048951048951
0.105072463768116 0.951048951048951
0.104819277108434 0.944444444444444
0.104819277108434 0.944444444444444
0.104819277108434 0.944055944055944
0.104819277108434 0.944055944055944
0.104819277108434 0.944055944055944
0.103739445114596 0.944055944055944
0.103614457831325 0.943661971830986
0.101326899879373 0.943661971830986
0.10024154589372 0.943661971830986
0.10024154589372 0.937062937062937
0.100120627261761 0.937062937062937
0.0978260869565217 0.936619718309859
0.097708082026538 0.935714285714286
0.0974729241877256 0.934782608695652
0.0974729241877256 0.934782608695652
0.0974729241877256 0.934782608695652
0.0974729241877256 0.934782608695652
0.0974729241877256 0.934782608695652
0.0951807228915663 0.934782608695652
0.0929951690821256 0.928057553956835
0.0929951690821256 0.927536231884058
0.0929951690821256 0.927536231884058
0.0918984280532043 0.927536231884058
0.090689238210399 0.927536231884058
0.0905797101449275 0.927536231884058
0.0883777239709443 0.920863309352518
0.0883777239709443 0.914285714285714
0.0882708585247884 0.914285714285714
0.0881642512077295 0.914285714285714
0.0881642512077295 0.914285714285714
0.0879518072289157 0.914285714285714
0.0879518072289157 0.914285714285714
0.0878459687123947 0.914285714285714
0.0878459687123947 0.913669064748201
0.0878459687123947 0.913669064748201
0.0878459687123947 0.907142857142857
0.0878459687123947 0.907142857142857
0.0876350540216086 0.907142857142857
0.085439229843562 0.907142857142857
0.0831325301204819 0.900709219858156
0.0831325301204819 0.894366197183099
0.0830324909747292 0.894366197183099
0.0829326923076923 0.888111888111888
0.0828331332533013 0.881118881118881
0.0827338129496403 0.881118881118881
0.0815347721822542 0.881118881118881
0.0815347721822542 0.881118881118881
0.081437125748503 0.881118881118881
0.0813397129186603 0.881118881118881
0.0801435406698565 0.881118881118881
0.0801435406698565 0.875
0.0801435406698565 0.875
0.0801435406698565 0.875
0.0801435406698565 0.875
0.0800477897252091 0.868965517241379
0.0800477897252091 0.868965517241379
0.0799522673031026 0.868055555555556
0.0799522673031026 0.868055555555556
0.0799522673031026 0.868055555555556
0.0799522673031026 0.868055555555556
0.0798569725864124 0.868055555555556
0.0798569725864124 0.868055555555556
0.0798569725864124 0.868055555555556
0.0798569725864124 0.868055555555556
0.0786650774731824 0.862068965517241
0.0786650774731824 0.862068965517241
0.0785714285714286 0.862068965517241
0.0784780023781213 0.862068965517241
0.0783847980997625 0.862068965517241
0.0761904761904762 0.862068965517241
0.0761904761904762 0.862068965517241
0.0761904761904762 0.862068965517241
0.0750893921334922 0.862068965517241
0.0750893921334922 0.862068965517241
0.0738095238095238 0.862068965517241
0.0738095238095238 0.862068965517241
0.0727056019070322 0.856164383561644
0.0727056019070322 0.856164383561644
0.0715990453460621 0.850340136054422
0.069377990430622 0.850340136054422
0.0692124105011933 0.850340136054422
0.0692124105011933 0.850340136054422
0.0691299165673421 0.844594594594595
0.0691299165673421 0.844594594594595
0.0690476190476191 0.844594594594595
0.0690476190476191 0.844594594594595
0.067938021454112 0.844594594594595
0.067938021454112 0.844594594594595
0.067938021454112 0.844594594594595
0.0678571428571429 0.844594594594595
0.0678571428571429 0.843537414965986
0.0677764565992866 0.843537414965986
0.0677764565992866 0.843537414965986
0.0676959619952494 0.843537414965986
0.0665873959571938 0.843537414965986
0.0654761904761905 0.843537414965986
0.0654761904761905 0.843537414965986
0.0654761904761905 0.843537414965986
0.0643623361144219 0.842465753424658
0.0643623361144219 0.841379310344828
0.0643623361144219 0.841379310344828
0.0643623361144219 0.841379310344828
0.0643623361144219 0.841379310344828
0.0642857142857143 0.841379310344828
0.0631704410011919 0.841379310344828
0.0620525059665871 0.841379310344828
0.0620525059665871 0.841379310344828
0.0620525059665871 0.841379310344828
0.0620525059665871 0.841379310344828
0.0620525059665871 0.841379310344828
0.0620525059665871 0.841379310344828
0.0620525059665871 0.841379310344828
0.0620525059665871 0.841379310344828
0.0620525059665871 0.841379310344828
0.0608591885441527 0.835616438356164
0.0608591885441527 0.835616438356164
0.0607866507747318 0.835616438356164
0.0607142857142857 0.83448275862069
0.0606420927467301 0.83448275862069
0.0606420927467301 0.83448275862069
0.0606420927467301 0.83448275862069
0.0604982206405694 0.833333333333333
0.0604265402843602 0.827586206896552
0.0604265402843602 0.827586206896552
0.0593119810201661 0.826388888888889
0.0593119810201661 0.826388888888889
0.0593119810201661 0.825174825174825
0.0593119810201661 0.823943661971831
0.0581947743467933 0.823943661971831
0.0581947743467933 0.823943661971831
0.0581947743467933 0.823943661971831
0.0581947743467933 0.823943661971831
0.0570749108204518 0.823943661971831
0.0570749108204518 0.823943661971831
0.0570749108204518 0.823943661971831
0.0570749108204518 0.823943661971831
0.055952380952381 0.823943661971831
0.0548271752085816 0.818181818181818
0.0548271752085816 0.816901408450704
0.0548271752085816 0.811188811188811
0.0548271752085816 0.805555555555556
0.0548271752085816 0.805555555555556
0.0547619047619048 0.804195804195804
0.0546318289786223 0.804195804195804
0.0546318289786223 0.804195804195804
0.0535077288941736 0.804195804195804
0.0535077288941736 0.804195804195804
0.0535077288941736 0.802816901408451
0.0523809523809524 0.802816901408451
0.0523809523809524 0.802816901408451
0.0523186682520809 0.802816901408451
0.0511904761904762 0.802816901408451
0.0511904761904762 0.802816901408451
0.0511904761904762 0.802816901408451
0.0511904761904762 0.802816901408451
0.0511296076099881 0.802816901408451
0.0488095238095238 0.802816901408451
0.0488095238095238 0.802816901408451
0.0488095238095238 0.802816901408451
0.0488095238095238 0.802816901408451
0.0488095238095238 0.802816901408451
0.0488095238095238 0.802816901408451
0.0488095238095238 0.802816901408451
0.0487514863258026 0.802816901408451
0.0487514863258026 0.802816901408451
0.0487514863258026 0.802816901408451
0.0487514863258026 0.802816901408451
0.0487514863258026 0.802816901408451
0.0487514863258026 0.791666666666667
0.0487514863258026 0.791666666666667
0.0475624256837099 0.791666666666667
0.0475624256837099 0.791666666666667
0.0475059382422803 0.791666666666667
0.0475059382422803 0.786206896551724
0.0474495848161329 0.784722222222222
0.0474495848161329 0.784722222222222
0.0473933649289099 0.784722222222222
0.0473933649289099 0.779310344827586
0.0473372781065089 0.779310344827586
0.0473372781065089 0.779310344827586
0.0472813238770686 0.779310344827586
0.0472813238770686 0.779310344827586
0.0472813238770686 0.779310344827586
0.0472813238770686 0.773972602739726
0.0472813238770686 0.773972602739726
0.0472813238770686 0.773972602739726
0.0472813238770686 0.773972602739726
0.0472813238770686 0.773972602739726
0.0472813238770686 0.768707482993197
0.0472813238770686 0.768707482993197
0.0472813238770686 0.768707482993197
0.0472813238770686 0.768707482993197
0.0460992907801418 0.768707482993197
0.0460992907801418 0.768707482993197
0.0460992907801418 0.768707482993197
0.0460992907801418 0.768707482993197
0.0460992907801418 0.768707482993197
0.0460992907801418 0.768707482993197
0.0460992907801418 0.768707482993197
0.0460992907801418 0.768707482993197
0.0460992907801418 0.767123287671233
0.0460992907801418 0.767123287671233
0.0449704142011834 0.767123287671233
0.0438388625592417 0.767123287671233
0.0438388625592417 0.767123287671233
0.0438388625592417 0.761904761904762
0.0438388625592417 0.761904761904762
0.0437869822485207 0.761904761904762
0.0415183867141162 0.761904761904762
0.0415183867141162 0.761904761904762
0.0415183867141162 0.761904761904762
0.0415183867141162 0.761904761904762
0.0415183867141162 0.761904761904762
0.0415183867141162 0.761904761904762
0.0415183867141162 0.761904761904762
0.0415183867141162 0.761904761904762
0.0415183867141162 0.761904761904762
0.0403800475059382 0.761904761904762
0.0403800475059382 0.761904761904762
0.0403800475059382 0.761904761904762
0.0403800475059382 0.761904761904762
0.0403800475059382 0.761904761904762
0.0403800475059382 0.761904761904762
0.0403800475059382 0.761904761904762
0.0403800475059382 0.756756756756757
0.0403800475059382 0.756756756756757
0.0403800475059382 0.756756756756757
0.0403321470937129 0.756756756756757
0.0403321470937129 0.756756756756757
0.0403321470937129 0.756756756756757
0.0403321470937129 0.756756756756757
0.0403321470937129 0.751677852348993
0.0403321470937129 0.751677852348993
0.0403321470937129 0.751677852348993
0.0403321470937129 0.751677852348993
0.0403321470937129 0.751677852348993
0.0403321470937129 0.751677852348993
0.0402843601895735 0.751677852348993
0.0402843601895735 0.751677852348993
0.0391459074733096 0.75
0.0391459074733096 0.75
0.0391459074733096 0.75
0.0391459074733096 0.75
0.0390995260663507 0.748299319727891
0.0379596678529063 0.748299319727891
0.0379596678529063 0.748299319727891
0.0379596678529063 0.748299319727891
0.0379596678529063 0.748299319727891
0.0379596678529063 0.748299319727891
0.0379596678529063 0.746575342465753
0.0379596678529063 0.746575342465753
0.036773428232503 0.744827586206897
0.0356294536817102 0.744827586206897
0.0356294536817102 0.744827586206897
0.0356294536817102 0.744827586206897
0.0356294536817102 0.744827586206897
0.0356294536817102 0.744827586206897
0.0344827586206897 0.744827586206897
0.0344827586206897 0.744827586206897
0.0344827586206897 0.744827586206897
0.0344827586206897 0.744827586206897
0.0344827586206897 0.744827586206897
0.0344827586206897 0.744827586206897
0.0344827586206897 0.743055555555556
0.0344827586206897 0.743055555555556
0.0344827586206897 0.743055555555556
0.0344827586206897 0.741258741258741
0.0344827586206897 0.741258741258741
0.0344827586206897 0.741258741258741
0.0344827586206897 0.741258741258741
0.0333333333333333 0.741258741258741
0.0333333333333333 0.736111111111111
0.0333333333333333 0.731034482758621
0.0333333333333333 0.731034482758621
0.0321428571428571 0.731034482758621
0.0309892729439809 0.729166666666667
0.0297973778307509 0.729166666666667
0.0297973778307509 0.729166666666667
0.0286396181384248 0.729166666666667
0.0286054827175209 0.729166666666667
0.0286054827175209 0.729166666666667
0.0286054827175209 0.729166666666667
0.0274135876042908 0.729166666666667
0.0274135876042908 0.729166666666667
0.0262529832935561 0.727272727272727
0.0262529832935561 0.717241379310345
0.0262529832935561 0.717241379310345
0.0262216924910608 0.717241379310345
0.0262216924910608 0.715277777777778
0.0262216924910608 0.713286713286713
0.0262216924910608 0.713286713286713
0.0262216924910608 0.713286713286713
0.0262216924910608 0.711267605633803
0.0261904761904762 0.706293706293706
0.0261904761904762 0.706293706293706
0.0250297973778308 0.706293706293706
0.0250297973778308 0.706293706293706
0.0238663484486874 0.706293706293706
0.0238663484486874 0.706293706293706
0.0238663484486874 0.706293706293706
0.0238663484486874 0.706293706293706
0.0238663484486874 0.706293706293706
0.0238663484486874 0.706293706293706
0.0238663484486874 0.706293706293706
0.0238663484486874 0.706293706293706
0.0238663484486874 0.706293706293706
0.0238663484486874 0.706293706293706
0.0238663484486874 0.706293706293706
0.0238379022646007 0.706293706293706
0.0238379022646007 0.706293706293706
0.0238379022646007 0.706293706293706
0.0238379022646007 0.706293706293706
0.0238379022646007 0.706293706293706
0.022673031026253 0.706293706293706
0.022673031026253 0.706293706293706
0.021505376344086 0.701388888888889
0.021505376344086 0.701388888888889
0.020310633213859 0.701388888888889
0.020310633213859 0.696551724137931
0.020310633213859 0.696551724137931
0.020310633213859 0.694444444444444
0.020310633213859 0.694444444444444
0.020310633213859 0.689655172413793
0.020310633213859 0.689655172413793
0.0191387559808612 0.689655172413793
0.0191387559808612 0.689655172413793
0.019115890083632 0.689655172413793
0.019115890083632 0.6875
0.019115890083632 0.6875
0.019115890083632 0.685314685314685
0.019115890083632 0.683098591549296
0.019115890083632 0.680851063829787
0.019115890083632 0.680851063829787
0.019115890083632 0.680851063829787
0.019115890083632 0.678571428571429
0.019115890083632 0.678571428571429
0.0190930787589499 0.678571428571429
0.0190930787589499 0.676258992805755
0.0190930787589499 0.676258992805755
0.0190930787589499 0.676258992805755
0.0190703218116806 0.676258992805755
0.0190703218116806 0.673913043478261
0.0190703218116806 0.673913043478261
0.0190703218116806 0.673913043478261
0.0190249702734839 0.673913043478261
0.0190249702734839 0.673913043478261
0.0190249702734839 0.673913043478261
0.0178571428571429 0.673913043478261
0.0166865315852205 0.669064748201439
0.0166865315852205 0.669064748201439
0.0166865315852205 0.669064748201439
0.0166865315852205 0.669064748201439
0.0166865315852205 0.669064748201439
0.0155131264916468 0.669064748201439
0.0155131264916468 0.669064748201439
0.0155131264916468 0.669064748201439
0.0155131264916468 0.669064748201439
0.0154946364719905 0.669064748201439
0.0154946364719905 0.669064748201439
0.0154946364719905 0.669064748201439
0.0154946364719905 0.669064748201439
0.0143027413587604 0.669064748201439
0.0143027413587604 0.669064748201439
0.0143027413587604 0.669064748201439
0.0143027413587604 0.669064748201439
0.0142857142857143 0.664285714285714
0.0142857142857143 0.661870503597122
0.0142857142857143 0.661870503597122
0.0142857142857143 0.661870503597122
0.0142857142857143 0.661870503597122
0.0142857142857143 0.661870503597122
0.0142857142857143 0.661870503597122
0.0142857142857143 0.661870503597122
0.0142857142857143 0.659420289855073
0.0142857142857143 0.659420289855073
0.0142857142857143 0.659420289855073
0.0142857142857143 0.659420289855073
0.0142857142857143 0.659420289855073
0.0142857142857143 0.659420289855073
0.0142857142857143 0.659420289855073
0.0142857142857143 0.654676258992806
0.0142857142857143 0.654676258992806
0.0142857142857143 0.65
0.0142857142857143 0.65
0.0142857142857143 0.65
0.014268727705113 0.65
0.014268727705113 0.645390070921986
0.014268727705113 0.645390070921986
0.014268727705113 0.645390070921986
0.014268727705113 0.645390070921986
0.0142517814726841 0.645390070921986
0.0142517814726841 0.645390070921986
0.0142517814726841 0.640845070422535
0.014218009478673 0.638297872340426
0.014218009478673 0.635714285714286
0.014218009478673 0.635714285714286
0.014218009478673 0.631205673758865
0.014218009478673 0.631205673758865
0.014218009478673 0.631205673758865
0.014218009478673 0.626760563380282
0.014218009478673 0.624113475177305
0.0142011834319527 0.624113475177305
0.0142011834319527 0.624113475177305
0.0142011834319527 0.621428571428571
0.0142011834319527 0.621428571428571
0.0142011834319527 0.621428571428571
0.0142011834319527 0.617021276595745
0.0142011834319527 0.617021276595745
0.0141843971631206 0.617021276595745
0.0141843971631206 0.617021276595745
0.0141843971631206 0.617021276595745
0.0141843971631206 0.617021276595745
0.0141843971631206 0.617021276595745
0.0141843971631206 0.617021276595745
0.0141676505312869 0.617021276595745
0.0141676505312869 0.617021276595745
0.0141509433962264 0.617021276595745
0.0141509433962264 0.617021276595745
0.0141509433962264 0.617021276595745
0.0141509433962264 0.614285714285714
0.0141509433962264 0.614285714285714
0.0141509433962264 0.611510791366906
0.0141509433962264 0.607142857142857
0.0141509433962264 0.607142857142857
0.0141509433962264 0.607142857142857
0.0141509433962264 0.607142857142857
0.0141509433962264 0.60431654676259
0.0141509433962264 0.60431654676259
0.0141509433962264 0.6
0.0141509433962264 0.6
0.0141509433962264 0.6
0.0141509433962264 0.6
0.0141509433962264 0.6
0.0141509433962264 0.6
0.0141509433962264 0.6
0.0141509433962264 0.6
0.0141509433962264 0.6
0.0141509433962264 0.6
0.0141509433962264 0.6
0.0141509433962264 0.6
0.0141509433962264 0.597122302158273
0.0141509433962264 0.597122302158273
0.0141509433962264 0.597122302158273
0.0141509433962264 0.597122302158273
0.0141509433962264 0.597122302158273
0.0141509433962264 0.591240875912409
0.0141509433962264 0.591240875912409
0.0141509433962264 0.591240875912409
0.0141509433962264 0.58695652173913
0.0141509433962264 0.58695652173913
0.0141342756183746 0.58695652173913
0.0141342756183746 0.58695652173913
0.0141342756183746 0.58695652173913
0.0141342756183746 0.58695652173913
0.0141342756183746 0.58695652173913
0.0141342756183746 0.58695652173913
0.0141342756183746 0.58695652173913
0.0141342756183746 0.58695652173913
0.0141342756183746 0.58695652173913
0.0141342756183746 0.58695652173913
0.0141342756183746 0.58273381294964
0.0141342756183746 0.58273381294964
0.0141342756183746 0.58273381294964
0.0141342756183746 0.58273381294964
0.0141342756183746 0.58273381294964
0.0141342756183746 0.58273381294964
0.0141342756183746 0.58273381294964
0.0141342756183746 0.58273381294964
0.0141342756183746 0.578571428571429
0.0141342756183746 0.578571428571429
0.0141342756183746 0.578571428571429
0.0141342756183746 0.578571428571429
0.0141342756183746 0.578571428571429
0.0141342756183746 0.578571428571429
0.0141342756183746 0.578571428571429
0.0141342756183746 0.578571428571429
0.0141342756183746 0.578571428571429
0.0141342756183746 0.571428571428571
0.0141342756183746 0.571428571428571
0.0141342756183746 0.571428571428571
0.0141342756183746 0.571428571428571
0.0141342756183746 0.571428571428571
0.0141176470588235 0.571428571428571
0.0141176470588235 0.571428571428571
0.0141176470588235 0.571428571428571
0.0141176470588235 0.571428571428571
0.0141176470588235 0.568345323741007
0.0141176470588235 0.568345323741007
0.0141176470588235 0.564285714285714
0.0141176470588235 0.564285714285714
0.0141176470588235 0.560283687943262
0.0141176470588235 0.560283687943262
0.0141176470588235 0.560283687943262
0.0141176470588235 0.560283687943262
0.0141176470588235 0.560283687943262
0.0141176470588235 0.560283687943262
0.0141176470588235 0.560283687943262
0.0141176470588235 0.560283687943262
0.0129564193168433 0.560283687943262
0.0129564193168433 0.560283687943262
0.0129564193168433 0.557142857142857
0.0129564193168433 0.557142857142857
0.0129564193168433 0.557142857142857
0.0129564193168433 0.557142857142857
0.0129564193168433 0.557142857142857
0.0129564193168433 0.557142857142857
0.0129564193168433 0.557142857142857
0.0129564193168433 0.553191489361702
0.0117924528301887 0.553191489361702
0.0117924528301887 0.553191489361702
0.0117924528301887 0.549295774647887
0.0117924528301887 0.549295774647887
0.0117924528301887 0.549295774647887
0.0117924528301887 0.549295774647887
0.0117924528301887 0.549295774647887
0.0117924528301887 0.549295774647887
0.0106257378984652 0.549295774647887
0.0106257378984652 0.549295774647887
0.0106257378984652 0.549295774647887
0.0106257378984652 0.549295774647887
0.0106257378984652 0.545454545454545
0.0106257378984652 0.545454545454545
0.0106257378984652 0.537931034482759
0.0106257378984652 0.537931034482759
0.0106257378984652 0.537931034482759
0.0106257378984652 0.537931034482759
0.0106257378984652 0.537931034482759
0.0106257378984652 0.534246575342466
0.0106257378984652 0.534246575342466
0.0106257378984652 0.531034482758621
0.0106257378984652 0.531034482758621
0.0106257378984652 0.527397260273973
0.0106257378984652 0.524137931034483
0.0106257378984652 0.524137931034483
0.0106257378984652 0.524137931034483
0.0106132075471698 0.524137931034483
0.0106132075471698 0.524137931034483
0.0106132075471698 0.524137931034483
0.0106132075471698 0.524137931034483
0.0106132075471698 0.524137931034483
0.0106132075471698 0.524137931034483
0.0106132075471698 0.524137931034483
0.0106132075471698 0.524137931034483
0.0106132075471698 0.524137931034483
0.0106132075471698 0.524137931034483
0.00944510035419126 0.524137931034483
0.00944510035419126 0.524137931034483
0.00944510035419126 0.524137931034483
0.00944510035419126 0.524137931034483
0.00944510035419126 0.524137931034483
0.00944510035419126 0.524137931034483
0.00944510035419126 0.524137931034483
0.00944510035419126 0.524137931034483
0.00944510035419126 0.524137931034483
0.00944510035419126 0.524137931034483
0.00944510035419126 0.520833333333333
0.00944510035419126 0.517241379310345
0.00944510035419126 0.517241379310345
0.00944510035419126 0.517241379310345
0.00944510035419126 0.510344827586207
0.00944510035419126 0.506944444444444
0.00944510035419126 0.503448275862069
0.00944510035419126 0.503448275862069
0.00944510035419126 0.503448275862069
0.00944510035419126 0.503448275862069
0.00944510035419126 0.503448275862069
0.00944510035419126 0.503448275862069
0.00944510035419126 0.503448275862069
0.008274231678487 0.503448275862069
0.008274231678487 0.5
0.008274231678487 0.5
0.008274231678487 0.5
0.008274231678487 0.496503496503497
0.008274231678487 0.496503496503497
0.008274231678487 0.496503496503497
0.008274231678487 0.496503496503497
0.008274231678487 0.492957746478873
0.008274231678487 0.492957746478873
0.008274231678487 0.492957746478873
0.008274231678487 0.492957746478873
0.008274231678487 0.492957746478873
0.008274231678487 0.48936170212766
0.008274231678487 0.48936170212766
0.008274231678487 0.48936170212766
0.008274231678487 0.48936170212766
0.008274231678487 0.48936170212766
0.008274231678487 0.48936170212766
0.008274231678487 0.48936170212766
0.008274231678487 0.48936170212766
0.008274231678487 0.48936170212766
0.008274231678487 0.482014388489209
0.008274231678487 0.482014388489209
0.008274231678487 0.482014388489209
0.008274231678487 0.478260869565217
0.008274231678487 0.474452554744526
0.008274231678487 0.474452554744526
0.00826446280991736 0.474452554744526
0.00826446280991736 0.474452554744526
0.00826446280991736 0.474452554744526
0.00826446280991736 0.474452554744526
0.00826446280991736 0.474452554744526
0.00825471698113208 0.474452554744526
0.00825471698113208 0.474452554744526
0.00825471698113208 0.474452554744526
0.00825471698113208 0.474452554744526
0.00825471698113208 0.474452554744526
0.00825471698113208 0.474452554744526
0.00825471698113208 0.474452554744526
0.00825471698113208 0.474452554744526
0.00825471698113208 0.474452554744526
0.00825471698113208 0.474452554744526
0.00825471698113208 0.474452554744526
0.00825471698113208 0.474452554744526
0.00825471698113208 0.474452554744526
0.00825471698113208 0.474452554744526
0.00825471698113208 0.467625899280576
0.00825471698113208 0.467625899280576
0.00825471698113208 0.467625899280576
0.00825471698113208 0.467625899280576
0.00825471698113208 0.463768115942029
0.00825471698113208 0.463768115942029
0.00825471698113208 0.463768115942029
0.00825471698113208 0.463768115942029
0.00825471698113208 0.463768115942029
0.00825471698113208 0.463768115942029
0.00825471698113208 0.463768115942029
0.00825471698113208 0.463768115942029
0.00825471698113208 0.463768115942029
0.00825471698113208 0.463768115942029
0.00825471698113208 0.463768115942029
0.00825471698113208 0.463768115942029
0.00825471698113208 0.463768115942029
0.00825471698113208 0.463768115942029
0.00825471698113208 0.463768115942029
0.00825471698113208 0.463768115942029
0.00825471698113208 0.45985401459854
0.00825471698113208 0.45985401459854
0.00825471698113208 0.45985401459854
0.00825471698113208 0.45985401459854
0.00708382526564345 0.45985401459854
0.00708382526564345 0.45985401459854
0.00708382526564345 0.456521739130435
0.00708382526564345 0.453237410071942
0.00708382526564345 0.453237410071942
0.00708382526564345 0.453237410071942
0.00708382526564345 0.453237410071942
0.00708382526564345 0.453237410071942
0.00708382526564345 0.449275362318841
0.00591016548463357 0.449275362318841
0.00591016548463357 0.446043165467626
0.00591016548463357 0.446043165467626
0.00591016548463357 0.434782608695652
0.00591016548463357 0.434782608695652
0.00590318772136954 0.430656934306569
0.00590318772136954 0.430656934306569
0.00590318772136954 0.430656934306569
0.00590318772136954 0.430656934306569
0.00472813238770686 0.430656934306569
0.00472813238770686 0.430656934306569
0.00472813238770686 0.427536231884058
0.00472813238770686 0.427536231884058
0.00472813238770686 0.427536231884058
0.00472813238770686 0.427536231884058
0.00472813238770686 0.424460431654676
0.00472813238770686 0.424460431654676
0.00472813238770686 0.424460431654676
0.00472255017709563 0.424460431654676
0.00472255017709563 0.424460431654676
0.00472255017709563 0.424460431654676
0.00472255017709563 0.424460431654676
0.00472255017709563 0.420289855072464
0.00472255017709563 0.420289855072464
0.00472255017709563 0.420289855072464
0.00472255017709563 0.420289855072464
0.00472255017709563 0.41304347826087
0.00472255017709563 0.41304347826087
0.00472255017709563 0.410071942446043
0.00472255017709563 0.405797101449275
0.00472255017709563 0.402877697841727
0.00472255017709563 0.392857142857143
0.00472255017709563 0.388489208633094
0.00472255017709563 0.388489208633094
0.00472255017709563 0.385714285714286
0.00472255017709563 0.385714285714286
0.00472255017709563 0.382978723404255
0.00472255017709563 0.382978723404255
0.00472255017709563 0.378571428571429
0.00471698113207547 0.37410071942446
0.00471698113207547 0.369565217391304
0.00471698113207547 0.369565217391304
0.00471698113207547 0.369565217391304
0.00471698113207547 0.369565217391304
0.00471698113207547 0.369565217391304
0.00471698113207547 0.369565217391304
0.00471698113207547 0.369565217391304
0.00471698113207547 0.369565217391304
0.00471698113207547 0.369565217391304
0.00471698113207547 0.369565217391304
0.00471698113207547 0.364963503649635
0.00471698113207547 0.364963503649635
0.00471698113207547 0.360294117647059
0.00471698113207547 0.360294117647059
0.00471698113207547 0.360294117647059
0.00471698113207547 0.360294117647059
0.00471142520612485 0.360294117647059
0.00471142520612485 0.360294117647059
0.00471142520612485 0.360294117647059
0.00471142520612485 0.360294117647059
0.00471142520612485 0.360294117647059
0.00471142520612485 0.35036496350365
0.00471142520612485 0.345588235294118
0.00471142520612485 0.345588235294118
0.00471142520612485 0.343065693430657
0.00471142520612485 0.343065693430657
0.00471142520612485 0.343065693430657
0.00471142520612485 0.343065693430657
0.00471142520612485 0.343065693430657
0.00471142520612485 0.343065693430657
0.00471142520612485 0.343065693430657
0.00471142520612485 0.343065693430657
0.00471142520612485 0.343065693430657
0.0035377358490566 0.343065693430657
0.0035377358490566 0.340579710144928
0.0035377358490566 0.340579710144928
0.0035377358490566 0.340579710144928
0.0035377358490566 0.340579710144928
0.0035377358490566 0.340579710144928
0.0035377358490566 0.340579710144928
0.0035377358490566 0.340579710144928
0.0035377358490566 0.340579710144928
0.0035377358490566 0.340579710144928
0.0035377358490566 0.338129496402878
0.0035377358490566 0.338129496402878
0.0035377358490566 0.333333333333333
0.0035377358490566 0.326086956521739
0.0035377358490566 0.326086956521739
0.0035377358490566 0.321428571428571
0.0035377358490566 0.314285714285714
0.0035377358490566 0.312056737588652
0.0035377358490566 0.307142857142857
0.00353356890459364 0.304964539007092
0.00235849056603774 0.297872340425532
0.00235849056603774 0.297872340425532
0.00235849056603774 0.297872340425532
0.00235849056603774 0.295774647887324
0.00235849056603774 0.293706293706294
0.00235849056603774 0.293706293706294
0.00235849056603774 0.293706293706294
0.00235849056603774 0.293706293706294
0.00235849056603774 0.291666666666667
0.00235849056603774 0.291666666666667
0.00235849056603774 0.291666666666667
0.00235849056603774 0.291666666666667
0.00235849056603774 0.291666666666667
0.00235849056603774 0.291666666666667
0.00235849056603774 0.289655172413793
0.00235849056603774 0.289655172413793
0.00235849056603774 0.284722222222222
0.00235849056603774 0.27972027972028
0.00235849056603774 0.27972027972028
0.00235849056603774 0.27972027972028
0.00235849056603774 0.274647887323944
0.00235849056603774 0.269503546099291
0.00235849056603774 0.269503546099291
0.00235849056603774 0.269503546099291
0.00118063754427391 0.264285714285714
0.00118063754427391 0.264285714285714
0.00118063754427391 0.264285714285714
0.00118063754427391 0.264285714285714
0.00118063754427391 0.264285714285714
0.00118063754427391 0.264285714285714
0.00118063754427391 0.258992805755396
0.00118063754427391 0.253623188405797
0.00118063754427391 0.253623188405797
0.00118063754427391 0.248175182481752
0.00118063754427391 0.248175182481752
0.00118063754427391 0.246376811594203
0.00117924528301887 0.246376811594203
0.00117785630153121 0.246376811594203
0.00117785630153121 0.246376811594203
0.00117785630153121 0.239130434782609
0.00117785630153121 0.239130434782609
0.00117785630153121 0.239130434782609
0.00117785630153121 0.237410071942446
0.00117785630153121 0.237410071942446
0.00117785630153121 0.235714285714286
0.00117785630153121 0.23021582733813
0.00117785630153121 0.228571428571429
0.00117785630153121 0.228571428571429
0.00117785630153121 0.228571428571429
0.00117785630153121 0.228571428571429
0.00117785630153121 0.217391304347826
0.00117785630153121 0.211678832116788
0.00117785630153121 0.20863309352518
0.00117785630153121 0.202898550724638
0.00117647058823529 0.202898550724638
0.00117647058823529 0.197080291970803
0.00117647058823529 0.195652173913043
0.00117647058823529 0.195652173913043
0.00117647058823529 0.195652173913043
0.00117647058823529 0.192857142857143
0.00117647058823529 0.192857142857143
0.00117647058823529 0.191489361702128
0.00117647058823529 0.191489361702128
0.00117647058823529 0.190140845070423
0.00117647058823529 0.172661870503597
0.00117647058823529 0.172661870503597
0.00117647058823529 0.172661870503597
0.00117647058823529 0.172661870503597
0.00117647058823529 0.172661870503597
0.00117647058823529 0.166666666666667
0.00117647058823529 0.166666666666667
0.00117647058823529 0.159420289855072
0.00117647058823529 0.159420289855072
0 0.145985401459854
0 0.145985401459854
0 0.133333333333333
0 0.132352941176471
0 0.119402985074627
0 0.103703703703704
0 0.0970149253731343
0 0.0962962962962963
0 0.0962962962962963
0 0.0895522388059701
0 0.082089552238806
0 0.082089552238806
0 0.0814814814814815
0 0.0676691729323308
0 0.0601503759398496
0 0.0597014925373134
0 0.0588235294117647
0 0.0579710144927536
0 0.0567375886524823
0 0.049645390070922
0 0.0422535211267606
0 0.0352112676056338
0 0.027972027972028
0 0.0138888888888889
0 0.0138888888888889
0 0.00699300699300699
0 0
0 0
0 0
0 0
