0 0.0451035293449694
0.0334448160535117 0.0460483324709054
0.0668896321070234 0.0470119524258512
0.100334448160535 0.0479947228248613
0.133779264214047 0.0489969814599025
0.167224080267559 0.0500190702753834
0.20066889632107 0.0510613353393895
0.234113712374582 0.0521241268104411
0.267558528428094 0.0532077988995868
0.301003344481605 0.0543127098276443
0.334448160535117 0.0554392217773946
0.367892976588629 0.0565877008405317
0.40133779264214 0.0577585169591691
0.434782608695652 0.0589520438616988
0.468227424749164 0.0601686589927971
0.501672240802676 0.0614087434373677
0.535117056856187 0.0626726818382113
0.568561872909699 0.0639608623072079
0.602006688963211 0.0652736763297956
0.635451505016722 0.0666115186625305
0.668896321070234 0.0679747872235071
0.702341137123746 0.0693638829754215
0.735785953177257 0.0707792098010575
0.769230769230769 0.072221174370975
0.802675585284281 0.0736901860031819
0.836120401337793 0.0751866565145708
0.869565217391304 0.076711000063903
0.903010033444816 0.0782636329861253
0.936454849498328 0.0798449736178055
0.969899665551839 0.0814554421134791
1.00334448160535 0.0830954602526987
1.03678929765886 0.0847654512375876
1.07023411371237 0.0864658394806988
1.10367892976589 0.0881970503829917
1.1371237458194 0.0899595101017411
1.17056856187291 0.0917536453082037
1.20401337792642 0.0935798829348746
1.23745819397993 0.0954386499121753
1.27090301003344 0.0973303728944256
1.30434782608696 0.0992554779749638
1.33779264214047 0.101214390390289
1.37123745819398 0.103207534213117
1.40468227424749 0.105235332034249
1.438127090301 0.10729820463318
1.47157190635451 0.109396570637371
1.50501672240803 0.111530846170147
1.53846153846154 0.113701444487193
1.57190635451505 0.115908775601628
1.60535117056856 0.118153245897691
1.63879598662207 0.120435257733055
1.67224080267559 0.122755209029839
1.7056856187291 0.125113492854401
1.73913043478261 0.127510496986026
1.77257525083612 0.129946603474635
1.80602006688963 0.132422188187699
1.83946488294314 0.134937620346546
1.87290969899666 0.137493262052285
1.90635451505017 0.140089467801617
1.93979933110368 0.142726583992822
1.97324414715719 0.14540494842225
2.0066889632107 0.148124889771679
2.04013377926421 0.150886727086951
2.07357859531773 0.153690769248304
2.10702341137124 0.156537314432903
2.14046822742475 0.15942664957006
2.17391304347826 0.162359049789724
2.20735785953177 0.165334777864817
2.24080267558528 0.168354083648069
2.2742474916388 0.171417203504025
2.30769230769231 0.174524359736946
2.34113712374582 0.177675760015374
2.37458193979933 0.180871596794162
2.40802675585284 0.184112046734812
2.44147157190635 0.18739727012503
2.47491638795987 0.190727410298409
2.50836120401338 0.194102593055223
2.54180602006689 0.197522926085348
2.5752508361204 0.200988498394352
2.60869565217391 0.204499379733852
2.64214046822742 0.20805562003726
2.67558528428094 0.211657248862083
2.70903010033445 0.215304274839968
2.74247491638796 0.218996685135724
2.77591973244147 0.222734444916568
2.80936454849498 0.226517496832883
2.84280936454849 0.230345760511798
2.87625418060201 0.234219132064905
2.90969899665552 0.23813748361147
2.94314381270903 0.242100662818496
2.97658862876254 0.246108492458999
3.01003344481605 0.250160769989895
3.04347826086956 0.254257267150864
3.07692307692308 0.258397729585584
3.11036789297659 0.262581876486704
3.1438127090301 0.266809400265929
3.17725752508361 0.271079966250575
3.21070234113712 0.275393212407918
3.24414715719064 0.279748749098663
3.27759197324415 0.284146158860801
3.31103678929766 0.288584996225116
3.34448160535117 0.293064787563547
3.37792642140468 0.297585030971565
3.41137123745819 0.302145196185696
3.44481605351171 0.306744724537237
3.47826086956522 0.311383028943166
3.51170568561873 0.316059493935204
3.54515050167224 0.320773475727858
3.57859531772575 0.325524302326271
3.61204013377926 0.330311273674568
3.64548494983278 0.335133661845319
3.67892976588629 0.339990711270679
3.7123745819398 0.344881639015615
3.74581939799331 0.349805635093585
3.77926421404682 0.354761862824906
3.81270903010033 0.359749459237938
3.84615384615385 0.364767535513128
3.87959866220736 0.369815177469821
3.91304347826087 0.374891446095643
3.94648829431438 0.379995378118149
3.97993311036789 0.385125986618311
4.0133779264214 0.390282261685293
4.04682274247492 0.395463171111855
4.08026755852843 0.400667661129605
4.11371237458194 0.405894657183203
4.14715719063545 0.41114306474249
4.18060200668896 0.416411770151423
4.21404682274247 0.421699641512567
4.24749163879599 0.427005529605785
4.2809364548495 0.432328268839666
4.31438127090301 0.437666678234127
4.34782608695652 0.443019562432508
4.38127090301003 0.448385712741417
4.41471571906354 0.453763908196446
4.44816053511706 0.459152916651836
4.48160535117057 0.46455149589207
4.51505016722408 0.469958394763282
4.54849498327759 0.475372354322352
4.5819397993311 0.480792109001444
4.61538461538461 0.486216387785723
4.64882943143813 0.49164391540194
4.68227424749164 0.497073413515518
4.71571906354515 0.50250360193377
4.74916387959866 0.507933199812838
4.78260869565217 0.513360926865934
4.81605351170569 0.518785504570464
4.8494983277592 0.524205657371625
4.88294314381271 0.529620113880056
4.91638795986622 0.535027608061166
4.94983277591973 0.540426880413785
4.98327759197324 0.545816679135811
5.01672240802676 0.551195761274582
5.05016722408027 0.55656289385975
5.08361204013378 0.56191685501649
5.11705685618729 0.567256435056942
5.1505016722408 0.572580437547872
5.18394648829431 0.577887680352592
5.21739130434783 0.583176996645288
5.25083612040134 0.588447235895975
5.28428093645485 0.593697264824413
5.31772575250836 0.598925968321402
5.35117056856187 0.604132250335988
5.38461538461538 0.609315034727212
5.4180602006689 0.614473266079151
5.45150501672241 0.619605910478111
5.48494983277592 0.62471195625095
5.51839464882943 0.629790414663611
5.55183946488294 0.634840320579095
5.58528428093645 0.639860733074179
5.61872909698997 0.644850736014344
5.65217391304348 0.649809438586459
5.68561872909699 0.654735975788924
5.7190635451505 0.65962950887904
5.75250836120401 0.664489225777541
5.78595317725753 0.669314341430288
5.81939799331104 0.674104098127267
5.85284280936455 0.678857765779116
5.88628762541806 0.683574642151523
5.91973244147157 0.688254053057919
5.95317725752508 0.69289535251101
5.9866220735786 0.69749792283375
6.02006688963211 0.702061174730464
6.05351170568562 0.706584547318911
6.08695652173913 0.711067508124136
6.12040133779264 0.71550955303505
6.15384615384615 0.719910206224729
6.18729096989967 0.724269020035497
6.22073578595318 0.728585574829889
6.25418060200669 0.732859478808679
6.2876254180602 0.737090367797157
6.32107023411371 0.74127790500092
6.35451505016722 0.745421780732439
6.38795986622074 0.749521712109738
6.42140468227425 0.753577442728484
6.45484949832776 0.757588742308876
6.48829431438127 0.761555406318674
6.52173913043478 0.765477255573755
6.55518394648829 0.769354135817585
6.58862876254181 0.773185917280977
6.62207357859532 0.776972494223518
6.65551839464883 0.780713784458047
6.68896321070234 0.78440972885953
6.72240802675585 0.788060290859692
6.75585284280936 0.791665455928725
6.78929765886288 0.79522523104539
6.82274247491639 0.798739644156785
6.8561872909699 0.802208743629047
6.88963210702341 0.805632597690211
6.92307692307692 0.809011293866425
6.95652173913043 0.812344938412686
6.98996655518395 0.815633655739222
7.02341137123746 0.818877587834622
7.05685618729097 0.822076893686758
7.09030100334448 0.825231748702523
7.12374581939799 0.828342344127354
7.1571906354515 0.831408886465485
7.19063545150502 0.834431596901811
7.22408026755853 0.837410710726223
7.25752508361204 0.840346476761225
7.29096989966555 0.843239156793593
7.32441471571906 0.846089025010809
7.35785953177257 0.848896367442948
7.39130434782609 0.851661481410661
7.4247491638796 0.854384674979854
7.45819397993311 0.85706626642363
7.49163879598662 0.859706583691996
7.52508361204013 0.862305963889835
7.55852842809364 0.864864752763569
7.59197324414716 0.867383304196928
7.62541806020067 0.869861979716182
7.65886287625418 0.872301148005175
7.69230769230769 0.874701184430458
7.7257525083612 0.87706247057677
7.75919732441471 0.879385393793123
7.79264214046823 0.881670346749664
7.82608695652174 0.8839177270055
7.85953177257525 0.886127936587623
7.89297658862876 0.888301381581046
7.92642140468227 0.890438471730234
7.95986622073579 0.892539620051897
7.9933110367893 0.894605242459184
8.02675585284281 0.896635757397286
8.06020066889632 0.898631585490444
8.09364548494983 0.900593149200342
8.12709030100334 0.902520872495829
8.16053511705686 0.904415180533917
8.19397993311037 0.906276499351968
8.22742474916388 0.908105255570975
8.26086956521739 0.909901876109834
8.2943143812709 0.911666787910471
8.32775919732441 0.913400417673706
8.36120401337793 0.915103191605687
8.39464882943144 0.916775535174755
8.42809364548495 0.918417872878558
8.46153846153846 0.920030628021254
8.49498327759197 0.921614222500603
8.52842809364548 0.923169076604775
8.561872909699 0.924695608818664
8.59531772575251 0.926194235639524
8.62876254180602 0.927665371401696
8.66220735785953 0.929109428110245
8.69565217391304 0.930526815283278
8.72909698996656 0.931917939802726
8.76254180602007 0.933283205773384
8.79598662207358 0.934623014389986
8.82943143812709 0.935937763812084
8.8628762541806 0.937227849046538
8.89632107023411 0.938493661837364
8.92976588628762 0.939735590562748
8.96321070234114 0.940954020138996
8.99665551839465 0.942149331931199
9.03010033444816 0.943321903670405
9.06354515050167 0.944472109377082
9.09698996655518 0.94560031929066
9.1304347826087 0.94670689980494
9.16387959866221 0.947792213409167
9.19732441471572 0.948856618634565
9.23076923076923 0.94990047000613
9.26421404682274 0.950924117999483
9.29765886287625 0.951927909002593
9.33110367892977 0.952912185282178
9.36454849498328 0.9538772849546
9.39799331103679 0.954823541961061
9.4314381270903 0.955751286046945
9.46488294314381 0.956660842745096
9.49832775919732 0.957552533362898
9.53177257525084 0.958426674972966
9.56521739130435 0.959283580407291
9.59866220735786 0.960123558254689
9.63210702341137 0.96094691286139
9.66555183946488 0.961753944334622
9.69899665551839 0.962544948549043
9.73244147157191 0.963320217155878
9.76588628762542 0.96408003759463
9.79933110367893 0.964824693107222
9.83277591973244 0.965554462754449
9.86622073578595 0.966269621434611
9.89966555183946 0.966970439904207
9.93311036789298 0.967657184800571
9.96655518394649 0.96833011866634
10 0.968989499975646
