0 0.00112347946181752
0.0334448160535117 0.00116588442761917
0.0668896321070234 0.00120988800126451
0.100334448160535 0.00125555029893923
0.133779264214047 0.00130293368605362
0.167224080267559 0.00135210286051438
0.20066889632107 0.00140312493901141
0.234113712374582 0.00145606954642343
0.267558528428094 0.0015110089084494
0.301003344481605 0.00156801794757615
0.334448160535117 0.00162717438249569
0.367892976588629 0.00168855883108906
0.40133779264214 0.00175225491709723
0.434782608695652 0.00181834938060256
0.468227424749164 0.00188693219244826
0.501672240802676 0.00195809667272658
0.535117056856187 0.00203193961347016
0.568561872909699 0.00210856140568455
0.602006688963211 0.00218806617086351
0.635451505016722 0.00227056189713255
0.668896321070234 0.00235616058016957
0.702341137123746 0.00244497836905544
0.735785953177257 0.00253713571721088
0.769230769230769 0.00263275753857962
0.802675585284281 0.00273197336922172
0.836120401337793 0.00283491753448415
0.869565217391304 0.00294172932191968
0.903010033444816 0.00305255316012836
0.936454849498328 0.00316753880369923
0.969899665551839 0.00328684152443355
1.00334448160535 0.00341062230903337
1.03678929765886 0.00353904806344308
1.07023411371237 0.00367229182403367
1.10367892976589 0.00381053297582254
1.1371237458194 0.00395395747792402
1.17056856187291 0.00410275809642785
1.20401337792642 0.00425713464490469
1.23745819397993 0.00441729423273955
1.27090301003344 0.00458345152149483
1.30434782608696 0.00475582898950561
1.33779264214047 0.00493465720491024
1.37123745819398 0.00512017510731876
1.40468227424749 0.00531263029832111
1.438127090301 0.00551227934103586
1.47157190635451 0.00571938806889752
1.50501672240803 0.0059342319038784
1.53846153846154 0.00615709618433684
1.57190635451505 0.00638827650267912
1.60535117056856 0.00662807905301697
1.63879598662207 0.00687682098899601
1.67224080267559 0.0071348307919624
1.7056856187291 0.00740244864962615
1.73913043478261 0.00768002684536916
1.77257525083612 0.00796793015833384
1.80602006688963 0.00826653627441497
1.83946488294314 0.00857623620826195
1.87290969899666 0.00889743473638156
1.90635451505017 0.00923055084141185
1.93979933110368 0.00957601816761701
1.97324414715719 0.00993428548762864
2.0066889632107 0.010305817180433
2.04013377926421 0.010691093720575
2.07357859531773 0.0110906121785167
2.10702341137124 0.0115048867320559
2.14046822742475 0.0119344491886676
2.17391304347826 0.0123798495185944
2.20735785953177 0.0128416563984626
2.24080267558528 0.013320457765152
2.2742474916388 0.0138168613795959
2.30769230769231 0.014331495400125
2.34113712374582 0.0148650089649098
2.37458193979933 0.0154180727829868
2.40802675585284 0.015991379733277
2.44147157190635 0.0165856454709317
2.47491638795987 0.0172016090402497
2.50836120401338 0.0178400334933227
2.54180602006689 0.0185017065134639
2.5752508361204 0.0191874410423739
2.60869565217391 0.019898075909882
2.64214046822742 0.0206344764649825
2.67558528428094 0.0213975352067602
2.70903010033445 0.0221881724136593
2.74247491638796 0.0230073367694101
2.77591973244147 0.0238560059837716
2.80936454849498 0.0247351874060883
2.84280936454849 0.0256459186294888
2.87625418060201 0.0265892680833705
2.90969899665552 0.0275663356116295
2.94314381270903 0.0285782530338899
2.97658862876254 0.0296261846867826
3.01003344481605 0.0307113279421002
3.04347826086956 0.0318349136984283
3.07692307692308 0.0329982068426144
3.11036789297659 0.0342025066771881
3.1438127090301 0.0354491473095885
3.17725752508361 0.0367394979987904
3.21070234113712 0.038074963454647
3.24414715719064 0.0394569840849846
3.27759197324415 0.0408870361851993
3.31103678929766 0.0423666320648103
3.34448160535117 0.0438973201051281
3.37792642140468 0.0454806847418947
3.41137123745819 0.0471183463664505
3.44481605351171 0.0488119611386809
3.47826086956522 0.0505632207046966
3.51170568561873 0.0523738518119049
3.54515050167224 0.0542456158138458
3.57859531772575 0.056180308056884
3.61204013377926 0.0581797571405904
3.64548494983278 0.060245824043395
3.67892976588629 0.0623804011048709
3.7123745819398 0.0645854108558066
3.74581939799331 0.0668628046870546
3.77926421404682 0.0692145613480087
3.81270903010033 0.0716426852654648
3.84615384615385 0.0741492046735739
3.87959866220736 0.0767361695455932
3.91304347826087 0.0794056493182083
3.94648829431438 0.0821597303993172
3.97993311036789 0.0850005134503712
4.0133779264214 0.0879301104346397
4.04682274247492 0.0909506414231302
4.08026755852843 0.0940642311503528
4.11371237458194 0.0972730053126735
4.14715719063545 0.100579086602673
4.18060200668896 0.103984590473706
4.21404682274247 0.107491620629765
4.24749163879599 0.111102264236789
4.2809364548495 0.114818586852741
4.31438127090301 0.118642627075061
4.34782608695652 0.122576390905613
4.38127090301003 0.126621845834802
4.41471571906354 0.13078091464834
4.44816053511706 0.135055468962043
4.48160535117057 0.139447322492096
4.51505016722408 0.143958224070466
4.54849498327759 0.148589850417493
4.5819397993311 0.153343798686193
4.61538461538461 0.158221578795438
4.64882943143813 0.163224605571929
4.68227424749164 0.168354190723726
4.71571906354515 0.172662477323775
4.74916387959866 0.177041389635713
4.78260869565217 0.181506992222385
4.81605351170569 0.186059766967256
4.8494983277592 0.190700132891834
4.88294314381271 0.195428443066834
4.91638795986622 0.20024498153613
4.94983277591973 0.205149960264325
4.98327759197324 0.210143516119378
5.01672240802676 0.215225707902183
5.05016722408027 0.220396513435549
5.08361204013378 0.225655826725429
5.11705685618729 0.231003455207679
5.1505016722408 0.236439117093956
5.18394648829431 0.241962438830682
5.21739130434783 0.247572952685191
5.25083612040134 0.253270094473362
5.28428093645485 0.259053201443102
5.31772575250836 0.264921510328033
5.35117056856187 0.270874155585663
5.38461538461538 0.276910167834105
5.4180602006689 0.283028472501154
5.45150501672241 0.289227888699113
5.48494983277592 0.295507128338319
5.51839464882943 0.301864795491657
5.55183946488294 0.308299386021728
5.58528428093645 0.314809287481456
5.61872909698997 0.321392779298057
5.65217391304348 0.328048033249243
5.68561872909699 0.334773114239431
5.7190635451505 0.341565981382499
5.75250836120401 0.348424489396329
5.78595317725753 0.355346390312982
5.81939799331104 0.362329335506861
5.85284280936455 0.369370878041723
5.88628762541806 0.376468475335735
5.91973244147157 0.383619492142187
5.95317725752508 0.390821203841744
5.9866220735786 0.398070800040449
6.02006688963211 0.405365388465935
6.05351170568562 0.412701999152633
6.08695652173913 0.42007758890503
6.12040133779264 0.427489046026403
6.15384615384615 0.434933195298809
6.18729096989967 0.442406803198604
6.22073578595318 0.449906583330224
6.25418060200669 0.45742920205966
6.2876254180602 0.46497128432769
6.32107023411371 0.472529419621849
6.35451505016722 0.480100168085006
6.38795986622074 0.487680066737586
6.42140468227425 0.495265635789665
6.45484949832776 0.502853385018608
6.48829431438127 0.510439820187452
6.52173913043478 0.518021449479003
6.55518394648829 0.525594789920453
6.58862876254181 0.533156373773444
6.62207357859532 0.540702754864702
6.65551839464883 0.548230514832779
6.68896321070234 0.555736269266975
6.72240802675585 0.563216673715275
6.75585284280936 0.570668429538939
6.78929765886288 0.578088289592434
6.82274247491639 0.585473063708519
6.8561872909699 0.592819623969522
6.88963210702341 0.600124909747257
6.92307692307692 0.60738593249542
6.95652173913043 0.614599780279908
6.98996655518395 0.621763622034033
7.02341137123746 0.62887471152731
7.05685618729097 0.63593039103815
7.09030100334448 0.642928094722525
7.12374581939799 0.649865351672351
7.1571906354515 0.656739788659098
7.19063545150502 0.663549132559773
7.22408026755853 0.670291212464117
7.25752508361204 0.676963961463447
7.29096989966555 0.683565418123141
7.32441471571906 0.690093727642254
7.35785953177257 0.696547142705164
7.39130434782609 0.702924024031466
7.4247491638796 0.709222840631601
7.45819397993311 0.715442169776832
7.49163879598662 0.721580696693214
7.52508361204013 0.727637213990176
7.55852842809364 0.733610620835139
7.59197324414716 0.739499921886337
7.62541806020067 0.745304225996622
7.65886287625418 0.751022744701559
7.69230769230769 0.756654790505514
7.7257525083612 0.762199774979748
7.75919732441471 0.767657206686762
7.79264214046823 0.773026688945223
7.82608695652174 0.778307917449852
7.85953177257525 0.783500677760589
7.89297658862876 0.788604842675216
7.92642140468227 0.793620369499413
7.95986622073579 0.798547297227937
7.9933110367893 0.803385743650294
8.02675585284281 0.808135902393875
8.06020066889632 0.812798039917081
8.09364548494983 0.817199097768397
8.12709030100334 0.82094789392395
8.16053511705686 0.824636308967129
8.19397993311037 0.828264638267125
8.22742474916388 0.831833205470719
8.26086956521739 0.835342361263074
8.2943143812709 0.838792482134629
8.32775919732441 0.842183969156435
8.36120401337793 0.845517246766155
8.39464882943144 0.848792761566761
8.42809364548495 0.852010981139869
8.46153846153846 0.855172392875488
8.49498327759197 0.858277502819809
8.52842809364548 0.861326834542565
8.561872909699 0.864320928025305
8.59531772575251 0.867260338571841
8.62876254180602 0.870145635741987
8.66220735785953 0.872977402309568
8.69565217391304 0.875756233245594
8.72909698996656 0.878482734727339
8.76254180602007 0.881157523173995
8.79598662207358 0.883781224309448
8.82943143812709 0.886354472252607
8.8628762541806 0.888877908635661
8.89632107023411 0.891352181750511
8.92976588628762 0.893777945723567
8.96321070234114 0.896155859718993
8.99665551839465 0.898486587170438
9.03010033444816 0.900770795041191
9.06354515050167 0.903009153112656
9.09698996655518 0.905202333300961
9.1304347826087 0.907351009001482
9.16387959866221 0.90945585446098
9.19732441471572 0.911517544177033
9.23076923076923 0.913536752324386
9.26421404682274 0.915514152207786
9.29765886287625 0.917450415740873
9.33110367892977 0.919346212950626
9.36454849498328 0.921202211506862
9.39799331103679 0.92301907627624
9.4314381270903 0.924797468900216
9.46488294314381 0.926538047396373
9.49832775919732 0.928241465782524
9.53177257525084 0.929908373722985
9.56521739130435 0.931539416196393
9.59866220735786 0.933135233184457
9.63210702341137 0.934696459380982
9.66555183946488 0.936223723920565
9.69899665551839 0.937717650126292
9.73244147157191 0.939178855275811
9.76588628762542 0.940607950385151
9.79933110367893 0.942005540009637
9.83277591973244 0.943372222061285
9.86622073578595 0.944708587642048
9.89966555183946 0.946015220892294
9.93311036789298 0.947292698853918
9.96655518394649 0.948541591347474
10 0.949762460862752
