0 0.011313196724248
0.0334448160535117 0.0116148926608114
0.0668896321070234 0.0119245291446701
0.100334448160535 0.0122423095105297
0.133779264214047 0.0125684419953486
0.167224080267559 0.0129031398400431
0.20066889632107 0.0132466213923849
0.234113712374582 0.013599110211047
0.267558528428094 0.0139608351707526
0.301003344481605 0.0143320305684721
0.334448160535117 0.0147129362306136
0.367892976588629 0.0151037976211427
0.40133779264214 0.0155048659505641
0.434782608695652 0.0159163982856906
0.468227424749164 0.0163386576601212
0.501672240802676 0.016771913185339
0.535117056856187 0.017216440162339
0.568561872909699 0.0176725201936823
0.602006688963211 0.0181404412958717
0.635451505016722 0.0186204980119321
0.668896321070234 0.0191129915240723
0.702341137123746 0.0196182297662965
0.735785953177257 0.0201365275368243
0.769230769230769 0.0206682066101706
0.802675585284281 0.0212135958487243
0.836120401337793 0.0217730313136572
0.869565217391304 0.0223468563749835
0.903010033444816 0.0229354218205793
0.936454849498328 0.0235390859639594
0.969899665551839 0.0241582147505995
1.00334448160535 0.0247931818625785
1.03678929765886 0.0254443688213014
1.07023411371237 0.026112165088055
1.10367892976589 0.0267969681621307
1.1371237458194 0.027499183676238
1.17056856187291 0.0282192254889168
1.20401337792642 0.0289575157736434
1.23745819397993 0.0297144851043089
1.27090301003344 0.0304905725367342
1.30434782608696 0.0312862256858704
1.33779264214047 0.0321019007983171
1.37123745819398 0.0329380628197743
1.40468227424749 0.0337951854570285
1.438127090301 0.0346737512340554
1.47157190635451 0.0355742515418041
1.50501672240803 0.0364971866812123
1.53846153846154 0.0374430658989822
1.57190635451505 0.03841240741563
1.60535117056856 0.0394057384453045
1.63879598662207 0.0404235952068514
1.67224080267559 0.0414665229255824
1.7056856187291 0.0425350758251904
1.73913043478261 0.0436298171092341
1.77257525083612 0.0447513189315976
1.80602006688963 0.0459001623553131
1.83946488294314 0.0470769372991186
1.87290969899666 0.048282242471104
1.90635451505017 0.0495166852887847
1.93979933110368 0.0507808817849263
1.97324414715719 0.0520754564984255
2.0066889632107 0.0534010423495451
2.04013377926421 0.0547582804987801
2.07357859531773 0.0561478201886261
2.10702341137124 0.0575703185675076
2.14046822742475 0.0590264404951131
2.17391304347826 0.0605168583283792
2.20735785953177 0.0620422516873569
2.24080267558528 0.0636033072001897
2.2742474916388 0.0652007182264298
2.30769230769231 0.0668351845579199
2.34113712374582 0.0685074120964675
2.37458193979933 0.0702181125075446
2.40802675585284 0.0719680028492534
2.44147157190635 0.0737578051758048
2.47491638795987 0.0755882461147756
2.50836120401338 0.0774600564174194
2.54180602006689 0.0793739704813321
2.5752508361204 0.0813307258447929
2.60869565217391 0.0833310626521292
2.64214046822742 0.0853757230894863
2.67558528428094 0.0874654507904183
2.70903010033445 0.0896009902107548
2.74247491638796 0.0917830859722457
2.77591973244147 0.0940124821745326
2.80936454849498 0.0962899216750538
2.84280936454849 0.0986161453365446
2.87625418060201 0.100991891241865
2.90969899665552 0.103417893875954
2.94314381270903 0.105894883274782
2.97658862876254 0.108423584141267
3.01003344481605 0.11100471492819
3.04347826086956 0.113638986888253
3.07692307692308 0.116327103091513
3.11036789297659 0.119069757410533
3.1438127090301 0.121867633473696
3.17725752508361 0.124721403587262
3.21070234113712 0.127631727626827
3.24414715719064 0.130599251899034
3.27759197324415 0.133624607974445
3.31103678929766 0.136708411492678
3.34448160535117 0.139851260941019
3.37792642140468 0.143053736407883
3.41137123745819 0.146316398312624
3.44481605351171 0.14963978611338
3.47826086956522 0.153024416994758
3.51170568561873 0.156470784537348
3.54515050167224 0.15997935737119
3.57859531772575 0.163550577815512
3.61204013377926 0.167184860507164
3.64548494983278 0.170882591020401
3.67892976588629 0.174644124480754
3.7123745819398 0.178469784175945
3.74581939799331 0.182359860166915
3.77926421404682 0.186314607902206
3.81270903010033 0.190334246839061
3.84615384615385 0.194418959074779
3.87959866220736 0.198568887991944
3.91304347826087 0.20278413692132
3.94648829431438 0.207064767826288
3.97993311036789 0.211410800012809
4.0133779264214 0.215822208869
4.04682274247492 0.220298924638484
4.08026755852843 0.224840831231745
4.11371237458194 0.229447765079769
4.14715719063545 0.234119514034294
4.18060200668896 0.238855816319012
4.21404682274247 0.243656359536079
4.24749163879599 0.248520779732251
4.2809364548495 0.253448660528979
4.31438127090301 0.258439532320695
4.34782608695652 0.263492871545481
4.38127090301003 0.268608100032226
4.41471571906354 0.273784584428247
4.44816053511706 0.279021635711223
4.48160535117057 0.284318508789161
4.51505016722408 0.289674402191914
4.54849498327759 0.295088457857577
4.5819397993311 0.300559761016912
4.61538461538461 0.30608734017866
4.64882943143813 0.311670167218406
4.68227424749164 0.317307157573334
4.71571906354515 0.322997170544982
4.74916387959866 0.328739009711731
4.78260869565217 0.334531423452514
4.81605351170569 0.34037310558283
4.8494983277592 0.346262696103844
4.88294314381271 0.352198782064968
4.91638795986622 0.358179898539963
4.94983277591973 0.364204529716214
4.98327759197324 0.370271110096441
5.01672240802676 0.376378025811739
5.05016722408027 0.382523616044407
5.08361204013378 0.388706174558691
5.11705685618729 0.394923951337109
5.1505016722408 0.401175154319678
5.18394648829431 0.407457951242972
5.21739130434783 0.413770471575549
5.25083612040134 0.420110808545927
5.28428093645485 0.426477021258924
5.31772575250836 0.432867136895851
5.35117056856187 0.439279152993692
5.38461538461538 0.445711039798104
5.4180602006689 0.452160742684791
5.45150501672241 0.4586261846435
5.48494983277592 0.465105268818668
5.51839464882943 0.471595881100486
5.55183946488294 0.478095892759978
5.58528428093645 0.484603163121484
5.61872909698997 0.491115542265785
5.65217391304348 0.497630873757005
5.68561872909699 0.504146997386309
5.7190635451505 0.510661751925331
5.75250836120401 0.517172977882273
5.78595317725753 0.523678520253555
5.81939799331104 0.530176231263941
5.85284280936455 0.53666397308811
5.88628762541806 0.543139620546714
5.91973244147157 0.549601063770066
5.95317725752508 0.556046210822745
5.9866220735786 0.562472990282548
6.02006688963211 0.568879353767431
6.05351170568562 0.575263278404254
6.08695652173913 0.581622769233417
6.12040133779264 0.58795586154372
6.15384615384615 0.594260623132038
6.18729096989967 0.600535156482741
6.22073578595318 0.606777600862061
6.25418060200669 0.612986134322991
6.2876254180602 0.619158975616596
6.32107023411371 0.625294386006015
6.35451505016722 0.631390670979799
6.38795986622074 0.637446181861586
6.42140468227425 0.643459317313522
6.45484949832776 0.649428524731241
6.48829431438127 0.655352301528555
6.52173913043478 0.661229196310482
6.55518394648829 0.66705780993355
6.58862876254181 0.672836796452768
6.62207357859532 0.678564863954996
6.65551839464883 0.684240775278862
6.68896321070234 0.689863348621698
6.72240802675585 0.695431458034373
6.75585284280936 0.70094403380521
6.78929765886288 0.706400062734516
6.82274247491639 0.711798588301598
6.8561872909699 0.717138710726392
6.88963210702341 0.722419586928168
6.92307692307692 0.727640430383989
6.95652173913043 0.732800510889914
6.98996655518395 0.737899154228086
7.02341137123746 0.742935741743133
7.05685618729097 0.747909709831431
7.09030100334448 0.752820549346999
7.12374581939799 0.757667804927902
7.1571906354515 0.762451074247193
7.19063545150502 0.767170007192506
7.22408026755853 0.771824304978527
7.25752508361204 0.776413719196591
7.29096989966555 0.780938050805754
7.32441471571906 0.785397149069662
7.35785953177257 0.789790910443576
7.39130434782609 0.794119277415908
7.4247491638796 0.798382237308564
7.45819397993311 0.802579821040392
7.49163879598662 0.806712101857931
7.52508361204013 0.810779194037625
7.55852842809364 0.814781251563544
7.59197324414716 0.818718466784606
7.62541806020067 0.822591069055119
7.65886287625418 0.826399323362429
7.69230769230769 0.830143528945249
7.7257525083612 0.833824017906179
7.75919732441471 0.837441153821746
7.79264214046823 0.840995330353164
7.82608695652174 0.844486969860858
7.85953177257525 0.847916522025648
7.89297658862876 0.851284462479318
7.92642140468227 0.85459129144716
7.95986622073579 0.857837532404893
7.9933110367893 0.86102373075223
8.02675585284281 0.864150452505168
8.06020066889632 0.867218283008965
8.09364548494983 0.870227825673556
8.12709030100334 0.873179700733062
8.16053511705686 0.876074544030847
8.19397993311037 0.87891300583146
8.22742474916388 0.881695749660649
8.26086956521739 0.884423451174482
8.2943143812709 0.88709679705849
8.32775919732441 0.889716483957614
8.36120401337793 0.892283217437601
8.39464882943144 0.894797710978391
8.42809364548495 0.897260684999914
8.46153846153846 0.899672865920605
8.49498327759197 0.902034985248849
8.52842809364548 0.904347778707469
8.561872909699 0.906611985391271
8.59531772575251 0.908828346957586
8.62876254180602 0.91099760684966
8.66220735785953 0.913120509552678
8.69565217391304 0.915197799882121
8.72909698996656 0.917230222304118
8.76254180602007 0.919218520287364
8.79598662207358 0.921163435686162
8.82943143812709 0.923065708154059
8.8628762541806 0.924926074587521
8.89632107023411 0.926745268599062
8.92976588628762 0.928524020019198
8.96321070234114 0.930263054426548
8.99665551839465 0.931963092705416
9.03010033444816 0.933624850630144
9.06354515050167 0.935249038475494
9.09698996655518 0.936836360652334
9.1304347826087 0.938387515367865
9.16387959866221 0.939903194309627
9.19732441471572 0.941384082352514
9.23076923076923 0.942830857288026
9.26421404682274 0.944244189574985
9.29765886287625 0.945624742110933
9.33110367892977 0.946973170023455
9.36454849498328 0.948290120480655
9.39799331103679 0.949576232520022
9.4314381270903 0.950832136894944
9.46488294314381 0.952058455938131
9.49832775919732 0.953255803441207
9.53177257525084 0.954424784549771
9.56521739130435 0.955565995673213
9.59866220735786 0.95668002440859
9.63210702341137 0.957767449477914
9.66555183946488 0.958828840678166
9.69899665551839 0.959864758843407
9.73244147157191 0.960875755818367
9.76588628762542 0.961862374442892
9.79933110367893 0.962825148546668
9.83277591973244 0.963764602953648
9.86622073578595 0.964681253495626
9.89966555183946 0.965575607034423
9.93311036789298 0.966448161492163
9.96655518394649 0.967299405889146
10 0.968129820388834
