0 0.031147179313749
0.0334448160535117 0.031884108861293
0.0668896321070234 0.0326378865104722
0.100334448160535 0.0334088693857624
0.133779264214047 0.0341974208410188
0.167224080267559 0.035003910502512
0.20066889632107 0.0358287143086066
0.234113712374582 0.036672214545845
0.267558528428094 0.037534799881197
0.301003344481605 0.0384168653902198
0.334448160535117 0.0393188125808673
0.367892976588629 0.0402410494126789
0.40133779264214 0.0411839903110649
0.434782608695652 0.0421480561763992
0.468227424749164 0.0431336743876194
0.501672240802676 0.0441412788000235
0.535117056856187 0.0451713097369444
0.568561872909699 0.0462242139749721
0.602006688963211 0.0473004447223855
0.635451505016722 0.0484004615904435
0.668896321070234 0.0495247305571791
0.702341137123746 0.0506737239233267
0.735785953177257 0.051847920260007
0.769230769230769 0.0530478043477837
0.802675585284281 0.0542738671066948
0.836120401337793 0.0555266055168594
0.869565217391304 0.0568065225292435
0.903010033444816 0.0581141269661708
0.936454849498328 0.059449933411147
0.969899665551839 0.0608144620875685
1.00334448160535 0.0622082387258739
1.03678929765886 0.0636317944186931
1.07023411371237 0.0650856654635456
1.10367892976589 0.0665703931926326
1.1371237458194 0.0680865237892669
1.17056856187291 0.0696346080904796
1.20401337792642 0.0712152013753448
1.23745819397993 0.0728288631385601
1.27090301003344 0.0744761568488227
1.30434782608696 0.0761576496915443
1.33779264214047 0.0778739122954506
1.37123745819398 0.0796255184426154
1.40468227424749 0.0814130447614883
1.438127090301 0.0832370704024812
1.47157190635451 0.0850981766956888
1.50501672240803 0.0869969467903333
1.53846153846154 0.0889339652755321
1.57190635451505 0.0909098177820078
1.60535117056856 0.092925090564376
1.63879598662207 0.094980370063667
1.67224080267559 0.0970762424497586
1.7056856187291 0.0992132931434265
1.73913043478261 0.101392106317741
1.77257525083612 0.103613264378575
1.80602006688963 0.105877347424014
1.83946488294314 0.108184932682506
1.87290969899666 0.110536593929614
1.90635451505017 0.112932900883285
1.93979933110368 0.115374418577599
1.97324414715719 0.117861706714991
2.0066889632107 0.120395318997007
2.04013377926421 0.122975802433715
2.07357859531773 0.125603696631917
2.10702341137124 0.128279533062407
2.14046822742475 0.131003834306568
2.17391304347826 0.133777113282653
2.20735785953177 0.136599872452202
2.24080267558528 0.139472603007074
2.2742474916388 0.142395784037697
2.30769230769231 0.14536988168318
2.34113712374582 0.14839534826404
2.37458193979933 0.151472621398354
2.40802675585284 0.154602123102273
2.44147157190635 0.157784258875886
2.47491638795987 0.161019416775528
2.50836120401338 0.164307966473741
2.54180602006689 0.167650258308142
2.5752508361204 0.171046622320612
2.60869565217391 0.174497367288261
2.64214046822742 0.178002779747759
2.67558528428094 0.1815631230147
2.70903010033445 0.185178636199782
2.74247491638796 0.188849533223666
2.77591973244147 0.192576001832487
2.80936454849498 0.19635820261608
2.84280936454849 0.200196268031064
2.87625418060201 0.204090301431058
2.90969899665552 0.20804037610632
2.94314381270903 0.212046534335269
2.97658862876254 0.216108786450348
3.01003344481605 0.220227109920811
3.04347826086956 0.224401448455078
3.07692307692308 0.228631711125331
3.11036789297659 0.232917771517123
3.1438127090301 0.237259466906797
3.17725752508361 0.241656597469538
3.21070234113712 0.24610892552094
3.24414715719064 0.250616174794974
3.27759197324415 0.255178029761247
3.31103678929766 0.259794134984458
3.34448160535117 0.26446409452894
3.37792642140468 0.269187471411144
3.41137123745819 0.273963787102902
3.44481605351171 0.278792521088245
3.47826086956522 0.283673110476504
3.51170568561873 0.288604949674331
3.54515050167224 0.293587390119212
3.57859531772575 0.29861974007693
3.61204013377926 0.303701264505313
3.64548494983278 0.308831184986497
3.67892976588629 0.314008679729778
3.7123745819398 0.319232883646971
3.74581939799331 0.324502888502026
3.77926421404682 0.329817743136487
3.81270903010033 0.335176453772153
3.84615384615385 0.340577984392132
3.87959866220736 0.34602125720123
3.91304347826087 0.351505153166421
3.94648829431438 0.357028512637869
3.97993311036789 0.362590136050768
4.0133779264214 0.368188784707984
4.04682274247492 0.373823181643234
4.08026755852843 0.379492012564263
4.11371237458194 0.385193926875226
4.14715719063545 0.39092753877719
4.18060200668896 0.396691428445408
4.21404682274247 0.40248414328173
4.24749163879599 0.40830419924026
4.2809364548495 0.414150082224076
4.31438127090301 0.420020249550574
4.34782608695652 0.425913131482732
4.38127090301003 0.431827132823334
4.41471571906354 0.437760634568943
4.44816053511706 0.443711995620192
4.48160535117057 0.449679554544707
4.51505016722408 0.455661631388795
4.54849498327759 0.461656529533807
4.5819397993311 0.467662537592915
4.61538461538461 0.473677931343876
4.64882943143813 0.479700975693194
4.68227424749164 0.485729926666968
4.71571906354515 0.491763033423614
4.74916387959866 0.497798540283528
4.78260869565217 0.503834688770709
4.81605351170569 0.509869719661305
4.8494983277592 0.515901875034004
4.88294314381271 0.521929400317214
4.91638795986622 0.527950546327937
4.94983277591973 0.533963571297346
4.98327759197324 0.539966742878059
5.01672240802676 0.54595834012825
5.05016722408027 0.551936655467765
5.08361204013378 0.557899996601604
5.11705685618729 0.563846688406186
5.1505016722408 0.569775074774039
5.18394648829431 0.575683520412692
5.21739130434783 0.581570412593726
5.25083612040134 0.58743416284818
5.28428093645485 0.593273208604691
5.31772575250836 0.599086014766984
5.35117056856187 0.604871075227585
5.38461538461538 0.610626914314847
5.4180602006689 0.61635208817068
5.45150501672241 0.622045186056582
5.48494983277592 0.627704831585904
5.51839464882943 0.633329683880497
5.55183946488294 0.638918438650199
5.58528428093645 0.644469829193876
5.61872909698997 0.64998262732103
5.65217391304348 0.655455644193219
5.68561872909699 0.660887731084856
5.7190635451505 0.666277780063166
5.75250836120401 0.671624724587387
5.78595317725753 0.676927540027502
5.81939799331104 0.682185244103085
5.85284280936455 0.687396897243042
5.88628762541806 0.692561602867253
5.91973244147157 0.697678507591369
5.95317725752508 0.702746801356169
5.9866220735786 0.707765717483124
6.02006688963211 0.712734532657949
6.05351170568562 0.717652566844117
6.08695652173913 0.72251918312845
6.12040133779264 0.727333787501037
6.15384615384615 0.732095828571864
6.18729096989967 0.736804797226637
6.22073578595318 0.741460226224384
6.25418060200669 0.746061689739519
6.2876254180602 0.750608802851081
6.32107023411371 0.755101220981971
6.35451505016722 0.759538639291003
6.38795986622074 0.763920792020664
6.42140468227425 0.768247451803454
6.45484949832776 0.772518428929714
6.48829431438127 0.776733570579847
6.52173913043478 0.780892760023796
6.55518394648829 0.784995915790657
6.58862876254181 0.789042990811248
6.62207357859532 0.793033971536423
6.65551839464883 0.796968877033859
6.68896321070234 0.80084775806601
6.72240802675585 0.804670696151846
6.75585284280936 0.808437802614904
6.78929765886288 0.812149217620154
6.82274247491639 0.815805109202051
6.8561872909699 0.81940567228609
6.88963210702341 0.82295112770609
6.92307692307692 0.826441721219324
6.95652173913043 0.829877722521552
6.98996655518395 0.833259424263874
7.02341137123746 0.836587141073274
7.05685618729097 0.83986120857858
7.09030100334448 0.843081982443507
7.12374581939799 0.846249837408318
7.1571906354515 0.849365166341568
7.19063545150502 0.852428379303274
7.22408026755853 0.855439902620787
7.25752508361204 0.858400177978511
7.29096989966555 0.86130966152255
7.32441471571906 0.864168822981266
7.35785953177257 0.866978144802626
7.39130434782609 0.869738121309154
7.4247491638796 0.872449257871202
7.45819397993311 0.875112070099172
7.49163879598662 0.877727083055263
7.52508361204013 0.880294830485206
7.55852842809364 0.882815854070424
7.59197324414716 0.885290702700928
7.62541806020067 0.887719931769251
7.65886287625418 0.890104102485616
7.69230769230769 0.892443781214494
7.7257525083612 0.894739538832644
7.75919732441471 0.896991950108692
7.79264214046823 0.899201593104215
7.82608695652174 0.901369048596297
7.85953177257525 0.903494899521442
7.89297658862876 0.905579730440713
7.92642140468227 0.907624127025914
7.95986622073579 0.909628675566601
7.9933110367893 0.911593962497674
8.02675585284281 0.913520573947273
8.06020066889632 0.915409095304687
8.09364548494983 0.917260110807926
8.12709030100334 0.919074203150627
8.16053511705686 0.920851953107915
8.19397993311037 0.92259393918083
8.22742474916388 0.924300737258925
8.26086956521739 0.925972920300612
8.2943143812709 0.927611058030837
8.32775919732441 0.929215716655638
8.36120401337793 0.930787458593152
8.39464882943144 0.93232684222061
8.42809364548495 0.933834421636873
8.46153846153846 0.935310746440051
8.49498327759197 0.936756361519731
8.52842809364548 0.938171806863375
8.561872909699 0.939557617376408
8.59531772575251 0.94091432271555
8.62876254180602 0.942242447134922
8.66220735785953 0.943542509344495
8.69565217391304 0.944815022380406
8.72909698996656 0.94606049348672
8.76254180602007 0.947279424008188
8.79598662207358 0.948472309293576
8.82943143812709 0.949639638609131
8.8628762541806 0.95078189506178
8.89632107023411 0.951899555531645
8.92976588628762 0.95299309061347
8.96321070234114 0.954062964566575
8.99665551839465 0.955109635272949
9.03010033444816 0.956133554203107
9.06354515050167 0.95713516638935
9.09698996655518 0.958114910406067
9.1304347826087 0.959073218356739
9.16387959866221 0.960010515867296
9.19732441471572 0.960927222085521
9.23076923076923 0.961823749686166
9.26421404682274 0.962700504881473
9.29765886287625 0.963557887436823
9.33110367892977 0.964396290691195
9.36454849498328 0.965216101582184
9.39799331103679 0.96601770067529
9.4314381270903 0.966801462197231
9.46488294314381 0.967567754073023
9.49832775919732 0.968316937966587
9.53177257525084 0.96904936932466
9.56521739130435 0.969765397423773
9.59866220735786 0.970465365420087
9.63210702341137 0.971149610401893
9.66555183946488 0.971818463444558
9.69899665551839 0.972472249667747
9.73244147157191 0.973111288294723
9.76588628762542 0.97373589271357
9.79933110367893 0.974346370540154
9.83277591973244 0.974943023682675
9.86622073578595 0.975526148407663
9.89966555183946 0.976096035407256
9.93311036789298 0.976652969867641
9.96655518394649 0.977197231538516
10 0.977729094803453
