0 0.0322894134453151
0.0334448160535117 0.0330550815623026
0.0668896321070234 0.0338382708442816
0.100334448160535 0.0346393518333564
0.133779264214047 0.0354587014526281
0.167224080267559 0.0362967030445778
0.20066889632107 0.0371537464056468
0.234113712374582 0.0380302278167602
0.267558528428094 0.0389265500695294
0.301003344481605 0.0398431224878599
0.334448160535117 0.0407803609446817
0.367892976588629 0.0417386878735086
0.40133779264214 0.0427185322745238
0.434782608695652 0.043720329714878
0.468227424749164 0.0447445223228772
0.501672240802676 0.0457915587757278
0.535117056856187 0.0468618942804943
0.568561872909699 0.047955990547918
0.602006688963211 0.0490743157587329
0.635451505016722 0.0502173445221058
0.668896321070234 0.0513855578258199
0.702341137123746 0.0525794429778079
0.735785953177257 0.0537994935386358
0.769230769230769 0.0550462092445269
0.802675585284281 0.0563200959205072
0.836120401337793 0.0576216653832473
0.869565217391304 0.0589514353331656
0.903010033444816 0.0603099292353524
0.936454849498328 0.0616976761888668
0.969899665551839 0.0631152107839525
1.00334448160535 0.0645630729467139
1.03678929765886 0.0660418077707891
1.07023411371237 0.067551965335552
1.10367892976589 0.0690941005103747
1.1371237458194 0.0706687727444773
1.17056856187291 0.0722765458418943
1.20401337792642 0.0739179877210854
1.23745819397993 0.0755936701587209
1.27090301003344 0.0773041685171756
1.30434782608696 0.0790500614552688
1.33779264214047 0.0808319306217957
1.37123745819398 0.0826503603314026
1.40468227424749 0.0845059372223667
1.438127090301 0.0863992498958557
1.47157190635451 0.0883308885362546
1.50501672240803 0.0903014445121607
1.53846153846154 0.0923115099576705
1.57190635451505 0.0943616773335963
1.60535117056856 0.0964525389682789
1.63879598662207 0.098584686577683
1.67224080267559 0.100758710764492
1.7056856187291 0.102975200495951
1.73913043478261 0.105234742560234
1.77257525083612 0.107537921001151
1.80602006688963 0.109885316531063
1.83946488294314 0.112277505921873
1.87290969899666 0.114715061374077
1.90635451505017 0.117198549863821
1.93979933110368 0.119728532468041
1.97324414715719 0.122305563667772
2.0066889632107 0.124930190629772
2.04013377926421 0.127602952466693
2.07357859531773 0.130324379476077
2.10702341137124 0.133094992358525
2.14046822742475 0.135915301415455
2.17391304347826 0.138785805726966
2.20735785953177 0.141706992310361
2.24080267558528 0.144679335259991
2.2742474916388 0.147703294869171
2.30769230769231 0.150779316734973
2.34113712374582 0.153907830846833
2.37458193979933 0.157089250659962
2.40802675585284 0.160323972154669
2.44147157190635 0.163612372882795
2.47491638795987 0.166954811002547
2.50836120401338 0.170351624303132
2.54180602006689 0.173803129220674
2.5752508361204 0.177309619847021
2.60869565217391 0.180871366933127
2.64214046822742 0.184488616888812
2.67558528428094 0.188161590780796
2.70903010033445 0.191890483330991
2.74247491638796 0.195675461917173
2.77591973244147 0.199516665578188
2.80936454849498 0.203414204026006
2.84280936454849 0.207368156666978
2.87625418060201 0.211378571634755
2.90969899665552 0.215445464837427
2.94314381270903 0.219568819021468
2.97658862876254 0.223748582855211
3.01003344481605 0.227984670034574
3.04347826086956 0.232276958413865
3.07692307692308 0.236625289164518
3.11036789297659 0.241029465964667
3.1438127090301 0.245489254222477
3.17725752508361 0.250004380336205
3.21070234113712 0.254574530993947
3.24414715719064 0.259199352516039
3.27759197324415 0.263878450243085
3.31103678929766 0.268611387972528
3.34448160535117 0.273397687446688
3.37792642140468 0.278236827895109
3.41137123745819 0.283128245634014
3.44481605351171 0.288071333725591
3.47826086956522 0.293065441699746
3.51170568561873 0.298109875340843
3.54515050167224 0.303203896541863
3.57859531772575 0.308346723228256
3.61204013377926 0.313537529353631
3.64548494983278 0.318775444969276
3.67892976588629 0.324059556369301
3.7123745819398 0.329388906313058
3.74581939799331 0.334762494326244
3.77926421404682 0.340179277081921
3.81270903010033 0.345638168862449
3.84615384615385 0.351138042103089
3.87959866220736 0.356677728017815
3.91304347826087 0.362256017307593
3.94648829431438 0.367871660951137
3.97993311036789 0.373523371077898
4.0133779264214 0.379209821922744
4.04682274247492 0.384929650861536
4.08026755852843 0.390681459526496
4.11371237458194 0.396463815000015
4.14715719063545 0.402275251085235
4.18060200668896 0.408114269651477
4.21404682274247 0.413979342052287
4.24749163879599 0.419868910613628
4.2809364548495 0.425781390189444
4.31438127090301 0.431715169781573
4.34782608695652 0.437668614220738
4.38127090301003 0.443640065905095
4.41471571906354 0.449627846592572
4.44816053511706 0.455630259243051
4.48160535117057 0.461645589906193
4.51505016722408 0.467672109650555
4.54849498327759 0.473708076529451
4.5819397993311 0.479751737578885
4.61538461538461 0.485801330842703
4.64882943143813 0.491855087420047
4.68227424749164 0.497911233530054
4.71571906354515 0.503967992588715
4.74916387959866 0.510023587292705
4.78260869565217 0.516076241705012
4.81605351170569 0.522124183337161
4.8494983277592 0.528165645222846
4.88294314381271 0.534198867977828
4.91638795986622 0.540222101840996
4.94983277591973 0.546233608691606
4.98327759197324 0.552231664037768
5.01672240802676 0.5582145589714
5.05016722408027 0.564180602085016
5.08361204013378 0.570128121345847
5.11705685618729 0.576055465922988
5.1505016722408 0.581961007963473
5.18394648829431 0.587843144313347
5.21739130434783 0.593700298180075
5.25083612040134 0.599530920732828
5.28428093645485 0.605333492637456
5.31772575250836 0.611106525523192
5.35117056856187 0.616848563378427
5.38461538461538 0.622558183873138
5.4180602006689 0.628233999605838
5.45150501672241 0.633874659273215
5.48494983277592 0.639478848760874
5.51839464882943 0.645045292153916
5.55183946488294 0.650572752666344
5.58528428093645 0.656060033488581
5.61872909698997 0.66150597855265
5.65217391304348 0.666909473214856
5.68561872909699 0.672269444856042
5.7190635451505 0.67758486339979
5.75250836120401 0.682854741749153
5.78595317725753 0.688078136142765
5.81939799331104 0.693254146431384
5.85284280936455 0.698381916276177
5.88628762541806 0.703460633270213
5.91973244147157 0.708489528984878
5.95317725752508 0.713467878943048
5.9866220735786 0.718395002521086
6.02006688963211 0.72327026278183
6.05351170568562 0.728093066240907
6.08695652173913 0.732862862568823
6.12040133779264 0.737579144231404
6.15384615384615 0.742241446071234
6.18729096989967 0.74684934483285
6.22073578595318 0.751402458634503
6.25418060200669 0.755900446389352
6.2876254180602 0.760343007179026
6.32107023411371 0.764729879582465
6.35451505016722 0.769060840963043
6.38795986622074 0.773335706716909
6.42140468227425 0.777554329485535
6.45484949832776 0.781716598335402
6.48829431438127 0.785822437907769
6.52173913043478 0.789871807541384
6.55518394648829 0.793864700371017
6.58862876254181 0.797801142404577
6.62207357859532 0.801681191581561
6.65551839464883 0.805504936815504
6.68896321070234 0.809272497023011
6.72240802675585 0.8129840201419
6.75585284280936 0.81663968214088
6.78929765886288 0.820239686023113
6.82274247491639 0.823784260825914
6.8561872909699 0.827273660618746
6.88963210702341 0.83070816350158
6.92307692307692 0.834088070605582
6.95652173913043 0.837413705097988
6.98996655518395 0.840685411192939
7.02341137123746 0.843903553169944
7.05685618729097 0.847068514401517
7.09030100334448 0.850180696391468
7.12374581939799 0.8532405178252
7.1571906354515 0.856248413633286
7.19063545150502 0.859204834069473
7.22408026755853 0.862110243804216
7.25752508361204 0.864965121034683
7.29096989966555 0.867769956612155
7.32441471571906 0.870525253187584
7.35785953177257 0.873231524376062
7.39130434782609 0.875889293940784
7.4247491638796 0.878499094997105
7.45819397993311 0.881061469237119
7.49163879598662 0.883576966175195
7.52508361204013 0.886046142414777
7.55852842809364 0.888469560936715
7.59197324414716 0.890847790409335
7.62541806020067 0.893181404520369
7.65886287625418 0.895470981330839
7.69230769230769 0.897717102650913
7.7257525083612 0.899920353437711
7.75919732441471 0.902081321214993
7.79264214046823 0.904200595514603
7.82608695652174 0.906278767339523
7.85953177257525 0.908316428648336
7.89297658862876 0.910314171860862
7.92642140468227 0.912272589384715
7.95986622073579 0.914192273162482
7.9933110367893 0.916073814239202
8.02675585284281 0.917917802349809
8.06020066889632 0.919724825526166
8.09364548494983 0.921495469723309
8.12709030100334 0.923230318464499
8.16053511705686 0.924929952504661
8.19397993311037 0.926594949511787
8.22742474916388 0.928225883765851
8.26086956521739 0.929823325874802
8.2943143812709 0.931387842507159
8.32775919732441 0.932919996140757
8.36120401337793 0.934420344827172
8.39464882943144 0.935889441971358
8.42809364548495 0.937327836126018
8.46153846153846 0.938736070800242
8.49498327759197 0.940114684281939
8.52842809364548 0.941464209473594
8.561872909699 0.942785173740884
8.59531772575251 0.944078098773694
8.62876254180602 0.945343500459064
8.66220735785953 0.946581888765638
8.69565217391304 0.947793767639136
8.72909698996656 0.948979634908447
8.76254180602007 0.95013998220188
8.79598662207358 0.95127529487317
8.82943143812709 0.952386051936812
8.8628762541806 0.95347272601232
8.89632107023411 0.954535783277016
8.92976588628762 0.955575683426953
8.96321070234114 0.956592879645595
8.99665551839465 0.957587818579896
9.03010033444816 0.958560940323396
9.06354515050167 0.959512678406001
9.09698996655518 0.960443459790106
9.1304347826087 0.961353704872719
9.16387959866221 0.962243827493281
9.19732441471572 0.963114234946856
9.23076923076923 0.963965328002415
9.26421404682274 0.964797500925891
9.29765886287625 0.965611141507755
9.33110367892977 0.966406631094825
9.36454849498328 0.967184344626052
9.39799331103679 0.967944650672037
9.4314381270903 0.968687911478021
9.46488294314381 0.969414483010139
9.49832775919732 0.970124715004689
9.53177257525084 0.970818951020222
9.56521739130435 0.971497528492232
9.59866220735786 0.97216077879026
9.63210702341137 0.972809027277206
9.66555183946488 0.973442593370692
9.69899665551839 0.974061790606274
9.73244147157191 0.974666926702365
9.76588628762542 0.975258303626686
9.79933110367893 0.975836217664109
9.83277591973244 0.97640095948575
9.86622073578595 0.976952814219154
9.89966555183946 0.977492061519469
9.93311036789298 0.978018975641466
9.96655518394649 0.978533825512291
10 0.979036874804839
