0 0.0356414883874098
0.0334448160535117 0.0364421168988419
0.0668896321070234 0.0372600353556457
0.100334448160535 0.0380955856404951
0.133779264214047 0.0389491149685621
0.167224080267559 0.0398209759039853
0.20066889632107 0.0407115263727092
0.234113712374582 0.0416211296714884
0.267558528428094 0.0425501544728432
0.301003344481605 0.0434989748257445
0.334448160535117 0.0444679701518039
0.367892976588629 0.045457525236732
0.40133779264214 0.046468030216828
0.434782608695652 0.0474998805602502
0.468227424749164 0.0485534770428165
0.501672240802676 0.0496292257180718
0.535117056856187 0.0507275378813588
0.568561872909699 0.0518488300276162
0.602006688963211 0.0529935238026264
0.635451505016722 0.0541620459474276
0.668896321070234 0.0553548282355979
0.702341137123746 0.0565723074031164
0.735785953177257 0.0578149250704972
0.769230769230769 0.0590831276568906
0.802675585284281 0.0603773662858389
0.836120401337793 0.0616980966823711
0.869565217391304 0.0630457790611152
0.903010033444816 0.0644208780051058
0.936454849498328 0.0658238623349598
0.969899665551839 0.0672552049680903
1.00334448160535 0.0687153827676296
1.03678929765886 0.0702048763807268
1.07023411371237 0.0717241700658897
1.10367892976589 0.0732737515090366
1.1371237458194 0.074854111627928
1.17056856187291 0.0764657443646474
1.20401337792642 0.0781091464658061
1.23745819397993 0.0797848172501471
1.27090301003344 0.0814932583632318
1.30434782608696 0.0832349735188958
1.33779264214047 0.0850104682271698
1.37123745819398 0.0868202495083684
1.40468227424749 0.0886648255930589
1.438127090301 0.0905447056076349
1.47157190635451 0.0924603992452301
1.50501672240803 0.0944124164217223
1.53846153846154 0.0964012669165936
1.57190635451505 0.0984274599984277
1.60535117056856 0.100491504034847
1.63879598662207 0.10259390608671
1.67224080267559 0.104735171486414
1.7056856187291 0.106915803400167
1.73913043478261 0.109136302374126
1.77257525083612 0.111397165864327
1.80602006688963 0.113698887750347
1.83946488294314 0.116041957832689
1.87290969899666 0.118426861313914
1.90635451505017 0.12085407826355
1.93979933110368 0.123324083066902
1.97324414715719 0.125837343857865
2.0066889632107 0.128394321935931
2.04013377926421 0.130995471167608
2.07357859531773 0.1336412373725
2.10702341137124 0.136332057694389
2.14046822742475 0.13906835995766
2.17391304347826 0.141850562009492
2.20735785953177 0.144679071048296
2.24080267558528 0.147554282938916
2.2742474916388 0.150476581515189
2.30769230769231 0.153446337870504
2.34113712374582 0.156463909637068
2.37458193979933 0.159529640254656
2.40802675585284 0.162643858229675
2.44147157190635 0.165806876385437
2.47491638795987 0.169018991104623
2.50836120401338 0.172280481564953
2.54180602006689 0.175591608969176
2.5752508361204 0.178952615770539
2.60869565217391 0.182363724894985
2.64214046822742 0.185825138961362
2.67558528428094 0.189337039501036
2.70903010033445 0.192899586178332
2.74247491638796 0.196512916013308
2.77591973244147 0.200177142608426
2.80936454849498 0.203892355380754
2.84280936454849 0.207658618801376
2.87625418060201 0.211475971643761
2.90969899665552 0.215344426242885
2.94314381270903 0.219263967766965
2.97658862876254 0.223234553503681
3.01003344481605 0.227256112162849
3.04347826086956 0.231328543197503
3.07692307692308 0.235451716145414
3.11036789297659 0.239625469993072
3.1438127090301 0.243849612564202
3.17725752508361 0.248123919934891
3.21070234113712 0.252448135877416
3.24414715719064 0.256821971334863
3.27759197324415 0.261245103928632
3.31103678929766 0.265717177500895
3.34448160535117 0.270237801694084
3.37792642140468 0.274806551569412
3.41137123745819 0.27942296726646
3.44481605351171 0.284086553705739
3.47826086956522 0.288796780336169
3.51170568561873 0.293553080929277
3.54515050167224 0.298354853421909
3.57859531772575 0.303201459809118
3.61204013377926 0.308092226088849
3.64548494983278 0.313026442259912
3.67892976588629 0.318003362374639
3.7123745819398 0.323022204647505
3.74581939799331 0.328082151620873
3.77926421404682 0.33318235038889
3.81270903010033 0.338321912880411
3.84615384615385 0.343499916201697
3.87959866220736 0.348715403039474
3.91304347826087 0.353967382124765
3.94648829431438 0.359254828757762
3.97993311036789 0.364576685393826
4.0133779264214 0.369931862290504
4.04682274247492 0.375319238215313
4.08026755852843 0.380737661213814
4.11371237458194 0.386185949437341
4.14715719063545 0.391662892029549
4.18060200668896 0.397167250070752
4.21404682274247 0.402697757578845
4.24749163879599 0.408253122565405
4.2809364548495 0.413832028145375
4.31438127090301 0.419433133698567
4.34782608695652 0.425055076081027
4.38127090301003 0.430696470884128
4.41471571906354 0.43635591373909
4.44816053511706 0.442031981664472
4.48160535117057 0.447723234454003
4.51505016722408 0.45342821610199
4.54849498327759 0.459145456263393
4.5819397993311 0.464873471745523
4.61538461538461 0.470610768028221
4.64882943143813 0.476355840809232
4.68227424749164 0.482107177571432
4.71571906354515 0.487863259168449
4.74916387959866 0.49362256142518
4.78260869565217 0.499383556749616
4.81605351170569 0.505144715752362
4.8494983277592 0.510904508870219
4.88294314381271 0.516661407990155
4.91638795986622 0.522413888069999
4.94983277591973 0.528160428752224
4.98327759197324 0.533899515967182
5.01672240802676 0.539629643522209
5.05016722408027 0.545349314673082
5.08361204013378 0.55105704367436
5.11705685618729 0.556751357305224
5.1505016722408 0.562430796367544
5.18394648829431 0.56809391715298
5.21739130434783 0.573739292876058
5.25083612040134 0.579365515070279
5.28428093645485 0.584971194944472
5.31772575250836 0.590554964696716
5.35117056856187 0.596115478783359
5.38461538461538 0.601651415140783
5.4180602006689 0.607161476357738
5.45150501672241 0.61264439079628
5.48494983277592 0.618098913659475
5.51839464882943 0.623523828004254
5.55183946488294 0.628917945697964
5.58528428093645 0.634280108317381
5.61872909698997 0.6396091879891
5.65217391304348 0.644904088170434
5.68561872909699 0.650163744370146
5.7190635451505 0.655387124808501
5.75250836120401 0.660573231016333
5.78595317725753 0.665721098372999
5.81939799331104 0.670829796583257
5.85284280936455 0.675898430093301
5.88628762541806 0.68092613844633
5.91973244147157 0.685912096578208
5.95317725752508 0.690855515053921
5.9866220735786 0.695755640245685
6.02006688963211 0.700611754453698
6.05351170568562 0.705423175970669
6.08695652173913 0.710189259091379
6.12040133779264 0.714909394068647
6.15384615384615 0.719583007017173
6.18729096989967 0.724209559766844
6.22073578595318 0.72878854966717
6.25418060200669 0.733319509344609
6.2876254180602 0.737802006414582
6.32107023411371 0.742235643150093
6.35451505016722 0.746620056108875
6.38795986622074 0.750954915721056
6.42140468227425 0.755239925839372
6.45484949832776 0.759474823253978
6.48829431438127 0.763659377173926
6.52173913043478 0.76779338867741
6.55518394648829 0.771876690132854
6.58862876254181 0.775909144592952
6.62207357859532 0.779890645163725
6.65551839464883 0.78382111435067
6.68896321070234 0.787700503384054
6.72240802675585 0.791528791525346
6.75585284280936 0.79530598535681
6.78929765886288 0.799032118056166
6.82274247491639 0.80270724865826
6.8561872909699 0.80633146130558
6.88963210702341 0.809904864489432
6.92307692307692 0.813427590283546
6.95652173913043 0.816899793571785
6.98996655518395 0.820321651271625
7.02341137123746 0.823693361554965
7.05685618729097 0.827015143067789
7.09030100334448 0.830287234150139
7.12374581939799 0.833509892057768
7.1571906354515 0.836683392186807
7.19063545150502 0.839808027302684
7.22408026755853 0.842884106774486
7.25752508361204 0.84591195581588
7.29096989966555 0.848891914733629
7.32441471571906 0.851824338184698
7.35785953177257 0.85470959444286
7.39130434782609 0.857548064675644
7.4247491638796 0.860340142232416
7.45819397993311 0.863086231944311
7.49163879598662 0.865786749436685
7.52508361204013 0.868442120454665
7.55852842809364 0.871052780202363
7.59197324414716 0.873619172696215
7.62541806020067 0.876141750132891
7.65886287625418 0.878620972272145
7.69230769230769 0.881057305834919
7.7257525083612 0.883451223917002
7.75919732441471 0.88580320541844
7.79264214046823 0.88811373448891
7.82608695652174 0.890383299989177
7.85953177257525 0.892612394968749
7.89297658862876 0.894801516159778
7.92642140468227 0.896951163487243
7.95986622073579 0.899061839595401
7.9933110367893 0.901134049390458
8.02675585284281 0.903168299599404
8.06020066889632 0.905165098344889
8.09364548494983 0.907124954736035
8.12709030100334 0.909048378475017
8.16053511705686 0.910935879479249
8.19397993311037 0.912787967518972
8.22742474916388 0.914605151870038
8.26086956521739 0.916387940981653
8.2943143812709 0.918136842158836
8.32775919732441 0.91985236125933
8.36120401337793 0.921535002404691
8.39464882943144 0.923185267705277
8.42809364548495 0.924803656998831
8.46153846153846 0.92639066760236
8.49498327759197 0.927946794077008
8.52842809364548 0.929472528005585
8.561872909699 0.930968357782448
8.59531772575251 0.932434768415409
8.62876254180602 0.933872241339323
8.66220735785953 0.935281254241041
8.69565217391304 0.936662280895397
8.72909698996656 0.938015791011878
8.76254180602007 0.939342250091668
8.79598662207358 0.94064211929472
8.82943143812709 0.941915855316527
8.8628762541806 0.943163910274272
8.89632107023411 0.94438673160203
8.92976588628762 0.945584761954693
8.96321070234114 0.946758439120313
8.99665551839465 0.947908195940546
9.03010033444816 0.949034460238881
9.06354515050167 0.950137654756363
9.09698996655518 0.951218197094503
9.1304347826087 0.952276499665091
9.16387959866221 0.953312969646609
9.19732441471572 0.954328008946991
9.23076923076923 0.955322014172424
9.26421404682274 0.956295376601945
9.29765886287625 0.957248482167564
9.33110367892977 0.958181711439656
9.36454849498328 0.959095439617378
9.39799331103679 0.959990036523866
9.4314381270903 0.960865866605976
9.46488294314381 0.961723288938345
9.49832775919732 0.96256265723155
9.53177257525084 0.96338431984414
9.56521739130435 0.964188619798347
9.59866220735786 0.964975894799265
9.63210702341137 0.965746477257307
9.66555183946488 0.966500694313744
9.69899665551839 0.967238867869155
9.73244147157191 0.967961314614601
9.76588628762542 0.968668346065359
9.79933110367893 0.969360268597056
9.83277591973244 0.970037383484036
9.86622073578595 0.970699986939814
9.89966555183946 0.97134837015948
9.93311036789298 0.971982819363893
9.96655518394649 0.972603615845548
10 0.973211036015979
