0 0.0275127736113164
0.0334448160535117 0.028184585148978
0.0668896321070234 0.0288723140610408
0.100334448160535 0.0295763134490564
0.133779264214047 0.0302969430624344
0.167224080267559 0.031034569363947
0.20066889632107 0.0317895655925461
0.234113712374582 0.0325623118232655
0.267558528428094 0.0333531950239659
0.301003344481605 0.0341626091086742
0.334448160535117 0.034990954987254
0.367892976588629 0.0358386406111371
0.40133779264214 0.0367060810148316
0.434782608695652 0.0375936983529129
0.468227424749164 0.0385019219321913
0.501672240802676 0.0394311882387394
0.535117056856187 0.0403819409594491
0.568561872909699 0.0413546309977781
0.602006688963211 0.042349716483332
0.635451505016722 0.0433676627749171
0.668896321070234 0.0444089424566864
0.702341137123746 0.0454740353269894
0.735785953177257 0.0465634283795241
0.769230769230769 0.0476776157763769
0.802675585284281 0.048817098812526
0.836120401337793 0.0499823858713688
0.869565217391304 0.0511739923708265
0.903010033444816 0.0523924406995621
0.936454849498328 0.0536382601428433
0.969899665551839 0.0549119867975658
1.00334448160535 0.0562141634759431
1.03678929765886 0.0575453395973629
1.07023411371237 0.0589060710678946
1.10367892976589 0.0602969201469287
1.1371237458194 0.0617184553004184
1.17056856187291 0.0631712510401871
1.20401337792642 0.0646558877487591
1.23745819397993 0.0661729514891645
1.27090301003344 0.0677230337991671
1.30434782608696 0.0693067314693579
1.33779264214047 0.0709246463045573
1.37123745819398 0.0725773848679669
1.40468227424749 0.0742655582075142
1.438127090301 0.0759897815638332
1.47157190635451 0.0777506740593328
1.50501672240803 0.0795488583678053
1.53846153846154 0.0813849603640398
1.57190635451505 0.0832596087529129
1.60535117056856 0.0851734346774432
1.63879598662207 0.0871270713053083
1.67224080267559 0.0891211533933435
1.7056856187291 0.0911563168295579
1.73913043478261 0.0932331981522293
1.77257525083612 0.0953524340456617
1.80602006688963 0.0975146608122215
1.83946488294314 0.0997205138202951
1.87290969899666 0.101970626927852
1.90635451505017 0.10426563188133
1.93979933110368 0.106606157689606
1.97324414715719 0.108992829972853
2.0066889632107 0.11142627028615
2.04013377926421 0.113907095417748
2.07357859531773 0.116435916661953
2.10702341137124 0.119013339066662
2.14046822742475 0.12163996065565
2.17391304347826 0.124316371625749
2.20735785953177 0.127043153519177
2.24080267558528 0.129820878371322
2.2742474916388 0.132650107834365
2.30769230769231 0.135531392277243
2.34113712374582 0.138465269862504
2.37458193979933 0.141452265600728
2.40802675585284 0.14449289038327
2.44147157190635 0.147587639994189
2.47491638795987 0.150736994102335
2.50836120401338 0.153941415234652
2.54180602006689 0.15720134773191
2.5752508361204 0.160517216688136
2.60869565217391 0.163889426875185
2.64214046822742 0.167318361653959
2.67558528428094 0.170804381873959
2.70903010033445 0.174347824762915
2.74247491638796 0.17794900280841
2.77591973244147 0.181608202633512
2.80936454849498 0.185325683868555
2.84280936454849 0.189101678021338
2.87625418060201 0.192936387348115
2.90969899665552 0.196829983727893
2.94314381270903 0.200782607542639
2.97658862876254 0.204794366566137
3.01003344481605 0.20886533486433
3.04347826086956 0.212995551710077
3.07692307692308 0.217185020515376
3.11036789297659 0.221433707784168
3.1438127090301 0.225741542088933
3.17725752508361 0.230108413074377
3.21070234113712 0.234534170491536
3.24414715719064 0.239018623265722
3.27759197324415 0.243561538601753
3.31103678929766 0.248162641129958
3.34448160535117 0.252821612096449
3.37792642140468 0.25753808860119
3.41137123745819 0.262311662887353
3.44481605351171 0.267141881685466
3.47826086956522 0.272028245615782
3.51170568561873 0.276970208652287
3.54515050167224 0.281967177651666
3.57859531772575 0.287018511950477
3.61204013377926 0.292123523033686
3.64548494983278 0.29728147427757
3.67892976588629 0.302491580769899
3.7123745819398 0.307753009210123
3.74581939799331 0.313064877892121
3.77926421404682 0.318426256771905
3.81270903010033 0.323836167622436
3.84615384615385 0.32929358427751
3.87959866220736 0.33479743296641
3.91304347826087 0.340346592740797
3.94648829431438 0.345939895995025
3.97993311036789 0.35157612908077
4.0133779264214 0.357254033016619
4.04682274247492 0.362972304292888
4.08026755852843 0.368729595771696
4.11371237458194 0.374524517681932
4.14715719063545 0.380355638708481
4.18060200668896 0.38622148717468
4.21404682274247 0.392120552316681
4.24749163879599 0.398051285648033
4.2809364548495 0.404012102412448
4.31438127090301 0.410001383122393
4.34782608695652 0.416017475180796
4.38127090301003 0.42205869458283
4.41471571906354 0.428123327694405
4.44816053511706 0.434209633103703
4.48160535117057 0.440315843541767
4.51505016722408 0.446440167867869
4.54849498327759 0.452580793115117
4.5819397993311 0.458735886591497
4.61538461538461 0.464903598031295
4.64882943143813 0.471082061791653
4.68227424749164 0.477269399088777
4.71571906354515 0.483463720268178
4.74916387959866 0.489663127103149
4.78260869565217 0.495865715115569
4.81605351170569 0.502069575913023
4.8494983277592 0.508272799536147
4.88294314381271 0.514473476810075
4.91638795986622 0.520669701693828
4.94983277591973 0.526859573621522
4.98327759197324 0.533041199829267
5.01672240802676 0.53921269766174
5.05016722408027 0.545372196852472
5.08361204013378 0.551517841772017
5.11705685618729 0.557647793638322
5.1505016722408 0.56376023268376
5.18394648829431 0.569853360273516
5.21739130434783 0.575925400970187
5.25083612040134 0.581974604539715
5.28428093645485 0.587999247894028
5.31772575250836 0.59399763696601
5.35117056856187 0.599968108512728
5.38461538461538 0.605909031843135
5.4180602006689 0.611818810466783
5.45150501672241 0.617695883660388
5.48494983277592 0.623538727949449
5.51839464882943 0.629345858502411
5.55183946488294 0.635115830435265
5.58528428093645 0.640847240024759
5.61872909698997 0.646538725828775
5.65217391304348 0.652188969712762
5.68561872909699 0.657796697781443
5.7190635451505 0.663360681215354
5.75250836120401 0.668879737012107
5.78595317725753 0.674352728632569
5.81939799331104 0.679778566552485
5.85284280936455 0.685156208720338
5.88628762541806 0.690484660922552
5.91973244147157 0.695762977057413
5.95317725752508 0.700990259319322
5.9866220735786 0.706165658295258
6.02006688963211 0.711288372975549
6.05351170568562 0.716357650681266
6.08695652173913 0.721372786910731
6.12040133779264 0.726333125107829
6.15384615384615 0.73123805635496
6.18729096989967 0.736087018993628
6.22073578595318 0.740879498175744
6.25418060200669 0.745615025348888
6.2876254180602 0.750293177678827
6.32107023411371 0.754913577412646
6.35451505016722 0.759475891185965
6.38795986622074 0.763979829277682
6.42140468227425 0.768425144815764
6.45484949832776 0.772811632937599
6.48829431438127 0.777139129908403
6.52173913043478 0.781407512201194
6.55518394648829 0.785616695541775
6.58862876254181 0.789766633922173
6.62207357859532 0.793857318585881
6.65551839464883 0.797888776988221
6.68896321070234 0.801861071735065
6.72240802675585 0.805774299503062
6.75585284280936 0.80962858994445
6.78929765886288 0.813424104579411
6.82274247491639 0.817161035678852
6.8561872909699 0.820839605140372
6.88963210702341 0.824460063360067
6.92307692307692 0.828022688102726
6.95652173913043 0.831527783372827
6.98996655518395 0.834975678288641
7.02341137123746 0.838366725961633
7.05685618729097 0.841701302383214
7.09030100334448 0.844979805320781
7.12374581939799 0.848202653224869
7.1571906354515 0.8513702841491
7.19063545150502 0.854483154684505
7.22408026755853 0.857541738909682
7.25752508361204 0.860546527358112
7.29096989966555 0.863498026003872
7.32441471571906 0.866396755266847
7.35785953177257 0.869243249038441
7.39130434782609 0.8720380537287
7.4247491638796 0.87478172733562
7.45819397993311 0.877474838537347
7.49163879598662 0.880117965807874
7.52508361204013 0.882711696556734
7.55852842809364 0.885256626293118
7.59197324414716 0.887753357814757
7.62541806020067 0.890202500421832
7.65886287625418 0.89260466915609
7.69230769230769 0.894960484065284
7.7257525083612 0.897270569492999
7.75919732441471 0.899535553393826
7.79264214046823 0.901756066673831
7.82608695652174 0.903932742556194
7.85953177257525 0.906066215971817
7.89297658862876 0.90815712297471
7.92642140468227 0.910206100181857
7.95986622073579 0.912213784237284
7.9933110367893 0.914180811299955
8.02675585284281 0.916107816555151
8.06020066889632 0.917995433748901
8.09364548494983 0.919844294745049
8.12709030100334 0.921655029104497
8.16053511705686 0.923428263686145
8.19397993311037 0.925164622269039
8.22742474916388 0.926864725195208
8.26086956521739 0.928529189032681
8.2943143812709 0.930158626258135
8.32775919732441 0.931753644958647
8.36120401337793 0.933314848551984
8.39464882943144 0.934842835524893
8.42809364548495 0.93633819918882
8.46153846153846 0.937801527452517
8.49498327759197 0.939233402610954
8.52842809364548 0.940634401150009
8.561872909699 0.942005093566351
8.59531772575251 0.943346044201996
8.62876254180602 0.94465781109297
8.66220735785953 0.945940945831545
8.69565217391304 0.947195993441528
8.72909698996656 0.948423492266056
8.76254180602007 0.949623973867413
8.79598662207358 0.950797962938332
8.82943143812709 0.951945977224304
8.8628762541806 0.953068527456404
8.89632107023411 0.954166117294156
8.92976588628762 0.955239243277976
8.96321070234114 0.956288394790734
8.99665551839465 0.957314054028006
9.03010033444816 0.958316695976567
9.06354515050167 0.959296788400729
9.09698996655518 0.960254791836099
9.1304347826087 0.961191159590376
9.16387959866221 0.962106337750803
9.19732441471572 0.963000765197902
9.23076923076923 0.96387487362513
9.26421404682274 0.964729087564132
9.29765886287625 0.965563824415226
9.33110367892977 0.966379494482826
9.36454849498328 0.967176501015483
9.39799331103679 0.967955240250235
9.4314381270903 0.968716101461007
9.46488294314381 0.96945946701075
9.49832775919732 0.970185712407088
9.53177257525084 0.970895206361191
9.56521739130435 0.971588310849652
9.59866220735786 0.972265381179119
9.63210702341137 0.97292676605347
9.66555183946488 0.973572807643312
9.69899665551839 0.974203841657597
9.73244147157191 0.974820197417167
9.76588628762542 0.975422197930044
9.79933110367893 0.976010159968274
9.83277591973244 0.976584394146172
9.86622073578595 0.977145204999802
9.89966555183946 0.977692891067535
9.93311036789298 0.97822774497155
9.96655518394649 0.978750053500127
10 0.97926009769062
