0 0.00945642562504665
0.0334448160535117 0.00971830123885209
0.0668896321070234 0.00998735582067461
0.100334448160535 0.0102637820691834
0.133779264214047 0.0105477776253541
0.167224080267559 0.0108395451862554
0.20066889632107 0.0111392926207069
0.234113712374582 0.0114472330867944
0.267558528428094 0.0117635851512216
0.301003344481605 0.0120885729104756
0.334448160535117 0.0124224261137778
0.367892976588629 0.0127653802877887
0.40133779264214 0.0131176768630283
0.434782608695652 0.013479563301971
0.468227424749164 0.0138512932287655
0.501672240802676 0.0142331265605273
0.535117056856187 0.0146253296401436
0.568561872909699 0.0150281753705233
0.602006688963211 0.0154419433502207
0.635451505016722 0.0158669200103492
0.668896321070234 0.0163033987527003
0.702341137123746 0.0167516800889683
0.735785953177257 0.0172120717809773
0.769230769230769 0.0176848889817959
0.802675585284281 0.018170454377616
0.836120401337793 0.0186690983302622
0.869565217391304 0.0191811590201876
0.903010033444816 0.019706982589801
0.936454849498328 0.0202469232869584
0.969899665551839 0.0208013436084409
1.00334448160535 0.0213706144432268
1.03678929765886 0.021955115215353
1.07023411371237 0.0225552340261483
1.10367892976589 0.0231713677956039
1.1371237458194 0.0238039224026351
1.17056856187291 0.0244533128239679
1.20401337792642 0.0251199632713724
1.23745819397993 0.0258043073269442
1.27090301003344 0.0265067880761208
1.30434782608696 0.0272278582380964
1.33779264214047 0.0279679802932872
1.37123745819398 0.0287276266074709
1.40468227424749 0.0295072795522105
1.438127090301 0.0303074316211483
1.47157190635451 0.0311285855417346
1.50501672240803 0.0319712543819328
1.53846153846154 0.0328359616514218
1.57190635451505 0.0337232413967898
1.60535117056856 0.0346336382901907
1.63879598662207 0.0355677077109106
1.67224080267559 0.0365260158192638
1.7056856187291 0.0375091396222144
1.73913043478261 0.0385176670300905
1.77257525083612 0.0395521969037338
1.80602006688963 0.0406133390913969
1.83946488294314 0.0417017144546765
1.87290969899666 0.0428179548827394
1.90635451505017 0.0439627032940721
1.93979933110368 0.0451366136249563
1.97324414715719 0.0463403508038434
2.0066889632107 0.0475745907107738
2.04013377926421 0.0488400201209586
2.07357859531773 0.0501373366316132
2.10702341137124 0.0514672485711056
2.14046822742475 0.0528304748894553
2.17391304347826 0.0542277450291923
2.20735785953177 0.0556597987755617
2.24080267558528 0.0571273860850348
2.2742474916388 0.0586312668910645
2.30769230769231 0.0601722108860031
2.34113712374582 0.0617509972780789
2.37458193979933 0.063368414522314
2.40802675585284 0.0650252600242453
2.44147157190635 0.0667223398153034
2.47491638795987 0.0684604681986893
2.50836120401338 0.0702404673645853
2.54180602006689 0.0720631669735286
2.5752508361204 0.0739294037067817
2.60869565217391 0.0758400207825302
2.64214046822742 0.0777958674367541
2.67558528428094 0.0797977983676246
2.70903010033445 0.0818466731423022
2.74247491638796 0.0839433555650305
2.77591973244147 0.0860887130054508
2.80936454849498 0.0882836156860985
2.84280936454849 0.0905289359280815
2.87625418060201 0.092825547353992
2.90969899665552 0.0951743240471567
2.94314381270903 0.0975761396663956
2.97658862876254 0.100031866515529
3.01003344481605 0.102542374566955
3.04347826086956 0.105108530438709
3.07692307692308 0.107731196324507
3.11036789297659 0.110411228876395
3.1438127090301 0.113149478039736
3.17725752508361 0.115946785840387
3.21070234113712 0.118803985124071
3.24414715719064 0.121721898248092
3.27759197324415 0.124701335725681
3.31103678929766 0.127743094823462
3.34448160535117 0.130847958112682
3.37792642140468 0.134016691975051
3.41137123745819 0.137250045064231
3.44481605351171 0.140548746724228
3.47826086956522 0.143913505366176
3.51170568561873 0.147345006805199
3.54515050167224 0.150843912559315
3.57859531772575 0.154410858112565
3.61204013377926 0.158046451144839
3.64548494983278 0.161751269731086
3.67892976588629 0.165525860512927
3.7123745819398 0.169370736845913
3.74581939799331 0.173286376925981
3.77926421404682 0.177273221898933
3.81270903010033 0.181331673957048
3.84615384615385 0.18546209442723
3.87959866220736 0.189664801855362
3.91304347826087 0.193940070091833
3.94648829431438 0.198288126383478
3.97993311036789 0.202709149477425
4.0133779264214 0.207203267742614
4.04682274247492 0.211770557315005
4.08026755852843 0.21641104027272
4.11371237458194 0.221124682847563
4.14715719063545 0.225911393679614
4.18060200668896 0.230771022121712
4.21404682274247 0.235703356600841
4.24749163879599 0.240708123043545
4.2809364548495 0.245784983372611
4.31438127090301 0.250933534082324
4.34782608695652 0.256153304899641
4.38127090301003 0.261443757538651
4.41471571906354 0.266804284555622
4.44816053511706 0.27223420831192
4.48160535117057 0.277732780051924
4.51505016722408 0.283299179102937
4.54849498327759 0.288932512203906
4.5819397993311 0.294631812969495
4.61538461538461 0.300396041495809
4.64882943143813 0.306224084113702
4.68227424749164 0.312114753295271
4.71571906354515 0.31806678771867
4.74916387959866 0.324078852495959
4.78260869565217 0.330149539568169
4.81605351170569 0.33627736827124
4.8494983277592 0.342460786075862
4.88294314381271 0.348698169503679
4.91638795986622 0.354987825221605
4.94983277591973 0.361327991315337
4.98327759197324 0.367716838742427
5.01672240802676 0.374152472964515
5.05016722408027 0.380632935757585
5.08361204013378 0.387156207198297
5.11705685618729 0.393720207823679
5.1505016722408 0.400322800960657
5.18394648829431 0.406961795221092
5.21739130434783 0.413634947157229
5.25083612040134 0.420339964071641
5.28428093645485 0.427074506975024
5.31772575250836 0.433836193684419
5.35117056856187 0.440622602053748
5.38461538461538 0.447431273327848
5.4180602006689 0.454259715610554
5.45150501672241 0.461105407436753
5.48494983277592 0.467965801437824
5.51839464882943 0.474838328089321
5.55183946488294 0.481720399529344
5.58528428093645 0.48860941343566
5.61872909698997 0.495502756949281
5.65217391304348 0.502397810632004
5.68561872909699 0.509291952445162
5.7190635451505 0.516182561736784
5.75250836120401 0.523067023224279
5.78595317725753 0.529942730959779
5.81939799331104 0.536807092265394
5.85284280936455 0.543657531625798
5.88628762541806 0.550491494525763
5.91973244147157 0.557306451220616
5.95317725752508 0.564099900427915
5.9866220735786 0.570869372929088
6.02006688963211 0.577612435070267
6.05351170568562 0.58432669215208
6.08695652173913 0.591009791698749
6.12040133779264 0.597659426597503
6.15384615384615 0.60427333809994
6.18729096989967 0.610849318677738
6.22073578595318 0.6173852147258
6.25418060200669 0.623878929106722
6.2876254180602 0.630328423531202
6.32107023411371 0.636731720769867
6.35451505016722 0.643086906692707
6.38795986622074 0.649392132133195
6.42140468227425 0.655645614574877
6.45484949832776 0.661845639659076
6.48829431438127 0.667990562513077
6.52173913043478 0.674078808898924
6.55518394648829 0.680108876183699
6.58862876254181 0.686079334132842
6.62207357859532 0.691988825528743
6.65551839464883 0.697836066617475
6.68896321070234 0.703619847387144
6.72240802675585 0.709339031681868
6.75585284280936 0.714992557155952
6.78929765886288 0.720579435073272
6.82274247491639 0.726098749957316
6.8561872909699 0.731549659097746
6.88963210702341 0.736931391919643
6.92307692307692 0.742243249221934
6.95652173913043 0.747484602291717
6.98996655518395 0.752654891901448
7.02341137123746 0.757753627196068
7.05685618729097 0.76278038447732
7.09030100334448 0.767734805892548
7.12374581939799 0.772616598035336
7.1571906354515 0.777425530465337
7.19063545150502 0.78216143415462
7.22408026755853 0.786824199867793
7.25752508361204 0.791413776483064
7.29096989966555 0.79593016926129
7.32441471571906 0.800373438069906
7.35785953177257 0.804743695568443
7.39130434782609 0.809041105362181
7.4247491638796 0.813265880130235
7.45819397993311 0.817418279734161
7.49163879598662 0.821498609312924
7.52508361204013 0.825507217369813
7.55852842809364 0.829444493856617
7.59197324414716 0.833310868260102
7.62541806020067 0.837106807695572
7.65886287625418 0.840832815011983
7.69230769230769 0.844489426912807
7.7257525083612 0.84807721209657
7.75919732441471 0.85159676942069
7.79264214046823 0.855048726091957
7.82608695652174 0.858433735886735
7.85953177257525 0.861752477403675
7.89297658862876 0.86500565235149
7.92642140468227 0.868193983874035
7.95986622073579 0.871318214914745
7.9933110367893 0.874379106622192
8.02675585284281 0.877377436798306
8.06020066889632 0.880313998390596
8.09364548494983 0.883189598029454
8.12709030100334 0.886005054611468
8.16053511705686 0.888761197929436
8.19397993311037 0.891458867349617
8.22742474916388 0.894098910536569
8.26086956521739 0.896682182225763
8.2943143812709 0.899209543044025
8.32775919732441 0.901681858377687
8.36120401337793 0.904099997288243
8.39464882943144 0.906464831475137
8.42809364548495 0.90877723428523
8.46153846153846 0.911038079768397
8.49498327759197 0.913248241778579
8.52842809364548 0.915408593119572
8.561872909699 0.917520004734736
8.59531772575251 0.91958334493975
8.62876254180602 0.921599478697478
8.66220735785953 0.923569266933963
8.69565217391304 0.925493565894521
8.72909698996656 0.927373226538872
8.76254180602007 0.9292090939742
8.79598662207358 0.931002006925046
8.82943143812709 0.932752797238869
8.8628762541806 0.934462289426129
8.89632107023411 0.936131300233745
8.92976588628762 0.937760638250725
8.96321070234114 0.939351103544837
8.99665551839465 0.940903487329123
9.03010033444816 0.942418571657115
9.06354515050167 0.943897129145589
9.09698996655518 0.945339922723731
9.1304347826087 0.946747705407574
9.16387959866221 0.94812122009861
9.19732441471572 0.94946119940549
9.23076923076923 0.950768365487732
9.26421404682274 0.952043429920396
9.29765886287625 0.953287093578714
9.33110367892977 0.954500046541661
9.36454849498328 0.955682968013504
9.39799331103679 0.956836526262379
9.4314381270903 0.957961378574989
9.46488294314381 0.959058171226511
9.49832775919732 0.960127539464866
9.53177257525084 0.961170107508518
9.56521739130435 0.96218648855698
9.59866220735786 0.963177284813263
9.63210702341137 0.96414308751751
9.66555183946488 0.965084476991101
9.69899665551839 0.966002022690524
9.73244147157191 0.966896283270353
9.76588628762542 0.967767806654688
9.79933110367893 0.968617130116452
9.83277591973244 0.969444780363945
9.86622073578595 0.970251273634106
9.89966555183946 0.971037115791939
9.93311036789298 0.971802802435598
9.96655518394649 0.972548819006631
10 0.973275640904933
