0 0.0338990215036611
0.0334448160535117 0.0346792676062518
0.0668896321070234 0.0354768129820374
0.100334448160535 0.0362920105396695
0.133779264214047 0.0371252189638618
0.167224080267559 0.0379768027419293
0.20066889632107 0.0388471321866702
0.234113712374582 0.0397365834553676
0.267558528428094 0.040645538564676
0.301003344481605 0.0415743854011536
0.334448160535117 0.0425235177271901
0.367892976588629 0.0434933351820747
0.40133779264214 0.0444842432779383
0.434782608695652 0.0454966533902984
0.468227424749164 0.0465309827429244
0.501672240802676 0.0475876543867363
0.535117056856187 0.0486670971724383
0.568561872909699 0.0497697457165839
0.602006688963211 0.0508960403607606
0.635451505016722 0.0520464271235729
0.668896321070234 0.0532213576450978
0.702341137123746 0.0544212891234776
0.735785953177257 0.0556466842433096
0.769230769230769 0.0568980110954831
0.802675585284281 0.0581757430881109
0.836120401337793 0.059480358848195
0.869565217391304 0.0608123421136595
0.903010033444816 0.0621721816153808
0.936454849498328 0.0635603709488398
0.969899665551839 0.0649774084350161
1.00334448160535 0.0664237969701418
1.03678929765886 0.0679000438639301
1.07023411371237 0.0694066606658892
1.10367892976589 0.0709441629793363
1.1371237458194 0.0725130702627202
1.17056856187291 0.0741139056178656
1.20401337792642 0.0757471955647528
1.23745819397993 0.0774134698024495
1.27090301003344 0.0791132609558136
1.30434782608696 0.080847104307595
1.33779264214047 0.0826155375155664
1.37123745819398 0.0844191003143238
1.40468227424749 0.086258334201406
1.438127090301 0.0881337821073927
1.47157190635451 0.090045988049655
1.50501672240803 0.0919954967694435
1.53846153846154 0.0939828533520178
1.57190635451505 0.0960086028295387
1.60535117056856 0.0980732897664617
1.63879598662207 0.100177457827196
1.67224080267559 0.102321649325816
1.7056856187291 0.10450640475763
1.73913043478261 0.106732262312466
1.77257525083612 0.108999757369517
1.80602006688963 0.111309421973679
1.83946488294314 0.113661784293304
1.87290969899666 0.116057368059349
1.90635451505017 0.118496691985945
1.93979933110368 0.120980269172439
1.97324414715719 0.123508606487023
2.0066889632107 0.126082203932099
2.04013377926421 0.128701553991587
2.07357859531773 0.13136714096044
2.10702341137124 0.134079440256669
2.14046822742475 0.136838917716267
2.17391304347826 0.139646028871448
2.20735785953177 0.14250121821271
2.24080267558528 0.145404918435285
2.2742474916388 0.148357549670598
2.30769230769231 0.151359518703444
2.34113712374582 0.15441121817565
2.37458193979933 0.15751302577707
2.40802675585284 0.160665303424842
2.44147157190635 0.163868396431889
2.47491638795987 0.167122632665766
2.50836120401338 0.170428321698982
2.54180602006689 0.173785753952057
2.5752508361204 0.177195199830627
2.60869565217391 0.180656908857979
2.64214046822742 0.184171108804522
2.67558528428094 0.187738004815733
2.70903010033445 0.191357778540231
2.74247491638796 0.195030587259684
2.77591973244147 0.198756563022365
2.80936454849498 0.202535811782198
2.84280936454849 0.206368412545267
2.87625418060201 0.210254416525774
2.90969899665552 0.214193846313541
2.94314381270903 0.218186695055186
2.97658862876254 0.222232925651181
3.01003344481605 0.226332469971028
3.04347826086956 0.230485228088867
3.07692307692308 0.234691067541852
3.11036789297659 0.238949822613664
3.1438127090301 0.24326129364558
3.17725752508361 0.247625246377502
3.21070234113712 0.25204141132142
3.24414715719064 0.256509483169719
3.27759197324415 0.261029120240789
3.31103678929766 0.265599943964376
3.34448160535117 0.270221538409059
3.37792642140468 0.274893449854249
3.41137123745819 0.27961518640903
3.44481605351171 0.284386217680137
3.47826086956522 0.289205974491276
3.51170568561873 0.294073848655934
3.54515050167224 0.298989192805753
3.57859531772575 0.30395132027641
3.61204013377926 0.308959505052877
3.64548494983278 0.314012981775796
3.67892976588629 0.31911094581058
3.7123745819398 0.324252553380719
3.74581939799331 0.329436921766601
3.77926421404682 0.334663129571028
3.81270903010033 0.339930217052414
3.84615384615385 0.345237186526485
3.87959866220736 0.350583002837113
3.91304347826087 0.355966593896717
3.94648829431438 0.361386851296471
3.97993311036789 0.366842630986355
4.0133779264214 0.372332754024836
4.04682274247492 0.377856007397813
4.08026755852843 0.383411144906171
4.11371237458194 0.388996888121106
4.14715719063545 0.394611927406147
4.18060200668896 0.400254923004564
4.21404682274247 0.405924506190643
4.24749163879599 0.411619280483065
4.2809364548495 0.417337822918417
4.31438127090301 0.423078685382642
4.34782608695652 0.428840395998024
4.38127090301003 0.434621460563092
4.41471571906354 0.44042036404263
4.44816053511706 0.446235572104798
4.48160535117057 0.452065532702177
4.51505016722408 0.457908677693389
4.54849498327759 0.463763424501779
4.5819397993311 0.469628177807506
4.61538461538461 0.475501331269252
4.64882943143813 0.481381269271653
4.68227424749164 0.487266368694434
4.71571906354515 0.493155000699151
4.74916387959866 0.499045532529394
4.78260869565217 0.504936329320208
4.81605351170569 0.510825755912486
4.8494983277592 0.516712178668057
4.88294314381271 0.522593967281192
4.91638795986622 0.528469496582249
4.94983277591973 0.534337148329243
4.98327759197324 0.540195312983136
5.01672240802676 0.546042391462744
5.05016722408027 0.551876796875216
5.08361204013378 0.557696956218141
5.11705685618729 0.563501312049465
5.1505016722408 0.569288324121511
5.18394648829431 0.575056470975549
5.21739130434783 0.580804251493506
5.25083612040134 0.586530186403577
5.28428093645485 0.592232819736692
5.31772575250836 0.597910720230932
5.35117056856187 0.603562482681261
5.38461538461538 0.609186729232052
5.4180602006689 0.614782110610186
5.45150501672241 0.620347307296651
5.48494983277592 0.625881030634826
5.51839464882943 0.63138202387384
5.55183946488294 0.636849063145647
5.58528428093645 0.642280958374636
5.61872909698997 0.647676554118894
5.65217391304348 0.653034730342383
5.68561872909699 0.658354403117588
5.7190635451505 0.66363452525836
5.75250836120401 0.668874086882927
5.78595317725753 0.674072115907229
5.81939799331104 0.679227678468962
5.85284280936455 0.684339879282892
5.88628762541806 0.689407861928204
5.91973244147157 0.694430809068814
5.95317725752508 0.69940794260777
5.9866220735786 0.704338523776999
6.02006688963211 0.709221853163844
6.05351170568562 0.714057270675938
6.08695652173913 0.718844155446133
6.12040133779264 0.723581925679295
6.15384615384615 0.728270038442897
6.18729096989967 0.732907989403445
6.22073578595318 0.737495312510851
6.25418060200669 0.74203157963295
6.2876254180602 0.746516400142422
6.32107023411371 0.750949420458446
6.35451505016722 0.755330323545428
6.38795986622074 0.759658828371233
6.42140468227425 0.763934689327308
6.45484949832776 0.768157695613171
6.48829431438127 0.772327670587678
6.52173913043478 0.776444471089539
6.55518394648829 0.780507986729494
6.58862876254181 0.784518139156572
6.62207357859532 0.788474881300818
6.65551839464883 0.792378196594836
6.68896321070234 0.796228098176474
6.72240802675585 0.800024628074896
6.75585284280936 0.803767856382281
6.78929765886288 0.807457880413293
6.82274247491639 0.811094823854424
6.8561872909699 0.814678835905245
6.88963210702341 0.818210090413535
6.92307692307692 0.821688785006164
6.95652173913043 0.825115140217573
6.98996655518395 0.828489398617579
7.02341137123746 0.831811823940174
7.05685618729097 0.835082700214902
7.09030100334448 0.838302330902332
7.12374581939799 0.841471038035027
7.1571906354515 0.844589161365379
7.19063545150502 0.847657057521565
7.22408026755853 0.850675099172792
7.25752508361204 0.853643674204961
7.29096989966555 0.85656318490775
7.32441471571906 0.859434047174075
7.35785953177257 0.862256689712801
7.39130434782609 0.865031553275495
7.4247491638796 0.867759089897938
7.45819397993311 0.870439762157072
7.49163879598662 0.873074042443937
7.52508361204013 0.875662412253137
7.55852842809364 0.878205361489278
7.59197324414716 0.880703387790783
7.62541806020067 0.8831569958714
7.65886287625418 0.88556669687969
7.69230769230769 0.887933007776722
7.7257525083612 0.89025645073213
7.75919732441471 0.892537552538673
7.79264214046823 0.894776844045355
7.82608695652174 0.896974859609158
7.85953177257525 0.899132136565352
7.89297658862876 0.901249214716359
7.92642140468227 0.903326635839077
7.95986622073579 0.905364943210532
7.9933110367893 0.907364681151738
8.02675585284281 0.909326394589558
8.06020066889632 0.911250628636377
8.09364548494983 0.913137928187353
8.12709030100334 0.914988837534985
8.16053511705686 0.916803900000743
8.19397993311037 0.918583657583451
8.22742474916388 0.920328650624122
8.26086956521739 0.922039417486923
8.2943143812709 0.923716494255933
8.32775919732441 0.925360414447343
8.36120401337793 0.926971708736749
8.39464882943144 0.928550904701162
8.42809364548495 0.930098526575372
8.46153846153846 0.931615095022281
8.49498327759197 0.933101126916827
8.52842809364548 0.934557135143111
8.561872909699 0.93598362840434
8.59531772575251 0.937381111045199
8.62876254180602 0.938750082886261
8.66220735785953 0.940091039070048
8.69565217391304 0.941404469918358
8.72909698996656 0.94269086080047
8.76254180602007 0.943950692011859
8.79598662207358 0.945184438663021
8.82943143812709 0.946392570578061
8.8628762541806 0.947575552202664
8.89632107023411 0.94873384252108
8.92976588628762 0.949867894981784
8.96321070234114 0.950978157431451
8.99665551839465 0.952065072056893
9.03010033444816 0.953129075334646
9.06354515050167 0.954170597987854
9.09698996655518 0.955190064950137
9.1304347826087 0.956187895336133
9.16387959866221 0.957164502418399
9.19732441471572 0.958120293610372
9.23076923076923 0.959055670455107
9.26421404682274 0.959971028619502
9.29765886287625 0.96086675789373
9.33110367892977 0.961743242195625
9.36454849498328 0.962600859579746
9.39799331103679 0.963439982250883
9.4314381270903 0.964260976581747
9.46488294314381 0.965064203134624
9.49832775919732 0.96585001668675
9.53177257525084 0.966618766259199
9.56521739130435 0.967370795149065
9.59866220735786 0.968106440964742
9.63210702341137 0.968826035664087
9.66555183946488 0.9695299055953
9.69899665551839 0.970218371540319
9.73244147157191 0.970891748760567
9.76588628762542 0.971550347044871
9.79933110367893 0.972194470759405
9.83277591973244 0.972824418899486
9.86622073578595 0.97344048514309
9.89966555183946 0.974042957905935
9.93311036789298 0.974632120397992
9.96655518394649 0.975208250681311
10 0.975771621729015
