0 0.0428936321641948
0.0334448160535117 0.0438002731996734
0.0668896321070234 0.0447251823627194
0.100334448160535 0.0456686895788726
0.133779264214047 0.0466311291054671
0.167224080267559 0.047612839516261
0.20066889632107 0.0486141636820381
0.234113712374582 0.049635448746997
0.267558528428094 0.0506770461007457
0.301003344481605 0.0517393113457098
0.334448160535117 0.0528226042597628
0.367892976588629 0.0539272887538801
0.40133779264214 0.0550537328246155
0.434782608695652 0.0562023085011956
0.468227424749164 0.057373391787024
0.501672240802676 0.0585673625953827
0.535117056856187 0.0597846046791163
0.568561872909699 0.0610255055540808
0.602006688963211 0.062290456416137
0.635451505016722 0.0635798520514649
0.668896321070234 0.0648940907399738
0.702341137123746 0.0662335741515827
0.735785953177257 0.0675987072351409
0.769230769230769 0.06898989809976
0.802675585284281 0.0704075578883281
0.836120401337793 0.071852100642975
0.869565217391304 0.073323943162259
0.903010033444816 0.0748235048498453
0.936454849498328 0.0763512075544498
0.969899665551839 0.0779074754008203
1.00334448160535 0.0794927346115334
1.03678929765886 0.0811074133193854
1.07023411371237 0.0827519413701616
1.10367892976589 0.084426750115572
1.1371237458194 0.0861322721961464
1.17056856187291 0.0878689413138883
1.20401337792642 0.0896371919944944
1.23745819397993 0.091437459338954
1.27090301003344 0.0932701787643511
1.30434782608696 0.0951357857337009
1.33779264214047 0.0970347154746661
1.37123745819398 0.0989674026870052
1.40468227424749 0.100934281238624
1.438127090301 0.102935783850106
1.47157190635451 0.104972341767627
1.50501672240803 0.107044384424158
1.53846153846154 0.109152339088891
1.57190635451505 0.11129663050483
1.60535117056856 0.113477680514532
1.63879598662207 0.115695907673959
1.67224080267559 0.117951726854485
1.7056856187291 0.120245548833063
1.73913043478261 0.122577779870634
1.77257525083612 0.124948821278855
1.80602006688963 0.127359068975255
1.83946488294314 0.129808913026976
1.87290969899666 0.132298737183253
1.90635451505017 0.134828918396858
1.93979933110368 0.13739982633472
1.97324414715719 0.140011822878024
2.0066889632107 0.142665261612056
2.04013377926421 0.145360487306178
2.07357859531773 0.148097835384278
2.10702341137124 0.150877631386134
2.14046822742475 0.153700190420149
2.17391304347826 0.156565816607941
2.20735785953177 0.159474802521351
2.24080267558528 0.162427428612432
2.2742474916388 0.165423962637054
2.30769230769231 0.168464659072794
2.34113712374582 0.171549758531823
2.37458193979933 0.17467948716954
2.40802675585284 0.177854056089772
2.44147157190635 0.181073660747367
2.47491638795987 0.18433848034908
2.50836120401338 0.187648677253689
2.54180602006689 0.191004396372311
2.5752508361204 0.194405764569953
2.60869565217391 0.197852890069339
2.64214046822742 0.201345861858146
2.67558528428094 0.204884749100769
2.70903010033445 0.208469600555809
2.74247491638796 0.21210044400051
2.77591973244147 0.215777285663386
2.80936454849498 0.219500109666332
2.84280936454849 0.223268877477543
2.87625418060201 0.227083527376576
2.90969899665552 0.230943973932935
2.94314381270903 0.23485010749956
2.97658862876254 0.238801793722652
3.01003344481605 0.242798873069235
3.04347826086956 0.246841160373913
3.07692307692308 0.250928444406255
3.11036789297659 0.255060487460265
3.1438127090301 0.259237024967374
3.17725752508361 0.263457765134403
3.21070234113712 0.267722388607928
3.24414715719064 0.272030548166449
3.27759197324415 0.276381868441773
3.31103678929766 0.280775945670972
3.34448160535117 0.285212347480243
3.37792642140468 0.289690612701988
3.41137123745819 0.294210251226354
3.44481605351171 0.298770743888453
3.47826086956522 0.303371542392407
3.51170568561873 0.308012069273327
3.54515050167224 0.31269171789825
3.57859531772575 0.317409852506987
3.61204013377926 0.322165808293787
3.64548494983278 0.326958891530603
3.67892976588629 0.331788379732691
3.7123745819398 0.336653521867159
3.74581939799331 0.341553538605007
3.77926421404682 0.346487622617081
3.81270903010033 0.351454938914277
3.84615384615385 0.356454625232204
3.87959866220736 0.361485792460418
3.91304347826087 0.36654752511622
3.94648829431438 0.371638881862891
3.97993311036789 0.376758896072113
4.0133779264214 0.381906576430217
4.04682274247492 0.38708090758776
4.08026755852843 0.392280850851819
4.11371237458194 0.397505344920256
4.14715719063545 0.402753306657104
4.18060200668896 0.408023631908065
4.21404682274247 0.413315196355026
4.24749163879599 0.418626856408353
4.2809364548495 0.423957450135613
4.31438127090301 0.429305798225264
4.34782608695652 0.434670704983721
4.38127090301003 0.440050959364132
4.41471571906354 0.44544533602505
4.44816053511706 0.450852596417133
4.48160535117057 0.456271489895876
4.51505016722408 0.46170075485831
4.54849498327759 0.467139119901516
4.5819397993311 0.472585305000736
4.61538461538461 0.47803802270477
4.64882943143813 0.48349597934634
4.68227424749164 0.48895787626498
4.71571906354515 0.494422411040042
4.74916387959866 0.499888278731307
4.78260869565217 0.505354173124722
4.81605351170569 0.510818787980708
4.8494983277592 0.516280818282529
4.88294314381271 0.521738961482178
4.91638795986622 0.527191918741251
4.94983277591973 0.532638396164307
4.98327759197324 0.538077106022228
5.01672240802676 0.543506767963133
5.05016722408027 0.548926110208441
5.08361204013378 0.554333870731731
5.11705685618729 0.559728798418099
5.1505016722408 0.565109654201795
5.18394648829431 0.570475212179976
5.21739130434783 0.575824260700504
5.25083612040134 0.581155603421811
5.28428093645485 0.586468060342922
5.31772575250836 0.591760468801859
5.35117056856187 0.597031684440726
5.38461538461538 0.602280582135886
5.4180602006689 0.607506056891774
5.45150501672241 0.612707024696981
5.48494983277592 0.617882423341374
5.51839464882943 0.623031213193136
5.55183946488294 0.628152377934732
5.58528428093645 0.633244925256934
5.61872909698997 0.63830788751016
5.65217391304348 0.643340322312497
5.68561872909699 0.64834131311393
5.7190635451505 0.653309969716381
5.75250836120401 0.658245428749332
5.78595317725753 0.663146854100879
5.81939799331104 0.668013437304217
5.85284280936455 0.672844397879657
5.88628762541806 0.677638983632385
5.91973244147157 0.682396470906285
5.95317725752508 0.687116164794262
5.9866220735786 0.691797399305581
6.02006688963211 0.696439537490851
6.05351170568562 0.701041971525372
6.08695652173913 0.705604122751641
6.12040133779264 0.710125441681897
6.15384615384615 0.714605407961672
6.18729096989967 0.719043530295369
6.22073578595318 0.723439346334964
6.25418060200669 0.727792422532981
6.2876254180602 0.732102353960954
6.32107023411371 0.736368764094624
6.35451505016722 0.740591304567174
6.38795986622074 0.74476965489183
6.42140468227425 0.748903522155204
6.45484949832776 0.752992640682767
6.48829431438127 0.757036771677858
6.52173913043478 0.761035702835674
6.55518394648829 0.764989247933671
6.58862876254181 0.768897246399824
6.62207357859532 0.772759562860198
6.65551839464883 0.776576086667267
6.68896321070234 0.780346731410437
6.72240802675585 0.784071434410172
6.75585284280936 0.787750156197163
6.78929765886288 0.791382879977919
6.82274247491639 0.794969611088149
6.8561872909699 0.79851037643529
6.88963210702341 0.802005223931506
6.92307692307692 0.805454221918419
6.95652173913043 0.808857458584869
6.98996655518395 0.812215041378887
7.02341137123746 0.815527096415089
7.05685618729097 0.818793767878626
7.09030100334448 0.822015217426803
7.12374581939799 0.825191623589428
7.1571906354515 0.828323181168914
7.19063545150502 0.831410100641115
7.22408026755853 0.834452607557837
7.25752508361204 0.837450941951907
7.29096989966555 0.840405357745655
7.32441471571906 0.843316122163609
7.35785953177257 0.84618351515017
7.39130434782609 0.849007828792968
7.4247491638796 0.851789366752576
7.45819397993311 0.854528443699223
7.49163879598662 0.857225384757058
7.52508361204013 0.85988052495655
7.55852842809364 0.862494208695479
7.59197324414716 0.865066789209018
7.62541806020067 0.867598628049299
7.65886287625418 0.87009009457486
7.69230769230769 0.872541565450307
7.7257525083612 0.874953424156507
7.75919732441471 0.87732606051158
7.79264214046823 0.879659870202925
7.82608695652174 0.881955254330496
7.85953177257525 0.884212618961492
7.89297658862876 0.886432374696606
7.92642140468227 0.888614936247953
7.95986622073579 0.890760722028761
7.9933110367893 0.892870153754887
8.02675585284281 0.894943656058191
8.06020066889632 0.896981656111783
8.09364548494983 0.898984583267136
8.12709030100334 0.900952868703027
8.16053511705686 0.902886945086261
8.19397993311037 0.904787246244107
8.22742474916388 0.906654206848356
8.26086956521739 0.908488262110901
8.2943143812709 0.910289847490729
8.32775919732441 0.912059398412172
8.36120401337793 0.913797349994295
8.39464882943144 0.915504136791255
8.42809364548495 0.917180192543459
8.46153846153846 0.918825949939355
8.49498327759197 0.920441840387661
8.52842809364548 0.922028293799849
8.561872909699 0.923585738382671
8.59531772575251 0.925114600440532
8.62876254180602 0.926615304187491
8.66220735785953 0.928088271568679
8.69565217391304 0.929533922090907
8.72909698996656 0.930952672662249
8.76254180602007 0.93234493744037
8.79598662207358 0.933711127689364
8.82943143812709 0.935051651644893
8.8628762541806 0.936366914387367
8.89632107023411 0.937657317722971
8.92976588628762 0.938923260072273
8.96321070234114 0.94016513636621
8.99665551839465 0.941383337949211
9.03010033444816 0.942578252489237
9.06354515050167 0.943750263894498
9.09698996655518 0.944899752236651
9.1304347826087 0.946027093680227
9.16387959866221 0.947132660418094
9.19732441471572 0.948216820612728
9.23076923076923 0.949279938343081
9.26421404682274 0.950322373556843
9.29765886287625 0.951344482027891
9.33110367892977 0.952346615318713
9.36454849498328 0.953329120747631
9.39799331103679 0.954292341360608
9.4314381270903 0.955236615907466
9.46488294314381 0.956162278822312
9.49832775919732 0.957069660208012
9.53177257525084 0.957959085824519
9.56521739130435 0.958830877080892
9.59866220735786 0.959685351030832
9.63210702341137 0.960522820371575
9.66555183946488 0.961343593445983
9.69899665551839 0.962147974247677
9.73244147157191 0.96293626242906
9.76588628762542 0.963708753312085
9.79933110367893 0.964465737901626
9.83277591973244 0.965207502901321
9.86622073578595 0.965934330731742
9.89966555183946 0.966646499550766
9.93311036789298 0.967344283276041
9.96655518394649 0.968027951609392
10 0.968697770063082
