0 0.0319693861463417
0.0334448160535117 0.0327217671188838
0.0668896321070234 0.0334912423323668
0.100334448160535 0.0342781710558001
0.133779264214047 0.0350829187258065
0.167224080267559 0.0359058569850874
0.20066889632107 0.0367473637173644
0.234113712374582 0.0376078230785615
0.267558528428094 0.0384876255239818
0.301003344481605 0.0393871678312239
0.334448160535117 0.0403068531185737
0.367892976588629 0.0412470908585998
0.40133779264214 0.0422082968866689
0.434782608695652 0.0431908934040898
0.468227424749164 0.0441953089755853
0.501672240802676 0.0452219785207807
0.535117056856187 0.0462713432993895
0.568561872909699 0.0473438508897668
0.602006688963211 0.0484399551604909
0.635451505016722 0.0495601162346271
0.668896321070234 0.0507048004463144
0.702341137123746 0.0518744802893111
0.735785953177257 0.0530696343571234
0.769230769230769 0.0542907472743343
0.802675585284281 0.055538309618742
0.836120401337793 0.0568128178339075
0.869565217391304 0.058114774131706
0.903010033444816 0.059444686384468
0.936454849498328 0.0608030680062886
0.969899665551839 0.0621904378230815
1.00334448160535 0.0636073199309438
1.03678929765886 0.065054243542396
1.07023411371237 0.066531742820058
1.10367892976589 0.0680403566973162
1.1371237458194 0.0695806286855374
1.17056856187291 0.0711531066673821
1.20401337792642 0.0727583426757702
1.23745819397993 0.0743968926580532
1.27090301003344 0.0760693162249492
1.30434782608696 0.077776176383799
1.33779264214047 0.0795180392557091
1.37123745819398 0.0812954737761516
1.40468227424749 0.0831090513785989
1.438127090301 0.084959345660783
1.47157190635451 0.0868469320331767
1.50501672240803 0.0887723873493118
1.53846153846154 0.0907362895175603
1.57190635451505 0.0927392170940251
1.60535117056856 0.0947817488562043
1.63879598662207 0.0968644633571162
1.67224080267559 0.0989879384595941
1.7056856187291 0.10115275085049
1.73913043478261 0.103359475534552
1.77257525083612 0.105608685307772
1.80602006688963 0.107900950210042
1.83946488294314 0.110236836956975
1.87290969899666 0.112616908350824
1.90635451505017 0.11504172267042
1.93979933110368 0.117511833040156
1.97324414715719 0.120027786778051
2.0066889632107 0.122590124722991
2.04013377926421 0.125199380541317
2.07357859531773 0.127856080012947
2.10702341137124 0.13056074029734
2.14046822742475 0.133313869179613
2.17391304347826 0.136115964297225
2.20735785953177 0.138967512347718
2.24080267558528 0.141868988278048
2.2742474916388 0.144820854456138
2.30769230769231 0.147823559825362
2.34113712374582 0.15087753904275
2.37458193979933 0.153983211601767
2.40802675585284 0.15714098094065
2.44147157190635 0.160351233537326
2.47491638795987 0.163614337992056
2.50836120401338 0.166930644099037
2.54180602006689 0.170300481908271
2.5752508361204 0.173724160779127
2.60869565217391 0.177201968427098
2.64214046822742 0.18073416996536
2.67558528428094 0.184321006942832
2.70903010033445 0.187962696380529
2.74247491638796 0.191659429808099
2.77591973244147 0.195411372302518
2.80936454849498 0.199218661531013
2.84280936454849 0.203081406800376
2.87625418060201 0.206999688114895
2.90969899665552 0.210973555245249
2.94314381270903 0.215003026810739
2.97658862876254 0.219088089377345
3.01003344481605 0.223228696574145
3.04347826086956 0.227424768230688
3.07692307692308 0.231676189537988
3.11036789297659 0.235982810235826
3.1438127090301 0.240344443829122
3.17725752508361 0.244760866836128
3.21070234113712 0.249231818071253
3.24414715719064 0.253756997965328
3.27759197324415 0.258336067926115
3.31103678929766 0.262968649741872
3.34448160535117 0.267654325030755
3.37792642140468 0.27239263473882
3.41137123745819 0.277183078689324
3.44481605351171 0.282025115186002
3.47826086956522 0.286918160672902
3.51170568561873 0.291861589453285
3.54515050167224 0.296854733470029
3.57859531772575 0.301896882149831
3.61204013377926 0.306987282313409
3.64548494983278 0.312125138153775
3.67892976588629 0.317309611284481
3.7123745819398 0.322539820859609
3.74581939799331 0.327814843767095
3.77926421404682 0.333133714896784
3.81270903010033 0.338495427484435
3.84615384615385 0.343898933532689
3.87959866220736 0.349343144309778
3.91304347826087 0.354826930926553
3.94648829431438 0.360349124992159
3.97993311036789 0.365908519348449
4.0133779264214 0.371503868882977
4.04682274247492 0.377133891420152
4.08026755852843 0.382797268689895
4.11371237458194 0.388492647372843
4.14715719063545 0.394218640220917
4.18060200668896 0.399973827251774
4.21404682274247 0.405756757015422
4.24749163879599 0.411565947930983
4.2809364548495 0.417399889691376
4.31438127090301 0.423257044733375
4.34782608695652 0.429135849770305
4.38127090301003 0.435034717384354
4.41471571906354 0.440952037675279
4.44816053511706 0.446886179962032
4.48160535117057 0.452835494533638
4.51505016722408 0.458798314445459
4.54849498327759 0.46477295735679
4.5819397993311 0.470757727405552
4.61538461538461 0.476750917115727
4.64882943143813 0.482750809332996
4.68227424749164 0.488755679183986
4.71571906354515 0.49476379605436
4.74916387959866 0.50077342558098
4.78260869565217 0.506782831653251
4.81605351170569 0.512790278418762
4.8494983277592 0.518794032288283
4.88294314381271 0.524792363935218
4.91638795986622 0.530783550284607
4.94983277591973 0.536765876486824
4.98327759197324 0.542737637871194
5.01672240802676 0.548697141874811
5.05016722408027 0.55464270994197
5.08361204013378 0.560572679389726
5.11705685618729 0.56648540523525
5.1505016722408 0.572379261980784
5.18394648829431 0.578252645352215
5.21739130434783 0.584103973987418
5.25083612040134 0.589931691070764
5.28428093645485 0.595734265910396
5.31772575250836 0.601510195455074
5.35117056856187 0.607258005747667
5.38461538461538 0.612976253312576
5.4180602006689 0.618663526474655
5.45150501672241 0.624318446607426
5.48494983277592 0.629939669308674
5.51839464882943 0.635525885501744
5.55183946488294 0.641075822461148
5.58528428093645 0.646588244761353
5.61872909698997 0.652061955147869
5.65217391304348 0.657495795330049
5.68561872909699 0.662888646695239
5.7190635451505 0.668239430944194
5.75250836120401 0.673547110647904
5.78595317725753 0.678810689726232
5.81939799331104 0.684029213848988
5.85284280936455 0.68920177076028
5.88628762541806 0.69432749052721
5.91973244147157 0.699405545714183
5.95317725752508 0.704435151484269
5.9866220735786 0.709415565629268
6.02006688963211 0.714346088530267
6.05351170568562 0.719226063050659
6.08695652173913 0.724054874363704
6.12040133779264 0.728831949716879
6.15384615384615 0.733556758135342
6.18729096989967 0.738228810066964
6.22073578595318 0.742847656971459
6.25418060200669 0.747412890856233
6.2876254180602 0.751924143761612
6.32107023411371 0.756381087198177
6.35451505016722 0.760783431538986
6.38795986622074 0.765130925369454
6.42140468227425 0.769423354797711
6.45484949832776 0.773660542728247
6.48829431438127 0.777842348101648
6.52173913043478 0.781968665103221
6.55518394648829 0.786039422343265
6.58862876254181 0.790054582011728
6.62207357859532 0.794014139009934
6.65551839464883 0.797918120062034
6.68896321070234 0.801766582808743
6.72240802675585 0.805559614885912
6.75585284280936 0.809297332990369
6.78929765886288 0.812979881935417
6.82274247491639 0.81660743369829
6.8561872909699 0.820180186461786
6.88963210702341 0.823698363652212
6.92307692307692 0.827162212975691
6.95652173913043 0.830572005454773
6.98996655518395 0.833928034467229
7.02341137123746 0.837230614788793
7.05685618729097 0.840480081641518
7.09030100334448 0.843676789749336
7.12374581939799 0.8468211124023
7.1571906354515 0.849913440530908
7.19063545150502 0.85295418179179
7.22408026755853 0.855943759665977
7.25752508361204 0.858882612570858
7.29096989966555 0.86177119298684
7.32441471571906 0.864609966599667
7.35785953177257 0.86739941145922
7.39130434782609 0.870140017155586
7.4247491638796 0.872832284013072
7.45819397993311 0.875476722302765
7.49163879598662 0.878073851474182
7.52508361204013 0.880624199406457
7.55852842809364 0.883128301679462
7.59197324414716 0.885586700865177
7.62541806020067 0.887999945839571
7.65886287625418 0.890368591115193
7.69230769230769 0.892693196194614
7.7257525083612 0.894974324944796
7.75919732441471 0.897212544992444
7.79264214046823 0.899408427140296
7.82608695652174 0.901562544804329
7.85953177257525 0.90367547347175
7.89297658862876 0.905747790179645
7.92642140468227 0.907780073014112
7.95986622073579 0.909772900629654
7.9933110367893 0.91172685178861
8.02675585284281 0.913642504920334
8.06020066889632 0.91552043769984
8.09364548494983 0.917361226645587
8.12709030100334 0.919165446736067
8.16053511705686 0.920933671044836
8.19397993311037 0.922666470393604
8.22742474916388 0.924364413023009
8.26086956521739 0.926028064280656
8.2943143812709 0.927657986326019
8.32775919732441 0.929254737851767
8.36120401337793 0.930818873821104
8.39464882943144 0.932350945220661
8.42809364548495 0.933851498828526
8.46153846153846 0.935321076996938
8.49498327759197 0.936760217449228
8.52842809364548 0.938169453090531
8.561872909699 0.939549311831849
8.59531772575251 0.940900316427003
8.62876254180602 0.942222984322032
8.66220735785953 0.943517827516611
8.69565217391304 0.944785352437043
8.72909698996656 0.946026059820396
8.76254180602007 0.947240444609362
8.79598662207358 0.948428995857424
8.82943143812709 0.949592196643907
8.8628762541806 0.950730523998523
8.89632107023411 0.951844448835001
8.92976588628762 0.952934435893416
8.96321070234114 0.954000943690841
8.99665551839465 0.955044424479948
9.03010033444816 0.956065324215183
9.06354515050167 0.957064082526179
9.09698996655518 0.958041132698047
9.1304347826087 0.958996901658215
9.16387959866221 0.959931809969488
9.19732441471572 0.960846271829008
9.23076923076923 0.961740695072809
9.26421404682274 0.962615481185667
9.29765886287625 0.963471025315958
9.33110367892977 0.964307716295239
9.36454849498328 0.965125936662286
9.39799331103679 0.965926062691326
9.4314381270903 0.966708464424208
9.46488294314381 0.967473505706278
9.49832775919732 0.968221544225711
9.53177257525084 0.968952931556081
9.56521739130435 0.969668013201959
9.59866220735786 0.970367128647316
9.63210702341137 0.971050611406538
9.66555183946488 0.97171878907786
9.69899665551839 0.972371983399041
9.73244147157191 0.973010510305082
9.76588628762542 0.973634679987851
9.79933110367893 0.974244796957415
9.83277591973244 0.974841160104958
9.86622073578595 0.975424062767116
9.89966555183946 0.975993792791596
9.93311036789298 0.976550632603942
9.96655518394649 0.97709485927532
10 0.977626744591202
