0 0.0361338969669838
0.0334448160535117 0.0369430232395175
0.0668896321070234 0.0377695578520774
0.100334448160535 0.0386138432624102
0.133779264214047 0.0394762272157144
0.167224080267559 0.0403570627587308
0.20066889632107 0.0412567082501372
0.234113712374582 0.0421755273670402
0.267558528428094 0.0431138891073509
0.301003344481605 0.0440721677878236
0.334448160535117 0.0450507430375314
0.367892976588629 0.0460499997865444
0.40133779264214 0.0470703282495715
0.434782608695652 0.0481121239043186
0.468227424749164 0.0491757874643102
0.501672240802676 0.0502617248459164
0.535117056856187 0.0513703471293173
0.568561872909699 0.0525020705131359
0.602006688963211 0.0536573162624598
0.635451505016722 0.0548365106499685
0.668896321070234 0.0560400848898782
0.702341137123746 0.0572684750644088
0.735785953177257 0.0585221220424733
0.769230769230769 0.0598014713902867
0.802675585284281 0.0611069732735839
0.836120401337793 0.0624390823511353
0.869565217391304 0.063798257659243
0.903010033444816 0.0651849624868986
0.936454849498328 0.0665996642412795
0.969899665551839 0.0680428343032611
1.00334448160535 0.0695149478726177
1.03678929765886 0.0710164838025863
1.07023411371237 0.0725479244234665
1.10367892976589 0.0741097553549311
1.1371237458194 0.0757024653067218
1.17056856187291 0.0773265458674085
1.20401337792642 0.0789824912808937
1.23745819397993 0.0806707982103457
1.27090301003344 0.0823919654892531
1.30434782608696 0.0841464938592965
1.33779264214047 0.0859348856947413
1.37123745819398 0.0877576447130665
1.40468227424749 0.0896152756715516
1.438127090301 0.0915082840495566
1.47157190635451 0.0934371757162433
1.50501672240803 0.0954024565834991
1.53846153846154 0.0974046322438418
1.57190635451505 0.0994442075931007
1.60535117056856 0.101521686437687
1.63879598662207 0.103637571086294
1.67224080267559 0.105792361925873
1.7056856187291 0.107986556981786
1.73913043478261 0.110220651462028
1.77257525083612 0.112495137285457
1.80602006688963 0.114810502594014
1.83946488294314 0.117167231248914
1.87290969899666 0.119565802310852
1.90635451505017 0.122006689504291
1.93979933110368 0.124490360665939
1.97324414715719 0.127017277177574
2.0066889632107 0.129587893383388
2.04013377926421 0.132202655992101
2.07357859531773 0.134862003464133
2.10702341137124 0.137566365384139
2.14046822742475 0.140316161819319
2.17391304347826 0.143111802663914
2.20735785953177 0.14595368697039
2.24080267558528 0.148842202267846
2.2742474916388 0.151777723868251
2.30769230769231 0.154760614161173
2.34113712374582 0.157791221897721
2.37458193979933 0.160869881464485
2.40802675585284 0.163996912148313
2.44147157190635 0.167172617392861
2.47491638795987 0.170397284047861
2.50836120401338 0.173671181612176
2.54180602006689 0.176994561471736
2.5752508361204 0.180367656133546
2.60869565217391 0.183790678456981
2.64214046822742 0.187263820883714
2.67558528428094 0.19078725466761
2.70903010033445 0.194361129106054
2.74247491638796 0.197985570774201
2.77591973244147 0.201660682763706
2.80936454849498 0.205386543927569
2.84280936454849 0.209163208132761
2.87625418060201 0.212990703522377
2.90969899665552 0.216869031789088
2.94314381270903 0.220798167461743
2.97658862876254 0.224778057206987
3.01003344481605 0.228808619147818
3.04347826086956 0.232889742201043
3.07692307692308 0.237021285435615
3.11036789297659 0.241203077453863
3.1438127090301 0.245434915797648
3.17725752508361 0.249716566381497
3.21070234113712 0.254047762954755
3.24414715719064 0.258428206594824
3.27759197324415 0.262857565233527
3.31103678929766 0.267335473218638
3.34448160535117 0.271861530912583
3.37792642140468 0.276435304330299
3.41137123745819 0.281056324818199
3.44481605351171 0.285724088776137
3.47826086956522 0.290438057424216
3.51170568561873 0.295197656616229
3.54515050167224 0.300002276701431
3.57859531772575 0.304851272436277
3.61204013377926 0.30974396294766
3.64548494983278 0.31467963174909
3.67892976588629 0.31965752681115
3.7123745819398 0.324676860687443
3.74581939799331 0.32973681069712
3.77926421404682 0.33483651916496
3.81270903010033 0.339975093719816
3.84615384615385 0.345151607652116
3.87959866220736 0.350365100330919
3.91304347826087 0.355614577680924
3.94648829431438 0.360899012719595
3.97993311036789 0.36621734615446
4.0133779264214 0.371568487040414
4.04682274247492 0.376951313496726
4.08026755852843 0.382364673483219
4.11371237458194 0.387807385634946
4.14715719063545 0.393278240154491
4.18060200668896 0.398775999760821
4.21404682274247 0.404299400693453
4.24749163879599 0.409847153770493
4.2809364548495 0.415417945498947
4.31438127090301 0.421010439235503
4.34782608695652 0.426623276395812
4.38127090301003 0.432255077710132
4.41471571906354 0.437904444523035
4.44816053511706 0.443569960134701
4.48160535117057 0.449250191181197
4.51505016722408 0.454943689050975
4.54849498327759 0.460648991334704
4.5819397993311 0.466364623305409
4.61538461538461 0.472089099425802
4.64882943143813 0.477820924879569
4.68227424749164 0.483558597123278
4.71571906354515 0.489300607455526
4.74916387959866 0.49504544259985
4.78260869565217 0.500791586297874
4.81605351170569 0.506537520909151
4.8494983277592 0.5122817290141
4.88294314381271 0.518022695016446
4.91638795986622 0.523758906741578
4.94983277591973 0.529488857027228
4.98327759197324 0.535211045302937
5.01672240802676 0.540923979154799
5.05016722408027 0.546626175872022
5.08361204013378 0.552316163971947
5.11705685618729 0.557992484700197
5.1505016722408 0.563653693502783
5.18394648829431 0.569298361467044
5.21739130434783 0.574925076728447
5.25083612040134 0.580532445840399
5.28428093645485 0.586119095104335
5.31772575250836 0.591683671857525
5.35117056856187 0.597224845716169
5.38461538461538 0.60274130977152
5.4180602006689 0.608231781736954
5.45150501672241 0.613695005044042
5.48494983277592 0.619129749885911
5.51839464882943 0.6245348142063
5.55183946488294 0.62990902463295
5.58528428093645 0.635251237354124
5.61872909698997 0.640560338937248
5.65217391304348 0.645835247088852
5.68561872909699 0.651074911355165
5.7190635451505 0.656278313762916
5.75250836120401 0.661444469400058
5.78595317725753 0.666572426936322
5.81939799331104 0.671661269083681
5.85284280936455 0.676710112996955
5.88628762541806 0.681718110614981
5.91973244147157 0.686684448942907
5.95317725752508 0.691608350276327
5.9866220735786 0.696489072368117
6.02006688963211 0.701325908538981
6.05351170568562 0.706118187732826
6.08695652173913 0.710865274518215
6.12040133779264 0.715566569037272
6.15384615384615 0.720221506903496
6.18729096989967 0.724829559050047
6.22073578595318 0.729390231530169
6.25418060200669 0.733903065271463
6.2876254180602 0.738367635785814
6.32107023411371 0.742783552836847
6.35451505016722 0.747150460066793
6.38795986622074 0.751468034584754
6.42140468227425 0.755735986518346
6.45484949832776 0.759954058530725
6.48829431438127 0.764122025305061
6.52173913043478 0.768239692998491
6.55518394648829 0.772306898667613
6.58862876254181 0.776323509667572
6.62207357859532 0.780289423026782
6.65551839464883 0.784204564799307
6.68896321070234 0.788068889396915
6.72240802675585 0.791882378902774
6.75585284280936 0.795645042368745
6.78929765886288 0.799356915098171
6.82274247491639 0.803018057916039
6.8561872909699 0.80662855642833
6.88963210702341 0.810188520272331
6.92307692307692 0.81369808235963
6.95652173913043 0.817157398113453
6.98996655518395 0.820566644701953
7.02341137123746 0.823926020268999
7.05685618729097 0.827235743163938
7.09030100334448 0.830496051171762
7.12374581939799 0.833707200745029
7.1571906354515 0.836869466238827
7.19063545150502 0.839983139150006
7.22408026755853 0.843048527361839
7.25752508361204 0.846065954395195
7.29096989966555 0.849035758667258
7.32441471571906 0.851958292758744
7.35785953177257 0.854833922690513
7.39130434782609 0.857663027210407
7.4247491638796 0.860445997091079
7.45819397993311 0.863183234439523
7.49163879598662 0.865875152018942
7.52508361204013 0.868522172583549
7.55852842809364 0.87112472822682
7.59197324414716 0.873683259743684
7.62541806020067 0.876198216007059
7.65886287625418 0.878670053359099
7.69230769230769 0.881099235017488
7.7257525083612 0.883486230497023
7.75919732441471 0.885831515046737
7.79264214046823 0.888135569102714
7.82608695652174 0.890398877756758
7.85953177257525 0.892621930240996
7.89297658862876 0.894805219428484
7.92642140468227 0.896949241349837
7.95986622073579 0.899054494725874
7.9933110367893 0.901121480516232
8.02675585284281 0.903150701483893
8.06020066889632 0.9051426617755
8.09364548494983 0.907097866517368
8.12709030100334 0.909016821427011
8.16053511705686 0.910900032440042
8.19397993311037 0.912748005352236
8.22742474916388 0.914561245476551
8.26086956521739 0.916340257314886
8.2943143812709 0.918085544244331
8.32775919732441 0.919797608217645
8.36120401337793 0.92147694947771
8.39464882943144 0.923124066285661
8.42809364548495 0.924739454662424
8.46153846153846 0.926323608143349
8.49498327759197 0.927877017545633
8.52842809364548 0.92940017074824
8.561872909699 0.930893552483973
8.59531772575251 0.932357644143408
8.62876254180602 0.933792923590346
8.66220735785953 0.935199864988462
8.69565217391304 0.93657893863884
8.72909698996656 0.937930610828037
8.76254180602007 0.93925534368639
8.79598662207358 0.940553595056197
8.82943143812709 0.941825818369484
8.8628762541806 0.943072462535018
8.89632107023411 0.944293971834249
8.92976588628762 0.945490785825875
8.96321070234114 0.946663339258703
8.99665551839465 0.947812061992515
9.03010033444816 0.948937378926623
9.06354515050167 0.950039709935824
9.09698996655518 0.951119469813451
9.1304347826087 0.95217706822125
9.16387959866221 0.95321290964578
9.19732441471572 0.954227393361078
9.23076923076923 0.955220913397305
9.26421404682274 0.956193858515123
9.29765886287625 0.957146612185529
9.33110367892977 0.958079552574914
9.36454849498328 0.958993052535083
9.39799331103679 0.959887479598011
9.4314381270903 0.9607631959751
9.46488294314381 0.961620558560711
9.49832775919732 0.96245991893975
9.53177257525084 0.963281623399104
9.56521739130435 0.964086012942711
9.59866220735786 0.964873423310077
9.63210702341137 0.965644184998034
9.66555183946488 0.966398623285571
9.69899665551839 0.967137058261537
9.73244147157191 0.967859804855055
9.76588628762542 0.96856717286849
9.79933110367893 0.96925946701278
9.83277591973244 0.969936986945001
9.86622073578595 0.970600027308014
9.89966555183946 0.971248877772028
9.93311036789298 0.971883823077975
9.96655518394649 0.972505143082527
10 0.973113112804664
