0 0.00747257953943951
0.0334448160535117 0.00769046738032938
0.0668896321070234 0.00791465780157239
0.100334448160535 0.00814533011454234
0.133779264214047 0.00838266855502756
0.167224080267559 0.00862686240796266
0.20066889632107 0.00887810613468581
0.234113712374582 0.00913659950273243
0.267558528428094 0.00940254771817303
0.301003344481605 0.00967616156049938
0.334448160535117 0.00995765752006005
0.367892976588629 0.0102472579380421
0.40133779264214 0.0105451911489913
0.434782608695652 0.01085169162586
0.468227424749164 0.0111670001275646
0.501672240802676 0.0114913638490318
0.535117056856187 0.011825036573706
0.568561872909699 0.0121682788284842
0.602006688963211 0.0125213580410379
0.635451505016722 0.0128845486994772
0.668896321070234 0.0132581325143009
0.702341137123746 0.0136423985825727
0.735785953177257 0.0140376435542524
0.769230769230769 0.0144441718006037
0.802675585284281 0.0148622955845911
0.836120401337793 0.0152923352331665
0.869565217391304 0.0157346193113386
0.903010033444816 0.0161894847979046
0.936454849498328 0.0166572772627124
0.969899665551839 0.017138351045311
1.00334448160535 0.0176330694348308
1.03678929765886 0.0181418048509231
1.07023411371237 0.0186649390255742
1.10367892976589 0.0192028631855922
1.1371237458194 0.0197559782355511
1.17056856187291 0.0203246949409553
1.20401337792642 0.0209094341113762
1.23745819397993 0.0215106267832872
1.27090301003344 0.022128714402308
1.30434782608696 0.0227641490045476
1.33779264214047 0.023417393396712
1.37123745819398 0.0240889213346238
1.40468227424749 0.0247792176997724
1.438127090301 0.025488778673494
1.47157190635451 0.0262181119083515
1.50501672240803 0.0269677366962594
1.53846153846154 0.0277381841328709
1.57190635451505 0.0285299972777158
1.60535117056856 0.0293437313095467
1.63879598662207 0.0301799536763235
1.67224080267559 0.0310392442392305
1.7056856187291 0.0319221954100903
1.73913043478261 0.0328294122815029
1.77257525083612 0.0337615127490055
1.80602006688963 0.0347191276245107
1.83946488294314 0.035702900740246
1.87290969899666 0.0367134890423769
1.90635451505017 0.0377515626734613
1.93979933110368 0.0388178050428411
1.97324414715719 0.039912912884036
2.0066889632107 0.0410375962981685
2.04013377926421 0.0421925787824018
2.07357859531773 0.0433785972423376
2.10702341137124 0.0445964019872724
2.14046822742475 0.0458467567071756
2.17391304347826 0.0471304384302052
2.20735785953177 0.0484482374595405
2.24080267558528 0.0498009572882646
2.2742474916388 0.0511894144909952
2.30769230769231 0.0526144385909158
2.34113712374582 0.0540768719008269
2.37458193979933 0.0555775693367947
2.40802675585284 0.0571173982029416
2.44147157190635 0.0586972379458889
2.47491638795987 0.0603179798773298
2.50836120401338 0.0619805268631811
2.54180602006689 0.0636857929777396
2.5752508361204 0.0654347031212422
2.60869565217391 0.0672281925992132
2.64214046822742 0.0690672066619661
2.67558528428094 0.0709527000026199
2.70903010033445 0.072885636211982
2.74247491638796 0.0748669871886546
2.77591973244147 0.0768977325027275
2.80936454849498 0.0789788587114342
2.84280936454849 0.0811113586251727
2.87625418060201 0.0832962305223191
2.90969899665552 0.0855344773113046
2.94314381270903 0.0878271056384703
2.97658862876254 0.0901751249402768
3.01003344481605 0.09257954643851
3.04347826086956 0.0950413820772066
3.07692307692308 0.0975616434001137
3.11036789297659 0.1001413403676
3.1438127090301 0.102781480112056
3.17725752508361 0.105483065630944
3.21070234113712 0.108247094416816
3.24414715719064 0.111074557023761
3.27759197324415 0.113966435569933
3.31103678929766 0.116923702175989
3.34448160535117 0.119947317339487
3.37792642140468 0.12303822824549
3.41137123745819 0.126197367013896
3.44481605351171 0.129425648884246
3.47826086956522 0.132723970339023
3.51170568561873 0.136093207166791
3.54515050167224 0.13953421246676
3.57859531772575 0.143047814596747
3.61204013377926 0.146634815066794
3.64548494983278 0.150295986381076
3.67892976588629 0.154032069831093
3.7123745819398 0.157843773243507
3.74581939799331 0.161731768686388
3.77926421404682 0.165696690138019
3.81270903010033 0.169739131122826
3.84615384615385 0.173859642319405
3.87959866220736 0.178058729146042
3.91304347826087 0.182336849329543
3.94648829431438 0.186694410463601
3.97993311036789 0.191131767563374
4.0133779264214 0.195649220623315
4.04682274247492 0.200247012185751
4.08026755852843 0.204925324928056
4.11371237458194 0.20968427927667
4.14715719063545 0.21452393105656
4.18060200668896 0.219444269185062
4.21404682274247 0.224445213419347
4.24749163879599 0.229526612167034
4.2809364548495 0.234688240369734
4.31438127090301 0.239929797469485
4.34782608695652 0.245250905468238
4.38127090301003 0.250651107090652
4.41471571906354 0.256129864060532
4.44816053511706 0.26168655550127
4.48160535117057 0.26732047647058
4.51505016722408 0.273030836639777
4.54849498327759 0.278816759127614
4.5819397993311 0.284677279498533
4.61538461538461 0.290611344934843
4.64882943143813 0.296617813592013
4.68227424749164 0.302695454145803
4.71571906354515 0.308842945539492
4.74916387959866 0.31505887693885
4.78260869565217 0.321341747901891
4.81605351170569 0.327689968769725
4.8494983277592 0.334101861284043
4.88294314381271 0.340575659435941
4.91638795986622 0.347109510549887
4.94983277591973 0.353701476605671
4.98327759197324 0.360349535800195
5.01672240802676 0.367051584349868
5.05016722408027 0.373805438533329
5.08361204013378 0.380608836973051
5.11705685618729 0.387459443153255
5.1505016722408 0.394354848170384
5.18394648829431 0.401292573711218
5.21739130434783 0.408270075252517
5.25083612040134 0.415284745474924
5.28428093645485 0.422333917882689
5.31772575250836 0.429414870619665
5.35117056856187 0.436524830470919
5.38461538461538 0.443660977038252
5.4180602006689 0.450820447076944
5.45150501672241 0.458000338980086
5.48494983277592 0.465197717396
5.51839464882943 0.47240961796348
5.55183946488294 0.479633052148862
5.58528428093645 0.486865012168327
5.61872909698997 0.494102475978348
5.65217391304348 0.501342412316733
5.68561872909699 0.508581785776471
5.7190635451505 0.515817561894317
5.75250836120401 0.523046712236025
5.78595317725753 0.530266219460126
5.81939799331104 0.537473082342271
5.85284280936455 0.544664320742436
5.88628762541806 0.551836980497586
5.91973244147157 0.558988138222895
5.95317725752508 0.566114906005118
5.9866220735786 0.573214435972408
6.02006688963211 0.580283924725561
6.05351170568562 0.587320617616521
6.08695652173913 0.594321812860837
6.12040133779264 0.601284865471755
6.15384615384615 0.608207191004616
6.18729096989967 0.615086269101316
6.22073578595318 0.621919646825677
6.25418060200669 0.628704941781727
6.2876254180602 0.635439845008053
6.32107023411371 0.642122123642547
6.35451505016722 0.648749623353067
6.38795986622074 0.655320270530695
6.42140468227425 0.66183207424345
6.45484949832776 0.668283127949435
6.48829431438127 0.674671610969542
6.52173913043478 0.680995789720882
6.55518394648829 0.687254018713172
6.58862876254181 0.693444741311281
6.62207357859532 0.699566490268079
6.65551839464883 0.705617888032612
6.68896321070234 0.711597646839432
6.72240802675585 0.71750456858568
6.75585284280936 0.723337544503188
6.78929765886288 0.729095554633476
6.82274247491639 0.734777667114107
6.8561872909699 0.740383037285272
6.88963210702341 0.745910906625946
6.92307692307692 0.751360601529252
6.95652173913043 0.756731531926954
6.98996655518395 0.762023189773198
7.02341137123746 0.767235147397764
7.05685618729097 0.772367055739152
7.09030100334448 0.777418642467867
7.12374581939799 0.782389710010204
7.1571906354515 0.787280133482776
7.19063545150502 0.792089858547854
7.22408026755853 0.796818899199437
7.25752508361204 0.801467335489739
7.29096989966555 0.806035311205509
7.32441471571906 0.810523031503322
7.35785953177257 0.814930760512664
7.39130434782609 0.81925881891526
7.4247491638796 0.82350758150878
7.45819397993311 0.827677474762606
7.49163879598662 0.831768974373012
7.52508361204013 0.835782602824661
7.55852842809364 0.839718926964918
7.59197324414716 0.843578555597058
7.62541806020067 0.847362137098035
7.65886287625418 0.851070357066044
7.69230769230769 0.854703936002698
7.7257525083612 0.858263627034237
7.75919732441471 0.861750213675764
7.79264214046823 0.865164507642129
7.82608695652174 0.868507346708686
7.85953177257525 0.871779592624769
7.89297658862876 0.874982129082404
7.92642140468227 0.878115859742378
7.95986622073579 0.881181706319517
7.9933110367893 0.884180606728657
8.02675585284281 0.887113513292529
8.06020066889632 0.88998139101248
8.09364548494983 0.892785215902687
8.12709030100334 0.895525973388284
8.16053511705686 0.898204656767573
8.19397993311037 0.900822265738282
8.22742474916388 0.903379804987642
8.26086956521739 0.905878282845844
8.2943143812709 0.9083187100023
8.32775919732441 0.91070209828396
8.36120401337793 0.913029459494789
8.39464882943144 0.915301804315419
8.42809364548495 0.917520141261819
8.46153846153846 0.919685475701801
8.49498327759197 0.921798808928022
8.52842809364548 0.923861137286116
8.561872909699 0.925873451356504
8.59531772575251 0.927836735188374
8.62876254180602 0.929751965584296
8.66220735785953 0.93162011143388
8.69565217391304 0.933442133094865
8.72909698996656 0.935218981820026
8.76254180602007 0.936951599228241
8.79598662207358 0.938640916818084
8.82943143812709 0.940287855522294
8.8628762541806 0.941893325301481
8.89632107023411 0.943458224775445
8.92976588628762 0.944983440890496
8.96321070234114 0.946469848621179
8.99665551839465 0.947918310704847
9.03010033444816 0.949329677407532
9.06354515050167 0.950704786319608
9.09698996655518 0.952044462179773
9.1304347826087 0.953349516725891
9.16387959866221 0.954620748571312
9.19732441471572 0.955858943105276
9.23076923076923 0.957064872416084
9.26421404682274 0.958239295235749
9.29765886287625 0.959382956904868
9.33110367892977 0.960496589356512
9.36454849498328 0.961580911117971
9.39799331103679 0.962636627329226
9.4314381270903 0.963664429777065
9.46488294314381 0.964664996943805
9.49832775919732 0.965638994069614
9.53177257525084 0.966587073227487
9.56521739130435 0.967509873409942
9.59866220735786 0.968408020626563
9.63210702341137 0.969282128011562
9.66555183946488 0.970132795940534
9.69899665551839 0.970960612155663
9.73244147157191 0.971766151898639
9.76588628762542 0.972549978050596
9.79933110367893 0.973312641278416
9.83277591973244 0.974054680186769
9.86622073578595 0.974776621475303
9.89966555183946 0.975478980100415
9.93311036789298 0.976162259441087
9.96655518394649 0.976826951468272
10 0.977473536917361
