0 0.0351025641752543
0.0334448160535117 0.0359034364258781
0.0668896321070234 0.0367218853474395
0.100334448160535 0.0375582646692561
0.133779264214047 0.0384129337651056
0.167224080267559 0.0392862576733756
0.20066889632107 0.0401786071133881
0.234113712374582 0.0410903584976746
0.267558528428094 0.0420218939399691
0.301003344481605 0.0429736012586791
0.334448160535117 0.0439458739755882
0.367892976588629 0.0449391113095331
0.40133779264214 0.0459537181647951
0.434782608695652 0.0469901051139346
0.468227424749164 0.0480486883747907
0.501672240802676 0.0491298897813624
0.535117056856187 0.0502341367482771
0.568561872909699 0.0513618622285495
0.602006688963211 0.0525135046643211
0.635451505016722 0.0536895079302694
0.668896321070234 0.0548903212693659
0.702341137123746 0.0561163992206556
0.735785953177257 0.0573682015387257
0.769230769230769 0.0586461931045258
0.802675585284281 0.0599508438271941
0.836120401337793 0.0612826285365412
0.869565217391304 0.0626420268658383
0.903010033444816 0.0640295231245516
0.936454849498328 0.0654456061606606
0.969899665551839 0.0668907692121982
1.00334448160535 0.068365509747644
1.03678929765886 0.0698703292948038
1.07023411371237 0.0714057332578059
1.10367892976589 0.0729722307218453
1.1371237458194 0.0745703342453085
1.17056856187291 0.0762005596389116
1.20401337792642 0.0778634257314903
1.23745819397993 0.0795594541220806
1.27090301003344 0.0812891689179385
1.30434782608696 0.0830530964581499
1.33779264214047 0.0848517650224913
1.37123745819398 0.0866857045252111
1.40468227424749 0.088555446193412
1.438127090301 0.0904615222297253
1.47157190635451 0.0924044654589854
1.50501672240803 0.0943848089586241
1.53846153846154 0.0964030856725247
1.57190635451505 0.0984598280080936
1.60535117056856 0.100555567416328
1.63879598662207 0.102690833954679
1.67224080267559 0.104866155832548
1.7056856187291 0.107082058939249
1.73913043478261 0.109339066354343
1.77257525083612 0.111637697840247
1.80602006688963 0.113978469317064
1.83946488294314 0.116361892319628
1.87290969899666 0.118788473436777
1.90635451505017 0.121258713732929
1.93979933110368 0.123773108152049
1.97324414715719 0.12633214490419
2.0066889632107 0.128936304834774
2.04013377926421 0.131586060776888
2.07357859531773 0.134281876886895
2.10702341137124 0.137024207963712
2.14046822742475 0.139813498752174
2.17391304347826 0.142650183230966
2.20735785953177 0.14553468388566
2.24080267558528 0.148467410967453
2.2742474916388 0.151448761738278
2.30769230769231 0.154479119703037
2.34113712374582 0.157558853829738
2.37458193979933 0.160688317758435
2.40802675585284 0.163867848999915
2.44147157190635 0.167097768125147
2.47491638795987 0.17037837794661
2.50836120401338 0.173709962692655
2.54180602006689 0.177092787176167
2.5752508361204 0.180527095958847
2.60869565217391 0.184013112512517
2.64214046822742 0.187551038378931
2.67558528428094 0.191141052329638
2.70903010033445 0.194783309527537
2.74247491638796 0.198477940691815
2.77591973244147 0.202225051268038
2.80936454849498 0.206024720605247
2.84280936454849 0.209877001141948
2.87625418060201 0.213781917602974
2.90969899665552 0.217739466209245
2.94314381270903 0.221749613902499
2.97658862876254 0.225812297587144
3.01003344481605 0.229927423391382
3.04347826086956 0.234094865949853
3.07692307692308 0.238314467710025
3.11036789297659 0.242586038264624
3.1438127090301 0.246909353712406
3.17725752508361 0.251284156049572
3.21070234113712 0.255710152594166
3.24414715719064 0.260187015445758
3.27759197324415 0.264714380982731
3.31103678929766 0.269291849399462
3.34448160535117 0.273918984285648
3.37792642140468 0.278595312250017
3.41137123745819 0.283320322590582
3.44481605351171 0.288093467013573
3.47826086956522 0.292914159403092
3.51170568561873 0.29778177564346
3.54515050167224 0.302695653496152
3.57859531772575 0.307655092533103
3.61204013377926 0.312659354128065
3.64548494983278 0.317707661507573
3.67892976588629 0.322799199862963
3.7123745819398 0.32793311652473
3.74581939799331 0.333108521200365
3.77926421404682 0.338324486276681
3.81270903010033 0.343580047187438
3.84615384615385 0.348874202846924
3.87959866220736 0.354205916149961
3.91304347826087 0.359574114538625
3.94648829431438 0.364977690635765
3.97993311036789 0.370415502945208
4.0133779264214 0.375886376618342
4.04682274247492 0.381389104286553
4.08026755852843 0.386922446958778
4.11371237458194 0.392485134983236
4.14715719063545 0.398075869072172
4.18060200668896 0.403693321388239
4.21404682274247 0.409336136690948
4.24749163879599 0.415002933541366
4.2809364548495 0.420692305563078
4.31438127090301 0.426402822757211
4.34782608695652 0.432133032869097
4.38127090301003 0.437881462804008
4.41471571906354 0.443646620089172
4.44816053511706 0.449426994379132
4.48160535117057 0.455221059001322
4.51505016722408 0.461027272538607
4.54849498327759 0.466844080445369
4.5819397993311 0.472669916693597
4.61538461538461 0.478503205445334
4.64882943143813 0.484342362747714
4.68227424749164 0.490185798246732
4.71571906354515 0.496031916915845
4.74916387959866 0.501879120795393
4.78260869565217 0.507725810738846
4.81605351170569 0.513570388161797
4.8494983277592 0.51941125678965
4.88294314381271 0.525246824399951
4.91638795986622 0.531075504555308
4.94983277591973 0.536895718322919
4.98327759197324 0.542705895976746
5.01672240802676 0.548504478678467
5.05016722408027 0.554289920133408
5.08361204013378 0.560060688217767
5.11705685618729 0.56581526657353
5.1505016722408 0.571552156167641
5.18394648829431 0.577269876812091
5.21739130434783 0.582966968641769
5.25083612040134 0.588641993547057
5.28428093645485 0.594293536558336
5.31772575250836 0.59992020717974
5.35117056856187 0.605520640669698
5.38461538461538 0.611093499265973
5.4180602006689 0.616637473353143
5.45150501672241 0.622151282570627
5.48494983277592 0.62763367685963
5.51839464882943 0.633083437447522
5.55183946488294 0.638499377768443
5.58528428093645 0.643880344319099
5.61872909698997 0.649225217448943
5.65217391304348 0.654532912084138
5.68561872909699 0.65980237838493
5.7190635451505 0.665032602336228
5.75250836120401 0.670222606271422
5.78595317725753 0.675371449329657
5.81939799331104 0.680478227846948
5.85284280936455 0.685542075681753
5.88628762541806 0.690562164475745
5.91973244147157 0.695537703850726
5.95317725752508 0.700467941542771
5.9866220735786 0.705352163474852
6.02006688963211 0.710189693769319
6.05351170568562 0.714979894701756
6.08695652173913 0.719722166597858
6.12040133779264 0.724415947675066
6.15384615384615 0.729060713830829
6.18729096989967 0.733655978379419
6.22073578595318 0.738201291739344
6.25418060200669 0.742696241073435
6.2876254180602 0.747140449883775
6.32107023411371 0.751533577563685
6.35451505016722 0.755875318908997
6.38795986622074 0.760165403590908
6.42140468227425 0.764403595592719
6.45484949832776 0.76858969261277
6.48829431438127 0.772723525435887
6.52173913043478 0.776804957275679
6.55518394648829 0.780833883089963
6.58862876254181 0.784810228871635
6.62207357859532 0.788733950917226
6.65551839464883 0.792605035075383
6.68896321070234 0.796423495977475
6.72240802675585 0.800189376252454
6.75585284280936 0.803902745728094
6.78929765886288 0.807563700620635
6.82274247491639 0.811172362714835
6.8561872909699 0.814728878536345
6.88963210702341 0.818233418518286
6.92307692307692 0.821686176163812
6.95652173913043 0.825087367206384
6.98996655518395 0.828437228769424
7.02341137123746 0.831736018526904
7.05685618729097 0.834984013866407
7.09030100334448 0.838181511056062
7.12374581939799 0.841328824416727
7.1571906354515 0.844426285500684
7.19063545150502 0.847474242278063
7.22408026755853 0.850473058332102
7.25752508361204 0.853423112064311
7.29096989966555 0.856324795910508
7.32441471571906 0.859178515568635
7.35785953177257 0.86198468923917
7.39130434782609 0.864743746878929
7.4247491638796 0.867456129468915
7.45819397993311 0.870122288296865
7.49163879598662 0.872742684255041
7.52508361204013 0.875317787153774
7.55852842809364 0.877848075051195
7.59197324414716 0.880334033599532
7.62541806020067 0.882776155408291
7.65886287625418 0.885174939424604
7.69230769230769 0.887530890330954
7.7257525083612 0.889844517960441
7.75919732441471 0.892116336729726
7.79264214046823 0.89434686508972
7.82608695652174 0.896536624994062
7.85953177257525 0.898686141385378
7.89297658862876 0.90079594169929
7.92642140468227 0.902866555386098
7.95986622073579 0.90489851345002
7.9933110367893 0.906892348005875
8.02675585284281 0.908848591853021
8.06020066889632 0.91076777806638
8.09364548494983 0.912650439604319
8.12709030100334 0.914497108933169
8.16053511705686 0.916308317668109
8.19397993311037 0.91808459623016
8.22742474916388 0.91982647351899
8.26086956521739 0.92153447660123
8.2943143812709 0.923209130413984
8.32775919732441 0.924850957483208
8.36120401337793 0.926460477656623
8.39464882943144 0.928038207850808
8.42809364548495 0.929584661812139
8.46153846153846 0.931100349891196
8.49498327759197 0.932585778830291
8.52842809364548 0.934041451563745
8.561872909699 0.935467867030551
8.59531772575251 0.936865519999051
8.62876254180602 0.938234900903253
8.66220735785953 0.939576495690437
8.69565217391304 0.940890785679664
8.72909698996656 0.942178247430826
8.76254180602007 0.943439352623887
8.79598662207358 0.944674567947945
8.82943143812709 0.945884354999758
8.8628762541806 0.947069170191392
8.89632107023411 0.948229464666639
8.92976588628762 0.949365684225865
8.96321070234114 0.950478269258957
8.99665551839465 0.951567654686035
9.03010033444816 0.952634269905609
9.06354515050167 0.953678538749864
9.09698996655518 0.95470087944677
9.1304347826087 0.955701704588702
9.16387959866221 0.95668142110729
9.19732441471572 0.957640430254199
9.23076923076923 0.958579127587567
9.26421404682274 0.959497902963826
9.29765886287625 0.960397140534636
9.33110367892977 0.961277218748683
9.36454849498328 0.962138510358084
9.39799331103679 0.96298138242916
9.4314381270903 0.963806196357338
9.46488294314381 0.96461330788596
9.49832775919732 0.96540306712878
9.53177257525084 0.966175818595921
9.56521739130435 0.966931901223111
9.59866220735786 0.967671648403975
9.63210702341137 0.968395388025218
9.66555183946488 0.969103442504485
9.69899665551839 0.969796128830747
9.73244147157191 0.970473758607024
9.76588628762542 0.971136638095299
9.79933110367893 0.971785068263441
9.83277591973244 0.972419344834012
9.86622073578595 0.973039758334792
9.89966555183946 0.9736465941509
9.93311036789298 0.97424013257836
9.96655518394649 0.974820648879002
10 0.975388413336563
