0 0.0320601199185906
0.0334448160535117 0.0328083053368528
0.0668896321070234 0.0335733455017618
0.100334448160535 0.0343555915693498
0.133779264214047 0.0351554006674332
0.167224080267559 0.035973135932194
0.20066889632107 0.036809166541386
0.234113712374582 0.0376638677439429
0.267558528428094 0.0385376208857544
0.301003344481605 0.0394308134313692
0.334448160535117 0.0403438389813765
0.367892976588629 0.041277097285206
0.40133779264214 0.0422309942490806
0.434782608695652 0.0432059419388457
0.468227424749164 0.0442023585773905
0.501672240802676 0.0452206685363674
0.535117056856187 0.0462613023219078
0.568561872909699 0.0473246965540239
0.602006688963211 0.0484112939393748
0.635451505016722 0.0495215432370709
0.668896321070234 0.0506558992171776
0.702341137123746 0.0518148226115752
0.735785953177257 0.0529987800568195
0.769230769230769 0.054208244028643
0.802675585284281 0.0554436927677275
0.836120401337793 0.0567056101963715
0.869565217391304 0.0579944858256691
0.903010033444816 0.05931081465281
0.936454849498328 0.0606550970481053
0.969899665551839 0.062027838631336
1.00334448160535 0.0634295501370187
1.03678929765886 0.064860747268176
1.07023411371237 0.0663219505381967
1.10367892976589 0.0678136851003681
1.1371237458194 0.0693364805646599
1.17056856187291 0.070890870801337
1.20401337792642 0.0724773937309812
1.23745819397993 0.0740965911004986
1.27090301003344 0.0757490082446938
1.30434782608696 0.0774351938329951
1.33779264214047 0.0791556996009175
1.37123745819398 0.0809110800658577
1.40468227424749 0.0827018922268213
1.438127090301 0.0845286952476914
1.47157190635451 0.0863920501236584
1.50501672240803 0.088292519330443
1.53846153846154 0.0902306664559563
1.57190635451505 0.09220705581406
1.60535117056856 0.0942222520401035
1.63879598662207 0.0962768196679392
1.67224080267559 0.0983713226881332
1.7056856187291 0.100506324087119
1.73913043478261 0.102682385367067
1.77257525083612 0.10490006604626
1.80602006688963 0.107159923139828
1.83946488294314 0.109462510620678
1.87290969899666 0.111808378860555
1.90635451505017 0.114198074051149
1.93979933110368 0.116632137605241
1.97324414715719 0.119111105537932
2.0066889632107 0.121635507828003
2.04013377926421 0.124205867759563
2.07357859531773 0.126822701244142
2.10702341137124 0.129486516123486
2.14046822742475 0.132197811453337
2.17391304347826 0.134957076768563
2.20735785953177 0.137764791330063
2.24080267558528 0.140621423353931
2.2742474916388 0.143527429223453
2.30769230769231 0.146483252684559
2.34113712374582 0.149489324025449
2.37458193979933 0.152546059241173
2.40802675585284 0.155653859184043
2.44147157190635 0.158813108700816
2.47491638795987 0.162024175757684
2.50836120401338 0.165287410554194
2.54180602006689 0.168603144627298
2.5752508361204 0.171971689946827
2.60869565217391 0.17539333800377
2.64214046822742 0.178868358892826
2.67558528428094 0.182397000390792
2.70903010033445 0.185979487032428
2.74247491638796 0.189616019185542
2.77591973244147 0.193306772127113
2.80936454849498 0.197051895122351
2.84280936454849 0.200851510508709
2.87625418060201 0.204705712786887
2.90969899665552 0.208614567721004
2.94314381270903 0.212578111450152
2.97658862876254 0.216596349613621
3.01003344481605 0.220669256492161
3.04347826086956 0.224796774167706
3.07692307692308 0.228978811704025
3.11036789297659 0.233215244350833
3.1438127090301 0.237505912773922
3.17725752508361 0.241850622313918
3.21070234113712 0.246249142276284
3.24414715719064 0.250701205255221
3.27759197324415 0.255206506494113
3.31103678929766 0.259764703285178
3.34448160535117 0.264375414410962
3.37792642140468 0.269038219630294
3.41137123745819 0.273752659211304
3.44481605351171 0.27851823351404
3.47826086956522 0.283334402625181
3.51170568561873 0.288200586047272
3.54515050167224 0.293116162444832
3.57859531772575 0.29808046944959
3.61204013377926 0.303092803527004
3.64548494983278 0.30815241990611
3.67892976588629 0.313258532574606
3.7123745819398 0.318410314340958
3.74581939799331 0.32360689696514
3.77926421404682 0.328847371359487
3.81270903010033 0.334130787860927
3.84615384615385 0.339456156575728
3.87959866220736 0.344822447797639
3.91304347826087 0.350228592500162
3.94648829431438 0.355673482903425
3.97993311036789 0.361155973115949
4.0133779264214 0.366674879851347
4.04682274247492 0.372228983219767
4.08026755852843 0.377817027593658
4.11371237458194 0.383437722547184
4.14715719063545 0.38908974386837
4.18060200668896 0.394771734642818
4.21404682274247 0.400482306407577
4.24749163879599 0.4062200403735
4.2809364548495 0.411983488714188
4.31438127090301 0.417771175919358
4.34782608695652 0.423581600210252
4.38127090301003 0.429413235014451
4.41471571906354 0.435264530497257
4.44816053511706 0.441133915146555
4.48160535117057 0.447019797407903
4.51505016722408 0.452920567366346
4.54849498327759 0.458834598471321
4.5819397993311 0.464760249300804
4.61538461538461 0.470695865360717
4.64882943143813 0.476639780915461
4.68227424749164 0.482590320845317
4.71571906354515 0.488545802526348
4.74916387959866 0.494504537728331
4.78260869565217 0.500464834526201
4.81605351170569 0.5064249992204
4.8494983277592 0.512383338261509
4.88294314381271 0.518338160174524
4.91638795986622 0.524287777478116
4.94983277591973 0.530230508594266
4.98327759197324 0.53616467974369
5.01672240802676 0.542088626822515
5.05016722408027 0.548000697255777
5.08361204013378 0.55389925182338
5.11705685618729 0.559782666454264
5.1505016722408 0.5656493339847
5.18394648829431 0.571497665876713
5.21739130434783 0.577326093892853
5.25083612040134 0.583133071723665
5.28428093645485 0.588917076564432
5.31772575250836 0.594676610637918
5.35117056856187 0.600410202660111
5.38461538461538 0.606116409246112
5.4180602006689 0.611793816253612
5.45150501672241 0.617441040061584
5.48494983277592 0.623056728782079
5.51839464882943 0.628639563403253
5.55183946488294 0.634188258862013
5.58528428093645 0.639701565044885
5.61872909698997 0.645178267715996
5.65217391304348 0.650617189371285
5.68561872909699 0.656017190018313
5.7190635451505 0.661377167881279
5.75250836120401 0.666696060031092
5.78595317725753 0.671972842940597
5.81939799331104 0.677206532965233
5.85284280936455 0.682396186749683
5.88628762541806 0.687540901561244
5.91973244147157 0.692639815550847
5.95317725752508 0.697692107942885
5.9866220735786 0.702696999155153
6.02006688963211 0.707653750850378
6.05351170568562 0.712561665921021
6.08695652173913 0.717420088409108
6.12040133779264 0.722228403363062
6.15384615384615 0.726986036633566
6.18729096989967 0.731692454610652
6.22073578595318 0.736347163904272
6.25418060200669 0.74094971097073
6.2876254180602 0.745499681687395
6.32107023411371 0.749996700878205
6.35451505016722 0.754440431792523
6.38795986622074 0.758830575539927
6.42140468227425 0.763166870483574
6.45484949832776 0.767449091594768
6.48829431438127 0.7716770497714
6.52173913043478 0.775850591122907
6.55518394648829 0.779969596224388
6.58862876254181 0.784033979342506
6.62207357859532 0.788043687635776
6.65551839464883 0.791998700331785
6.68896321070234 0.795899027883871
6.72240802675585 0.799744711109731
6.75585284280936 0.803535820314359
6.78929765886288 0.807272454399676
6.82274247491639 0.810954739963121
6.8561872909699 0.814582830387436
6.88963210702341 0.818156904923761
6.92307692307692 0.821677167770112
6.95652173913043 0.825143847147222
6.98996655518395 0.828557194373621
7.02341137123746 0.831917482941789
7.05685618729097 0.835225007597086
7.09030100334448 0.838480083421097
7.12374581939799 0.841683044920936
7.1571906354515 0.844834245125976
7.19063545150502 0.847934054693346
7.22408026755853 0.850982861023507
7.25752508361204 0.853981067387072
7.29096989966555 0.856929092063983
7.32441471571906 0.859827367496077
7.35785953177257 0.862676339453954
7.39130434782609 0.865476466219021
7.4247491638796 0.868228217781486
7.45819397993311 0.870932075054985
7.49163879598662 0.873588529108481
7.52508361204013 0.876198080415982
7.55852842809364 0.878761238124553
7.59197324414716 0.881278519341041
7.62541806020067 0.883750448437857
7.65886287625418 0.886177556378111
7.69230769230769 0.88856038006032
7.7257525083612 0.890899461682863
7.75919732441471 0.893195348128309
7.79264214046823 0.895448590367677
7.82608695652174 0.897659742884661
7.85953177257525 0.899829363119789
7.89297658862876 0.901958010934453
7.92642140468227 0.904046248094714
7.95986622073579 0.906094637774735
7.9933110367893 0.908103744079665
8.02675585284281 0.910074131587787
8.06020066889632 0.912006364911677
8.09364548494983 0.913901008278125
8.12709030100334 0.915758625126538
8.16053511705686 0.917579777725513
8.19397993311037 0.919365026807256
8.22742474916388 0.921114931219517
8.26086956521739 0.922830047594667
8.2943143812709 0.924510930035564
8.32775919732441 0.926158129817804
8.36120401337793 0.927772195107995
8.39464882943144 0.929353670697622
8.42809364548495 0.930903097752118
8.46153846153846 0.932421013574715
8.49498327759197 0.933907951384665
8.52842809364548 0.935364440109412
8.561872909699 0.936791004190284
8.59531772575251 0.938188163401294
8.62876254180602 0.939556432680623
8.66220735785953 0.940896321974365
8.69565217391304 0.942208336092116
8.72909698996656 0.943492974574
8.76254180602007 0.944750731568703
8.79598662207358 0.945982095722134
8.82943143812709 0.947187550076286
8.8628762541806 0.948367571977926
8.89632107023411 0.949522632996701
8.92976588628762 0.950653198852304
8.96321070234114 0.951759729350297
8.99665551839465 0.952842678326246
9.03010033444816 0.953902493597795
9.06354515050167 0.954939616924332
9.09698996655518 0.955954483973901
9.1304347826087 0.956947524297022
9.16387959866221 0.957919161307102
9.19732441471572 0.958869812267106
9.23076923076923 0.959799888282184
9.26421404682274 0.960709794297958
9.29765886287625 0.961599929104164
9.33110367892977 0.962470685343386
9.36454849498328 0.963322449524579
9.39799331103679 0.96415560204115
9.4314381270903 0.964970517193306
9.46488294314381 0.965767563214447
9.49832775919732 0.966547102301348
9.53177257525084 0.96730949064791
9.56521739130435 0.968055078482243
9.59866220735786 0.968784210106885
9.63210702341137 0.969497223941928
9.66555183946488 0.97019445257088
9.69899665551839 0.970876222789037
9.73244147157191 0.971542855654217
9.76588628762542 0.972194666539656
9.79933110367893 0.972831965188903
9.83277591973244 0.973455055772558
9.86622073578595 0.974064236946697
9.89966555183946 0.974659801912824
9.93311036789298 0.97524203847923
9.96655518394649 0.975811229123602
10 0.976367651056769
