0 0.0353895962455256
0.0334448160535117 0.036193436200374
0.0668896321070234 0.0370148339631677
0.100334448160535 0.0378541409185674
0.133779264214047 0.0387117140113783
0.167224080267559 0.0395879157650024
0.20066889632107 0.0404831142960827
0.234113712374582 0.0413976833251186
0.267558528428094 0.0423320021828251
0.301003344481605 0.043286455811999
0.334448160535117 0.04426143476465
0.367892976588629 0.0452573351941465
0.40133779264214 0.0462745588421182
0.434782608695652 0.0473135130198514
0.468227424749164 0.0483746105839039
0.501672240802676 0.0494582699056618
0.535117056856187 0.0505649148345506
0.568561872909699 0.0516949746546081
0.602006688963211 0.0528488840341193
0.635451505016722 0.0540270829680058
0.668896321070234 0.0552300167126584
0.702341137123746 0.0564581357128913
0.735785953177257 0.0577118955206958
0.769230769230769 0.0589917567054607
0.802675585284281 0.0602981847553244
0.836120401337793 0.0616316499693195
0.869565217391304 0.062992627339962
0.903010033444816 0.0643815964259404
0.936454849498328 0.0657990412145498
0.969899665551839 0.067245449973517
1.00334448160535 0.0687213150918615
1.03678929765886 0.0702271329094318
1.07023411371237 0.0717634035347614
1.10367892976589 0.0733306306508832
1.1371237458194 0.0749293213087475
1.17056856187291 0.0765599857078868
1.20401337792642 0.0782231369639768
1.23745819397993 0.0799192908629441
1.27090301003344 0.0816489656012795
1.30434782608696 0.08341268151222
1.33779264214047 0.0852109607774712
1.37123745819398 0.0870443271241513
1.40468227424749 0.0889133055066485
1.438127090301 0.0908184217730941
1.47157190635451 0.0927602023161702
1.50501672240803 0.0947391737079828
1.53846153846154 0.0967558623187514
1.57190635451505 0.0988107939190827
1.60535117056856 0.100904493265616
1.63879598662207 0.103037483669855
1.67224080267559 0.105210286550021
1.7056856187291 0.107423420965782
1.73913043478261 0.109677403135771
1.77257525083612 0.111972745937785
1.80602006688963 0.114309958391646
1.83946488294314 0.116689545124701
1.87290969899666 0.119112005819996
1.90635451505017 0.121577834647179
1.93979933110368 0.124087519676263
1.97324414715719 0.126641542274384
2.0066889632107 0.129240376485763
2.04013377926421 0.131884488395125
2.07357859531773 0.134574335474875
2.10702341137124 0.137310365916379
2.14046822742475 0.140093017945775
2.17391304347826 0.142922719124774
2.20735785953177 0.145799885636982
2.24080267558528 0.14872492156034
2.2742474916388 0.151698218126331
2.30769230769231 0.154720152966683
2.34113712374582 0.15779108934835
2.37458193979933 0.16091137539764
2.40802675585284 0.164081343314412
2.44147157190635 0.167301308577338
2.47491638795987 0.170571569141322
2.50836120401338 0.173892404628196
2.54180602006689 0.17726407551194
2.5752508361204 0.180686822299699
2.60869565217391 0.184160864709974
2.64214046822742 0.187686400849434
2.67558528428094 0.191263606389841
2.70903010033445 0.194892633746707
2.74247491638796 0.1985736112613
2.77591973244147 0.202306642387755
2.80936454849498 0.206091804887058
2.84280936454849 0.209929150029768
2.87625418060201 0.213818701809387
2.90969899665552 0.217760456168343
2.94314381270903 0.221754380238619
2.97658862876254 0.225800411599093
3.01003344481605 0.229898457551712
3.04347826086956 0.234048394418648
3.07692307692308 0.238250066862626
3.11036789297659 0.242503287232646
3.1438127090301 0.246807834937325
3.17725752508361 0.251163455848115
3.21070234113712 0.255569861734651
3.24414715719064 0.260026729734478
3.27759197324415 0.264533701859409
3.31103678929766 0.269090384540733
3.34448160535117 0.273696348215476
3.37792642140468 0.278351126955873
3.41137123745819 0.283054218144172
3.44481605351171 0.28780508219483
3.47826086956522 0.2926031423261
3.51170568561873 0.297447784382925
3.54515050167224 0.302338356712993
3.57859531772575 0.30727417009767
3.61204013377926 0.312254497739487
3.64548494983278 0.317278575307667
3.67892976588629 0.322345601043128
3.7123745819398 0.327454735924212
3.74581939799331 0.332605103894264
3.77926421404682 0.337795792152062
3.81270903010033 0.343025851505879
3.84615384615385 0.348294296791863
3.87959866220736 0.353600107357177
3.91304347826087 0.358942227608223
3.94648829431438 0.364319567624042
3.97993311036789 0.369731003834795
4.0133779264214 0.375175379765073
4.04682274247492 0.380651506841519
4.08026755852843 0.3861581652641
4.11371237458194 0.391694104940123
4.14715719063545 0.397258046479898
4.18060200668896 0.402848682252748
4.21404682274247 0.408464677501848
4.24749163879599 0.414104671516178
4.2809364548495 0.419767278857682
4.31438127090301 0.4254510906415
4.34782608695652 0.431154675867
4.38127090301003 0.436876582797092
4.41471571906354 0.442615340383168
4.44816053511706 0.44836945973284
4.48160535117057 0.45413743561745
4.51505016722408 0.45991774801624
4.54849498327759 0.465708863693862
4.5819397993311 0.471509237807824
4.61538461538461 0.477317315542338
4.64882943143813 0.483131533764933
4.68227424749164 0.48895032270211
4.71571906354515 0.494772107630236
4.74916387959866 0.500595310577817
4.78260869565217 0.506418352035259
4.81605351170569 0.512239652668159
4.8494983277592 0.518057635030205
4.88294314381271 0.523870725271716
4.91638795986622 0.529677354839912
4.94983277591973 0.535475962166999
4.98327759197324 0.541264994342243
5.01672240802676 0.547042908764223
5.05016722408027 0.552808174769578
5.08361204013378 0.558559275234615
5.11705685618729 0.564294708146274
5.1505016722408 0.570012988139069
5.18394648829431 0.575712647994717
5.21739130434783 0.581392240101361
5.25083612040134 0.587050337869414
5.28428093645485 0.592685537101208
5.31772575250836 0.598296457311831
5.35117056856187 0.603881742998703
5.38461538461538 0.609440064857599
5.4180602006689 0.614970120943084
5.45150501672241 0.620470637771453
5.48494983277592 0.625940371364517
5.51839464882943 0.631378108232766
5.55183946488294 0.636782666296637
5.58528428093645 0.642152895744836
5.61872909698997 0.647487679828868
5.65217391304348 0.652785935593113
5.68561872909699 0.658046614540029
5.7190635451505 0.663268703230222
5.75250836120401 0.668451223817344
5.78595317725753 0.673593234517972
5.81939799331104 0.678693830016785
5.85284280936455 0.683752141807565
5.88628762541806 0.688767338470695
5.91973244147157 0.693738625888021
5.95317725752508 0.698665247396057
5.9866220735786 0.703546483878727
6.02006688963211 0.708381653800907
6.05351170568562 0.713170113184216
6.08695652173913 0.717911255526599
6.12040133779264 0.722604511667362
6.15384615384615 0.727249349599428
6.18729096989967 0.731845274230666
6.22073578595318 0.736391827096229
6.25418060200669 0.740888586023925
6.2876254180602 0.745335164754678
6.32107023411371 0.749731212520218
6.35451505016722 0.754076413580169
6.38795986622074 0.758370486720731
6.42140468227425 0.762613184717199
6.45484949832776 0.766804293762558
6.48829431438127 0.770943632864408
6.52173913043478 0.775031053212477
6.55518394648829 0.779066437518968
6.58862876254181 0.783049699333976
6.62207357859532 0.786980782338168
6.65551839464883 0.790859659614942
6.68896321070234 0.794686332904171
6.72240802675585 0.798460831839676
6.75585284280936 0.802183213172465
6.78929765886288 0.805853559981769
6.82274247491639 0.809471980875822
6.8561872909699 0.813038609184294
6.88963210702341 0.816553602144209
6.92307692307692 0.820017140081136
6.95652173913043 0.823429425587354
6.98996655518395 0.826790682698629
7.02341137123746 0.830101156071188
7.05685618729097 0.83336111016037
7.09030100334448 0.8365708284024
7.12374581939799 0.839730612400617
7.1571906354515 0.842840781117455
7.19063545150502 0.845901670073372
7.22408026755853 0.84891363055385
7.25752508361204 0.851877028825553
7.29096989966555 0.854792245362591
7.32441471571906 0.857659674083835
7.35785953177257 0.860479721602112
7.39130434782609 0.863252806486066
7.4247491638796 0.865979358535378
7.45819397993311 0.868659818070008
7.49163879598662 0.871294635234021
7.52508361204013 0.873884269314522
7.55852842809364 0.876429188076164
7.59197324414716 0.878929867111608
7.62541806020067 0.881386789208306
7.65886287625418 0.883800443731879
7.69230769230769 0.886171326026337
7.7257525083612 0.888499936831331
7.75919732441471 0.890786781716586
7.79264214046823 0.893032370533608
7.82608695652174 0.895237216884735
7.85953177257525 0.897401837609543
7.89297658862876 0.899526752288596
7.92642140468227 0.901612482764482
7.95986622073579 0.90365955268006
7.9933110367893 0.905668487033795
8.02675585284281 0.907639811752038
8.06020066889632 0.909574053278093
8.09364548494983 0.91147173817786
8.12709030100334 0.913333392761855
8.16053511705686 0.915159542723363
8.19397993311037 0.916950712792469
8.22742474916388 0.918707426405699
8.26086956521739 0.920430205390991
8.2943143812709 0.92211956966768
8.32775919732441 0.923776036961208
8.36120401337793 0.92540012253222
8.39464882943144 0.926992338919725
8.42809364548495 0.928553195697982
8.46153846153846 0.930083199246771
8.49498327759197 0.93158285253469
8.52842809364548 0.933052654915142
8.561872909699 0.934493101934635
8.59531772575251 0.935904685153056
8.62876254180602 0.937287891975558
8.66220735785953 0.938643205495683
8.69565217391304 0.939971104349391
8.72909698996656 0.941272062579617
8.76254180602007 0.942546549511015
8.79598662207358 0.943795029634526
8.82943143812709 0.945017962501434
8.8628762541806 0.946215802626563
8.89632107023411 0.947388999400261
8.92976588628762 0.948537997008865
8.96321070234114 0.949663234363287
8.99665551839465 0.950765145035422
9.03010033444816 0.951844157202037
9.06354515050167 0.952900693595857
9.09698996655518 0.953935171463515
9.1304347826087 0.954948002530084
9.16387959866221 0.955939592969897
9.19732441471572 0.956910343383365
9.23076923076923 0.957860648779521
9.26421404682274 0.958790898564015
9.29765886287625 0.959701476532303
9.33110367892977 0.960592760867759
9.36454849498328 0.961465124144488
9.39799331103679 0.962318933334569
9.4314381270903 0.963154549819514
9.46488294314381 0.963972329405707
9.49832775919732 0.964772622343611
9.53177257525084 0.965555773350521
9.56521739130435 0.966322121636663
9.59866220735786 0.967072000934446
9.63210702341137 0.967805739530662
9.66555183946488 0.968523660301465
9.69899665551839 0.969226080749942
9.73244147157191 0.969913313046101
9.76588628762542 0.970585664069131
9.79933110367893 0.971243435451746
9.83277591973244 0.971886923626488
9.86622073578595 0.972516419873831
9.89966555183946 0.973132210371942
9.93311036789298 0.973734576247976
9.96655518394649 0.974323793630766
10 0.97490013370479
