0 0.0407946934918548
0.0334448160535117 0.0416767914538708
0.0668896321070234 0.0425771162650586
0.100334448160535 0.0434960076267657
0.133779264214047 0.0444338099613101
0.167224080267559 0.0453908724046638
0.20066889632107 0.0463675487950425
0.234113712374582 0.0473641976572054
0.267558528428094 0.0483811821822612
0.301003344481605 0.0494188702027757
0.334448160535117 0.0504776341629663
0.367892976588629 0.0515578510837682
0.40133779264214 0.0526599025225494
0.434782608695652 0.0537841745272485
0.468227424749164 0.0549310575847034
0.501672240802676 0.0561009465629366
0.535117056856187 0.0572942406471565
0.568561872909699 0.0585113432692311
0.602006688963211 0.059752662030387
0.635451505016722 0.061018608616883
0.668896321070234 0.0623095987084037
0.702341137123746 0.0636260518789164
0.735785953177257 0.0649683914897325
0.769230769230769 0.0663370445745107
0.802675585284281 0.0677324417159402
0.836120401337793 0.0691550169138381
0.869565217391304 0.0706052074443975
0.903010033444816 0.0720834537103193
0.936454849498328 0.0735901990815634
0.969899665551839 0.0751258897264565
1.00334448160535 0.0766909744328915
1.03678929765886 0.0782859044193615
1.07023411371237 0.0799111331355694
1.10367892976589 0.0815671160523606
1.1371237458194 0.0832543104407308
1.17056856187291 0.0849731751396659
1.20401337792642 0.0867241703125773
1.23745819397993 0.0885077571921041
1.27090301003344 0.0903243978130623
1.30434782608696 0.0921745547333278
1.33779264214047 0.0940586907424575
1.37123745819398 0.095977268557854
1.40468227424749 0.0979307505083046
1.438127090301 0.0999195982047283
1.47157190635451 0.101944272197988
1.50501672240803 0.104005231623639
1.53846153846154 0.106102933833501
1.57190635451505 0.108237834013964
1.60535117056856 0.11041038479096
1.63879598662207 0.112621035821552
1.67224080267559 0.114870233372108
1.7056856187291 0.117158419883081
1.73913043478261 0.119486033520412
1.77257525083612 0.121853507713605
1.80602006688963 0.124261270680587
1.83946488294314 0.126709744939452
1.87290969899666 0.129199346807248
1.90635451505017 0.131730485886003
1.93979933110368 0.134303564536204
1.97324414715719 0.136918977337999
2.0066889632107 0.139577110540428
2.04013377926421 0.142278341499016
2.07357859531773 0.14502303810212
2.10702341137124 0.147811558186474
2.14046822742475 0.150644248942375
2.17391304347826 0.153521446309073
2.20735785953177 0.156443474360898
2.24080267558528 0.159410644684762
2.2742474916388 0.162423255749711
2.30769230769231 0.165481592269214
2.34113712374582 0.168585924556999
2.37458193979933 0.171736507877226
2.40802675585284 0.174933581789881
2.44147157190635 0.178177369492323
2.47491638795987 0.181468077157951
2.50836120401338 0.184805893273024
2.54180602006689 0.188190987972725
2.5752508361204 0.191623512377585
2.60869565217391 0.195103597931468
2.64214046822742 0.198631355742335
2.67558528428094 0.202206875927086
2.70903010033445 0.205830226961781
2.74247491638796 0.209501455038648
2.77591973244147 0.213220583431262
2.80936454849498 0.216987611869365
2.84280936454849 0.220802515924827
2.87625418060201 0.224665246410262
2.90969899665552 0.228575728791869
2.94314381270903 0.232533862618092
2.97658862876254 0.236539520965691
3.01003344481605 0.24059254990489
3.04347826086956 0.244692767985216
3.07692307692308 0.248839965743724
3.11036789297659 0.253033905237246
3.1438127090301 0.257274319600357
3.17725752508361 0.261560912630705
3.21070234113712 0.265893358403375
3.24414715719064 0.270271300915909
3.27759197324415 0.274694353765624
3.31103678929766 0.279162099860791
3.34448160535117 0.283674091167252
3.37792642140468 0.288229848491982
3.41137123745819 0.292828861305061
3.44481605351171 0.297470587601479
3.47826086956522 0.302154453804111
3.51170568561873 0.306879854709168
3.54515050167224 0.311646153475317
3.57859531772575 0.316452681657614
3.61204013377926 0.321298739287282
3.64548494983278 0.326183594998292
3.67892976588629 0.331106486201593
3.7123745819398 0.336066619307729
3.74581939799331 0.341063169998493
3.77926421404682 0.346095283548104
3.81270903010033 0.351162075194332
3.84615384615385 0.356262630559806
3.87959866220736 0.361396006123668
3.91304347826087 0.366561229743551
3.94648829431438 0.371757301227753
3.97993311036789 0.376983192957325
4.0133779264214 0.382237850557653
4.04682274247492 0.387520193618963
4.08026755852843 0.392829116465028
4.11371237458194 0.398163488969234
4.14715719063545 0.403522157416983
4.18060200668896 0.408903945413281
4.21404682274247 0.414307654834222
4.24749163879599 0.419732066820925
4.2809364548495 0.42517594281435
4.31438127090301 0.430638025629264
4.34782608695652 0.436117040565546
4.38127090301003 0.441611696554822
4.41471571906354 0.44712068734037
4.44816053511706 0.452642692688067
4.48160535117057 0.458176379626083
4.51505016722408 0.463720403710894
4.54849498327759 0.469273410317108
4.5819397993311 0.474834035948527
4.61538461538461 0.480400909567755
4.64882943143813 0.48597265394164
4.68227424749164 0.491547886999747
4.71571906354515 0.497125223203027
4.74916387959866 0.502703274919813
4.78260869565217 0.508280653806236
4.81605351170569 0.513855972188146
4.8494983277592 0.519427844441623
4.88294314381271 0.524994888369143
4.91638795986622 0.530555726568524
4.94983277591973 0.536108987791752
4.98327759197324 0.541653308290862
5.01672240802676 0.547187333148079
5.05016722408027 0.552709717587489
5.08361204013378 0.558219128265553
5.11705685618729 0.563714244537898
5.1505016722408 0.569193759699848
5.18394648829431 0.574656382198296
5.21739130434783 0.580100836812591
5.25083612040134 0.585525865802237
5.28428093645485 0.590930230019304
5.31772575250836 0.596312709983576
5.35117056856187 0.601672106918597
5.38461538461538 0.607007243746886
5.4180602006689 0.612316966042752
5.45150501672241 0.617600142941247
5.48494983277592 0.622855668001984
5.51839464882943 0.628082460026633
5.55183946488294 0.633279463829106
5.58528428093645 0.638445650957555
5.61872909698997 0.643580020367461
5.65217391304348 0.648681599045257
5.68561872909699 0.653749442582038
5.7190635451505 0.658782635697091
5.75250836120401 0.663780292711086
5.78595317725753 0.668741557968944
5.81939799331104 0.673665606212487
5.85284280936455 0.678551642903163
5.88628762541806 0.683398904495199
5.91973244147157 0.688206658659726
5.95317725752508 0.692974204460484
5.9866220735786 0.697700872481856
6.02006688963211 0.702386024910072
6.05351170568562 0.707029055568535
6.08695652173913 0.711629389908306
6.12040133779264 0.716186484954872
6.15384615384615 0.720699829212418
6.18729096989967 0.725168942526872
6.22073578595318 0.729593375909084
6.25418060200669 0.733972711319543
6.2876254180602 0.738306561416112
6.32107023411371 0.742594569266273
6.35451505016722 0.74683640802546
6.38795986622074 0.751031780583051
6.42140468227425 0.755180419177647
6.45484949832776 0.759282084983275
6.48829431438127 0.763336567668163
6.52173913043478 0.767343684927766
6.55518394648829 0.77130328199369
6.58862876254181 0.775215231120211
6.62207357859532 0.77907943105002
6.65551839464883 0.782895806460865
6.68896321070234 0.78666430739472
6.72240802675585 0.790384908671086
6.75585284280936 0.794057609286026
6.78929765886288 0.797682431798486
6.82274247491639 0.801259421705439
6.8561872909699 0.80478864680734
6.88963210702341 0.80827019656536
6.92307692307692 0.811704181451796
6.95652173913043 0.815090732295061
6.98996655518395 0.818429999620551
7.02341137123746 0.821722152988697
7.05685618729097 0.824967380331423
7.09030100334448 0.828165887288198
7.12374581939799 0.831317896542821
7.1571906354515 0.834423647162014
7.19063545150502 0.837483393936865
7.22408026755853 0.840497406728088
7.25752508361204 0.843465969816043
7.29096989966555 0.846389381256377
7.32441471571906 0.849267952242106
7.35785953177257 0.852102006472936
7.39130434782609 0.854891879532502
7.4247491638796 0.857637918274233
7.45819397993311 0.860340480216433
7.49163879598662 0.862999932947174
7.52508361204013 0.865616653539501
7.55852842809364 0.868191027977447
7.59197324414716 0.870723450593278
7.62541806020067 0.873214323516352
7.65886287625418 0.875664056133955
7.69230769230769 0.878073064564394
7.7257525083612 0.880441771142638
7.75919732441471 0.882770603918705
7.79264214046823 0.88505999616901
7.82608695652174 0.887310385920815
7.85953177257525 0.8895222154899
7.89297658862876 0.891695931031555
7.92642140468227 0.893831982104942
7.95986622073579 0.895930821250866
7.9933110367893 0.897992903582948
8.02675585284281 0.900018686392182
8.06020066889632 0.902008628764839
8.09364548494983 0.903963191213625
8.12709030100334 0.905882835322033
8.16053511705686 0.907768023401749
8.19397993311037 0.909619218163008
8.22742474916388 0.911436882397741
8.26086956521739 0.913221478675351
8.2943143812709 0.914973469050957
8.32775919732441 0.916693314785905
8.36120401337793 0.918381476080342
8.39464882943144 0.920038411817664
8.42809364548495 0.921664579320595
8.46153846153846 0.923260434118677
8.49498327759197 0.924826429726941
8.52842809364548 0.926363017435509
8.561872909699 0.927870646109873
8.59531772575251 0.929349762001618
8.62876254180602 0.93080080856931
8.66220735785953 0.932224226309306
8.69565217391304 0.933620452596207
8.72909698996656 0.934989921532712
8.76254180602007 0.936333063808583
8.79598662207358 0.937650306568481
8.82943143812709 0.938942073288384
8.8628762541806 0.940208783660341
8.89632107023411 0.941450853485288
8.92976588628762 0.942668694573672
8.96321070234114 0.943862714653611
8.99665551839465 0.945033317286356
9.03010033444816 0.946180901788767
9.06354515050167 0.947305863162594
9.09698996655518 0.94840859203027
9.1304347826087 0.949489474577016
9.16387959866221 0.950548892498982
9.19732441471572 0.951587222957209
9.23076923076923 0.952604838537181
9.26421404682274 0.953602107213726
9.29765886287625 0.954579392321055
9.33110367892977 0.955537052527728
9.36454849498328 0.956475441816309
9.39799331103679 0.957394909467541
9.4314381270903 0.958295800048799
9.46488294314381 0.959178453406653
9.49832775919732 0.96004320466334
9.53177257525084 0.960890384216945
9.56521739130435 0.961720317745136
9.59866220735786 0.962533326212254
9.63210702341137 0.96332972587959
9.66555183946488 0.964109828318701
9.69899665551839 0.964873940427578
9.73244147157191 0.965622364449528
9.76588628762542 0.966355397994614
9.79933110367893 0.967073334063505
9.83277591973244 0.967776461073599
9.86622073578595 0.96846506288728
9.89966555183946 0.969139418842178
9.93311036789298 0.969799803783305
9.96655518394649 0.970446488096949
10 0.9710797377462
