0.0734656397774392 -0.0275496149165398
0.0734656397774392 -0.0275496149165398
0.0734656397774392 -0.00838466540938173
0.0734656397774392 0.00838466540938156
0.0734656397774392 0.0107802840977763
0.0734656397774392 0.0179671401629606
0.0734656397774392 0.0203627588513553
0.0734656397774392 0.0227583775397501
0.0734656397774392 0.0227583775397501
0.0734656397774392 0.0227583775397501
0.0734656397774392 0.0275496149165396
0.0685679304589432 0.0286171996995339
0.0619866335622143 0.0284796419874234
0.0583403609997311 0.0262667086656202
0.05617960688863 0.0277945925500565
0.0550992298330794 0.0333497718690642
0.053429556201774 0.0321347907277339
0.0456678301319216 0.0280406851118598
0.04446604512845 0.0264948567489481
0.043682272300099 0.0294446865191797
0.0428549565368395 0.0324253057939577
0.0410543281109219 0.0384897797411109
0.0410543281109219 0.0384897797411109
0.0398813473077527 0.0369235837328387
0.0398813473077527 0.0369235837328387
0.0377823290283973 0.0384078137920054
0.0357400409728083 0.0350606921484592
0.0357400409728083 0.0350606921484592
0.034799513578787 0.0333301267582686
0.034799513578787 0.0333301267582686
0.034799513578787 0.0333301267582686
0.034799513578787 0.0333301267582686
0.034799513578787 0.0333301267582686
0.0339072183588181 0.0315654560707342
0.0339072183588181 0.0315654560707342
0.0339072183588181 0.0315654560707342
0.0339072183588181 0.0315654560707342
0.0339072183588181 0.0315654560707342
0.0339072183588181 0.0315654560707342
0.0339072183588181 0.0315654560707342
0.0339072183588181 0.0315654560707342
0.0339072183588181 0.0315654560707342
0.0339072183588181 0.0315654560707342
0.0330595378998476 0.0297692379831568
0.0322532077071684 0.0279437808418809
0.0322532077071684 0.0279437808418809
0.0314852741903311 0.0260911731507423
0.0314852741903311 0.0260911731507423
0.0307530585114862 0.0242133091341499
0.0307530585114862 0.0242133091341499
0.0307530585114862 0.0242133091341499
0.0307530585114862 0.0242133091341499
0.0307530585114862 0.0242133091341499
0.0307530585114862 0.0242133091341499
0.0300541253634979 0.0223119108142937
0.0300541253634979 0.0223119108142937
0.0300541253634979 0.0223119108142937
0.0293862559109757 0.0203885471447248
0.0287474242607371 0.0184446506482503
0.0287474242607371 0.0184446506482503
0.0271843255420682 0.0173393729446155
0.0271843255420682 0.0173393729446155
0.0271843255420682 0.0173393729446155
0.0265726782173716 0.0153762542272083
0.0255872464164717 0.0184686784244163
0.0255872464164717 0.0184686784244163
0.0250095794987027 0.0164815319308431
0.0250095794987027 0.0164815319308431
0.0250095794987027 0.0164815319308431
0.0250095794987027 0.0164815319308431
0.0244559820358408 0.0144773657624856
0.0229254478738108 0.0155596168472947
0.0224256816168214 0.0135173862682254
0.0224256816168214 0.0135173862682254
0.0224256816168214 0.0135173862682254
0.0224256816168214 0.0135173862682254
0.0224256816168214 0.0135173862682254
0.0213949137117808 0.0166418679321038
0.0213949137117808 0.0166418679321038
0.0198643795497509 0.0177241190169129
0.0198643795497509 0.0177241190169129
0.0198643795497509 0.0177241190169129
0.0198643795497509 0.0177241190169129
0.018757184624027 0.0209026427453823
0.018757184624027 0.0209026427453823
0.018757184624027 0.0209026427453823
0.018757184624027 0.0209026427453823
0.018757184624027 0.0209026427453823
0.018757184624027 0.0209026427453823
0.018757184624027 0.0209026427453823
0.018757184624027 0.0209026427453823
0.018757184624027 0.0209026427453823
0.018757184624027 0.0209026427453823
0.018757184624027 0.0209026427453823
0.018757184624027 0.0209026427453823
0.018757184624027 0.0209026427453823
0.018757184624027 0.0209026427453823
0.018757184624027 0.0209026427453823
0.018757184624027 0.0209026427453823
0.018757184624027 0.0209026427453823
0.018757184624027 0.0209026427453823
0.018757184624027 0.0209026427453823
0.018757184624027 0.0209026427453823
0.018757184624027 0.0209026427453823
0.017259215018636 0.0198434182793989
0.017259215018636 0.0198434182793989
0.017259215018636 0.0198434182793989
0.017259215018636 0.0198434182793989
0.017259215018636 0.0198434182793989
0.017259215018636 0.0198434182793989
0.017259215018636 0.0198434182793989
0.017259215018636 0.0198434182793989
0.017259215018636 0.0198434182793989
0.017259215018636 0.0198434182793989
0.017259215018636 0.0198434182793989
0.017259215018636 0.0198434182793989
0.017259215018636 0.0198434182793989
0.017259215018636 0.0198434182793989
0.017259215018636 0.0198434182793989
0.017259215018636 0.0198434182793989
0.017259215018636 0.0198434182793989
0.017259215018636 0.0198434182793989
0.017259215018636 0.0198434182793989
0.017259215018636 0.0198434182793989
0.017259215018636 0.0198434182793989
0.017259215018636 0.0198434182793989
0.017259215018636 0.0198434182793989
0.017259215018636 0.0198434182793989
0.017259215018636 0.0198434182793989
0.017259215018636 0.0198434182793989
0.017259215018636 0.0198434182793989
0.017259215018636 0.0198434182793989
0.017259215018636 0.0198434182793989
0.017259215018636 0.0198434182793989
0.017259215018636 0.0198434182793989
0.017259215018636 0.0198434182793989
0.017259215018636 0.0198434182793989
0.017259215018636 0.0198434182793989
0.017259215018636 0.0198434182793989
0.017259215018636 0.0198434182793989
0.017259215018636 0.0198434182793989
0.017259215018636 0.0198434182793989
0.017259215018636 0.0198434182793989
0.017259215018636 0.0198434182793989
0.017259215018636 0.0198434182793989
0.017259215018636 0.0198434182793989
0.017259215018636 0.0198434182793989
0.017259215018636 0.0198434182793989
0.0168358757823298 0.0177471456357386
0.0168358757823298 0.0177471456357386
0.0168358757823298 0.0177471456357386
0.0168358757823298 0.0177471456357386
0.0168358757823298 0.0177471456357386
0.0168358757823298 0.0177471456357386
0.0168358757823298 0.0177471456357386
0.0168358757823298 0.0177471456357386
0.0168358757823298 0.0177471456357386
0.0168358757823298 0.0177471456357386
0.016429815698526 0.0156386547861707
0.016429815698526 0.0156386547861707
0.016429815698526 0.0156386547861707
0.016429815698526 0.0156386547861707
0.016429815698526 0.0156386547861707
0.016429815698526 0.0156386547861707
0.016429815698526 0.0156386547861707
0.016429815698526 0.0156386547861707
0.0160399980180742 0.0135186788230498
0.0160399980180742 0.0135186788230498
0.0156654673054834 0.0113878933412907
0.0156654673054834 0.0113878933412907
0.0156654673054834 0.0113878933412907
0.0156654673054834 0.0113878933412907
0.0156654673054834 0.0113878933412907
0.0153053416202998 0.00924692196696864
0.0153053416202998 0.00924692196696864
0.0153053416202998 0.00924692196696864
0.0153053416202998 0.00924692196696864
0.0153053416202998 0.00924692196696864
0.0153053416202998 0.00924692196696864
0.0153053416202998 0.00924692196696864
0.0153053416202998 0.00924692196696864
0.0153053416202998 0.00924692196696864
0.0153053416202998 0.00924692196696864
0.0153053416202998 0.00924692196696864
0.0153053416202998 0.00924692196696864
0.0153053416202998 0.00924692196696864
0.0153053416202998 0.00924692196696864
0.0153053416202998 0.00924692196696864
0.0153053416202998 0.00924692196696864
0.0153053416202998 0.00924692196696864
0.0153053416202998 0.00924692196696864
0.0153053416202998 0.00924692196696864
0.015240212507022 0.00920086872931719
0.0151722516931668 0.00915281317698524
0.0151722516931668 0.00915281317698524
0.0151722516931668 0.00915281317698524
0.0151722516931668 0.00915281317698524
0.0151722516931668 0.00915281317698524
0.0151722516931668 0.00915281317698524
0.0151722516931668 0.00915281317698524
0.0151722516931668 0.00915281317698524
0.0151722516931668 0.00915281317698524
0.0151722516931668 0.00915281317698524
0.0151722516931668 0.00915281317698524
0.0151012703986959 0.00910262182232743
0.0151012703986959 0.00910262182232743
0.0151012703986959 0.00910262182232743
0.0151012703986959 0.00910262182232743
0.0151012703986959 0.00910262182232743
0.0151012703986959 0.00910262182232743
0.0151012703986959 0.00910262182232743
0.0151012703986959 0.00910262182232743
0.0151012703986959 0.00910262182232743
0.0151012703986959 0.00910262182232743
0.0151012703986959 0.00910262182232743
0.0151012703986959 0.00910262182232743
0.0151012703986959 0.00910262182232743
0.0151012703986959 0.00910262182232743
0.0151012703986959 0.00910262182232743
0.0151012703986959 0.00910262182232743
0.0151012703986959 0.00910262182232743
0.0151012703986959 0.00910262182232743
0.0151012703986959 0.00910262182232743
0.0151012703986959 0.00910262182232743
0.0151012703986959 0.00910262182232743
0.0151012703986959 0.00910262182232743
0.0151012703986959 0.00910262182232743
0.0151012703986959 0.00910262182232743
0.0151012703986959 0.00910262182232743
0.0151012703986959 0.00910262182232743
0.0151012703986959 0.00910262182232743
0.0151012703986959 0.00910262182232743
0.0151012703986959 0.00910262182232743
0.0151012703986959 0.00910262182232743
0.0151012703986959 0.00910262182232743
0.0151012703986959 0.00910262182232743
0.0151012703986959 0.00910262182232743
0.0151012703986959 0.00910262182232743
0.0151012703986959 0.00910262182232743
0.0151012703986959 0.00910262182232743
0.0151012703986959 0.00910262182232743
0.0151012703986959 0.00910262182232743
0.0151012703986959 0.00910262182232743
0.0151012703986959 0.00910262182232743
0.0151012703986959 0.00910262182232743
0.0151012703986959 0.00910262182232743
0.0151012703986959 0.00910262182232743
0.0151012703986959 0.00910262182232743
0.0151012703986959 0.00910262182232743
0.0151012703986959 0.00910262182232743
0.0151012703986959 0.00910262182232743
0.0151012703986959 0.00910262182232743
0.0151012703986959 0.00910262182232743
0.0140208933431453 0.0122621824529404
0.0140208933431453 0.0122621824529404
0.0140208933431453 0.0122621824529404
0.0140208933431453 0.0122621824529404
0.0140208933431453 0.0122621824529404
0.0140208933431453 0.0122621824529404
0.0140208933431453 0.0122621824529404
0.0140208933431453 0.0122621824529404
0.0140208933431453 0.0122621824529404
0.0140208933431453 0.0122621824529404
0.0140208933431453 0.0122621824529404
0.0140208933431453 0.0122621824529404
0.0140208933431453 0.0122621824529404
0.0140208933431453 0.0122621824529404
0.0140208933431453 0.0122621824529404
0.0140208933431453 0.0122621824529404
0.0140208933431453 0.0122621824529404
0.0140208933431453 0.0122621824529404
0.0140208933431453 0.0122621824529404
0.0140208933431453 0.0122621824529404
0.0140208933431453 0.0122621824529404
0.0140208933431453 0.0122621824529404
0.0140208933431453 0.0122621824529404
0.0140208933431453 0.0122621824529404
0.0140208933431453 0.0122621824529404
0.0139466856261984 0.0122097096730708
0.0139466856261984 0.0122097096730708
0.0139466856261984 0.0122097096730708
0.0139466856261984 0.0122097096730708
0.0139466856261984 0.0122097096730708
0.0139466856261984 0.0122097096730708
0.0139466856261984 0.0122097096730708
0.0139466856261984 0.0122097096730708
0.0139466856261984 0.0122097096730708
0.0139466856261984 0.0122097096730708
0.0139466856261984 0.0122097096730708
0.0139466856261984 0.0122097096730708
0.0139466856261984 0.0122097096730708
0.0139466856261984 0.0122097096730708
0.0139466856261984 0.0122097096730708
0.0139466856261984 0.0122097096730708
0.0139466856261984 0.0122097096730708
0.0139466856261984 0.0122097096730708
0.0139466856261984 0.0122097096730708
0.0139466856261984 0.0122097096730708
0.013869026387533 0.0121547962987887
0.013869026387533 0.0121547962987887
0.0127454342497604 0.0153449146070904
0.0127454342497604 0.0153449146070904
0.0127454342497604 0.0153449146070904
0.0127454342497604 0.0153449146070904
0.012664076952111 0.0152873863102235
0.012664076952111 0.0152873863102235
0.012664076952111 0.0152873863102235
0.012664076952111 0.0152873863102235
0.012664076952111 0.0152873863102235
0.012664076952111 0.0152873863102235
0.012664076952111 0.0152873863102235
0.0114092979644406 0.018449598619189
0.0114092979644406 0.018449598619189
0.0114092979644406 0.018449598619189
0.0114092979644406 0.018449598619189
0.0114092979644406 0.018449598619189
0.0114092979644406 0.018449598619189
0.0101911177130289 0.0217066008240645
0.0101911177130289 0.0217066008240645
0.00852726175988137 0.0205300769966762
0.00567077674679889 0.0227019320303691
0.00567077674679889 0.0227019320303691
0.00567077674679889 0.0227019320303691
0.00567077674679889 0.0227019320303691
0.00567077674679889 0.0227019320303691
0.00567077674679889 0.0227019320303691
0.00567077674679889 0.0227019320303691
0.00567077674679889 0.0227019320303691
0.00567077674679889 0.0227019320303691
0.00567077674679889 0.0227019320303691
0.00567077674679889 0.0227019320303691
0.00567077674679889 0.0227019320303691
0.00567077674679889 0.0227019320303691
0.00567077674679889 0.0227019320303691
0.00434554087662307 0.0260346339892369
0.00283118572264838 0.0249638231907366
0.00263703762598495 0.0248265397550314
0.00263703762598495 0.0248265397550314
0.00263703762598495 0.0248265397550314
0.00263703762598495 0.0248265397550314
0.00263703762598495 0.0248265397550314
0.00263703762598495 0.0248265397550314
0.00263703762598495 0.0248265397550314
0.00263703762598495 0.0248265397550314
0.00263703762598495 0.0248265397550314
0.00263703762598495 0.0248265397550314
0.00263703762598495 0.0248265397550314
0.00263703762598495 0.0248265397550314
0.00263703762598495 0.0248265397550314
0.00263703762598495 0.0248265397550314
0.00263703762598495 0.0248265397550314
0.00263703762598495 0.0248265397550314
0.00263703762598495 0.0248265397550314
0.00263703762598495 0.0248265397550314
0.00263703762598495 0.0248265397550314
0.00263703762598495 0.0248265397550314
0.00263703762598495 0.0248265397550314
0.00263703762598495 0.0248265397550314
0.00125290238380132 0.0282008898592535
0.00125290238380132 0.0282008898592535
0.00125290238380132 0.0282008898592535
-0.000194148096663393 0.0316197277551041
-0.000194148096663393 0.0316197277551041
-0.000194148096663393 0.0316197277551041
-0.000194148096663393 0.0316197277551041
-0.000194148096663393 0.0316197277551041
-0.000194148096663393 0.0316197277551041
-0.000194148096663393 0.0316197277551041
-0.000194148096663393 0.0316197277551041
-0.000194148096663393 0.0316197277551041
-0.000194148096663393 0.0316197277551041
-0.000397541340786978 0.0314759070129368
-0.000397541340786978 0.0314759070129368
-0.000397541340786978 0.0314759070129368
-0.000397541340786978 0.0314759070129368
-0.000397541340786978 0.0314759070129368
-0.000397541340786978 0.0314759070129368
-0.000397541340786978 0.0314759070129368
-0.000397541340786978 0.0314759070129368
-0.000397541340786978 0.0314759070129368
-0.000397541340786978 0.0314759070129368
-0.000397541340786978 0.0314759070129368
-0.000397541340786978 0.0314759070129368
-0.000397541340786978 0.0314759070129368
-0.000397541340786978 0.0314759070129368
-0.000397541340786978 0.0314759070129368
-0.000397541340786978 0.0314759070129368
-0.000397541340786978 0.0314759070129368
-0.000397541340786978 0.0314759070129368
-0.000397541340786978 0.0314759070129368
-0.000397541340786978 0.0314759070129368
-0.000397541340786978 0.0314759070129368
-0.000397541340786978 0.0314759070129368
-0.000397541340786978 0.0314759070129368
-0.000397541340786978 0.0314759070129368
-0.000397541340786978 0.0314759070129368
-0.000397541340786978 0.0314759070129368
-0.000397541340786978 0.0314759070129368
-0.000397541340786978 0.0314759070129368
-0.000583060633154253 0.0292114702742158
-0.000583060633154253 0.0292114702742158
-0.000583060633154253 0.0292114702742158
-0.000583060633154253 0.0292114702742158
-0.000583060633154253 0.0292114702742158
-0.000583060633154253 0.0292114702742158
-0.000583060633154253 0.0292114702742158
-0.000583060633154253 0.0292114702742158
-0.000583060633154253 0.0292114702742158
-0.000583060633154253 0.0292114702742158
-0.000583060633154253 0.0292114702742158
-0.000583060633154253 0.0292114702742158
-0.000796375498942403 0.0290606338860891
-0.000796375498942403 0.0290606338860891
-0.000796375498942403 0.0290606338860891
-0.000796375498942403 0.0290606338860891
-0.00228052983788056 0.0325057081718745
-0.00228052983788056 0.0325057081718745
-0.00228052983788056 0.0325057081718745
-0.00228052983788056 0.0325057081718745
-0.00228052983788056 0.0325057081718745
-0.00228052983788056 0.0325057081718745
-0.00228052983788056 0.0325057081718745
-0.00228052983788056 0.0325057081718745
-0.00228052983788056 0.0325057081718745
-0.00228052983788056 0.0325057081718745
-0.00228052983788056 0.0325057081718745
-0.00228052983788056 0.0325057081718745
-0.00228052983788056 0.0325057081718745
-0.00228052983788056 0.0325057081718745
-0.00228052983788056 0.0325057081718745
-0.00381639687155525 0.0314196861773623
-0.00381639687155525 0.0314196861773623
-0.00381639687155525 0.0314196861773623
-0.00381639687155525 0.0314196861773623
-0.00381639687155525 0.0314196861773623
-0.00381639687155525 0.0314196861773623
-0.00381639687155525 0.0314196861773623
-0.00381639687155525 0.0314196861773623
-0.00407237471050104 0.0312386825116102
-0.00407237471050104 0.0312386825116102
-0.00407237471050104 0.0312386825116102
-0.00407237471050104 0.0312386825116102
-0.00407237471050104 0.0312386825116102
-0.00407237471050104 0.0312386825116102
-0.00407237471050104 0.0312386825116102
-0.0043411514413941 0.0310486286625706
-0.0043411514413941 0.0310486286625706
-0.0043411514413941 0.0310486286625706
-0.0043411514413941 0.0310486286625706
-0.0043411514413941 0.0310486286625706
-0.0043411514413941 0.0310486286625706
-0.0043411514413941 0.0310486286625706
-0.0043411514413941 0.0310486286625706
-0.0043411514413941 0.0310486286625706
-0.0058642195831215 0.029971656851346
-0.0058642195831215 0.029971656851346
-0.0058642195831215 0.029971656851346
-0.00601263501701532 0.0276809837226903
-0.00601263501701532 0.0276809837226903
-0.00601263501701532 0.0276809837226903
-0.00601263501701532 0.0276809837226903
-0.00601263501701532 0.0276809837226903
-0.00746317610437474 0.0266552962834287
-0.00746317610437474 0.0266552962834287
-0.00746317610437474 0.0266552962834287
-0.00746317610437474 0.0266552962834287
-0.00746317610437474 0.0266552962834287
-0.00780447988963577 0.026413958062426
-0.00780447988963577 0.026413958062426
-0.00921235800383757 0.0254184379007898
-0.00935432059277949 0.0231232019217106
-0.00935432059277949 0.0231232019217106
-0.00935432059277949 0.0231232019217106
-0.00935432059277949 0.0231232019217106
-0.00935432059277949 0.0231232019217106
-0.00935432059277949 0.0231232019217106
-0.00935432059277949 0.0231232019217106
-0.00949024222048983 0.0208236943379798
-0.00949024222048983 0.0208236943379798
-0.00949024222048983 0.0208236943379798
-0.00962050044704558 0.0185201821248879
-0.00962050044704558 0.0185201821248879
-0.00962050044704558 0.0185201821248879
-0.00962050044704558 0.0185201821248879
-0.00962050044704558 0.0185201821248879
-0.00962050044704558 0.0185201821248879
-0.00962050044704558 0.0185201821248879
-0.00962050044704558 0.0185201821248879
-0.00962050044704558 0.0185201821248879
-0.0100044672054642 0.0182486766262599
-0.0100044672054642 0.0182486766262599
-0.0100044672054642 0.0182486766262599
-0.0100044672054642 0.0182486766262599
-0.0100044672054642 0.0182486766262599
-0.0104076323018038 0.0179635958527004
-0.0104076323018038 0.0179635958527004
-0.0105325738660512 0.015656324191637
-0.0105325738660512 0.015656324191637
-0.0119212536423321 0.0146743793049322
-0.0119212536423321 0.0146743793049322
-0.0119212536423321 0.0146743793049322
-0.0119212536423321 0.0146743793049322
-0.0119212536423321 0.0146743793049322
-0.0119212536423321 0.0146743793049322
-0.0119212536423321 0.0146743793049322
-0.0119212536423321 0.0146743793049322
-0.0119212536423321 0.0146743793049322
-0.0119212536423321 0.0146743793049322
-0.0119212536423321 0.0146743793049322
-0.0119212536423321 0.0146743793049322
-0.0119212536423321 0.0146743793049322
-0.0119212536423321 0.0146743793049322
-0.0119212536423321 0.0146743793049322
-0.0119212536423321 0.0146743793049322
-0.0119212536423321 0.0146743793049322
-0.0119212536423321 0.0146743793049322
-0.0119212536423321 0.0146743793049322
-0.0119212536423321 0.0146743793049322
-0.0119212536423321 0.0146743793049322
-0.0119212536423321 0.0146743793049322
-0.0119212536423321 0.0146743793049322
-0.0119212536423321 0.0146743793049322
-0.0120411975440095 0.0123635737627755
-0.0120411975440095 0.0123635737627755
-0.0120411975440095 0.0123635737627755
-0.0120411975440095 0.0123635737627755
-0.0121564377632682 0.010049442214884
-0.0121564377632682 0.010049442214884
-0.0121564377632682 0.010049442214884
-0.0121564377632682 0.010049442214884
-0.0121564377632682 0.010049442214884
-0.0121564377632682 0.010049442214884
-0.0121564377632682 0.010049442214884
-0.0121564377632682 0.010049442214884
-0.0121564377632682 0.010049442214884
-0.0121564377632682 0.010049442214884
-0.0134789899311548 0.00911425660849851
-0.0134789899311548 0.00911425660849851
-0.0134789899311548 0.00911425660849851
-0.0134789899311548 0.00911425660849851
-0.0134789899311548 0.00911425660849851
-0.0134789899311548 0.00911425660849851
-0.0134789899311548 0.00911425660849851
-0.0134789899311548 0.00911425660849851
-0.0134789899311548 0.00911425660849851
-0.0134789899311548 0.00911425660849851
-0.0134789899311548 0.00911425660849851
-0.0134789899311548 0.00911425660849851
-0.0134789899311548 0.00911425660849851
-0.0134789899311548 0.00911425660849851
-0.0134789899311548 0.00911425660849851
-0.0134789899311548 0.00911425660849851
-0.0134789899311548 0.00911425660849851
-0.0134789899311548 0.00911425660849851
-0.0134789899311548 0.00911425660849851
-0.0134789899311548 0.00911425660849851
-0.0148330625074448 0.0124673491978067
-0.0148330625074448 0.0124673491978067
-0.0148330625074448 0.0124673491978067
-0.0148330625074448 0.0124673491978067
-0.0148330625074448 0.0124673491978067
-0.0148330625074448 0.0124673491978067
-0.0148330625074448 0.0124673491978067
-0.0148330625074448 0.0124673491978067
-0.0148330625074448 0.0124673491978067
-0.0148330625074448 0.0124673491978067
-0.0148330625074448 0.0124673491978067
-0.0148330625074448 0.0124673491978067
-0.0148330625074448 0.0124673491978067
-0.0148330625074448 0.0124673491978067
-0.0148330625074448 0.0124673491978067
-0.0148330625074448 0.0124673491978067
-0.0148330625074448 0.0124673491978067
-0.0148330625074448 0.0124673491978067
-0.0148330625074448 0.0124673491978067
-0.0148330625074448 0.0124673491978067
-0.0148330625074448 0.0124673491978067
-0.0160941006210111 0.0115756605963693
-0.0160941006210111 0.0115756605963693
-0.0160941006210111 0.0115756605963693
-0.0160941006210111 0.0115756605963693
-0.0160941006210111 0.0115756605963693
-0.0161805307854551 0.00924115726335202
-0.0161805307854551 0.00924115726335202
-0.0161805307854551 0.00924115726335202
-0.0161805307854551 0.00924115726335202
-0.0161805307854551 0.00924115726335202
-0.0161805307854551 0.00924115726335202
-0.0161805307854551 0.00924115726335202
-0.0161805307854551 0.00924115726335202
-0.0161805307854551 0.00924115726335202
-0.0161805307854551 0.00924115726335202
-0.0161805307854551 0.00924115726335202
-0.0161805307854551 0.00924115726335202
-0.0161805307854551 0.00924115726335202
-0.0161805307854551 0.00924115726335202
-0.0161805307854551 0.00924115726335202
-0.0161805307854551 0.00924115726335202
-0.0161805307854551 0.00924115726335202
-0.0161805307854551 0.00924115726335202
-0.0161805307854551 0.00924115726335202
-0.0161805307854551 0.00924115726335202
-0.0161805307854551 0.00924115726335202
-0.0161805307854551 0.00924115726335202
-0.0161805307854551 0.00924115726335202
-0.0173842489847683 0.00838999996197999
-0.0173842489847683 0.00838999996197999
-0.0173842489847683 0.00838999996197999
-0.0173842489847683 0.00838999996197999
-0.0173842489847683 0.00838999996197999
-0.0173842489847683 0.00838999996197999
-0.0185344685974454 0.00757667187400226
-0.0185344685974454 0.00757667187400226
-0.0185344685974454 0.00757667187400226
-0.0185344685974454 0.00757667187400226
-0.0185344685974454 0.00757667187400226
-0.0185344685974454 0.00757667187400226
-0.0190539226160738 0.00720936241491554
-0.0190539226160738 0.00720936241491554
-0.0190539226160738 0.00720936241491554
-0.0190539226160738 0.00720936241491554
-0.0190539226160738 0.00720936241491554
-0.0190539226160738 0.00720936241491554
-0.0190539226160738 0.00720936241491554
-0.0190539226160738 0.00720936241491554
-0.0190539226160738 0.00720936241491554
-0.0190539226160738 0.00720936241491554
-0.0190539226160738 0.00720936241491554
-0.0190539226160738 0.00720936241491554
-0.0190539226160738 0.00720936241491554
-0.0190539226160738 0.00720936241491554
-0.0190539226160738 0.00720936241491554
-0.0201670383702774 0.00642227071687258
-0.0201670383702774 0.00642227071687258
-0.0201670383702774 0.00642227071687258
-0.0201670383702774 0.00642227071687258
-0.0201670383702774 0.00642227071687258
-0.0201670383702774 0.00642227071687258
-0.0201670383702774 0.00642227071687258
-0.0201670383702774 0.00642227071687258
-0.0201670383702774 0.00642227071687258
-0.0201670383702774 0.00642227071687258
-0.0201670383702774 0.00642227071687258
-0.0201670383702774 0.00642227071687258
-0.0201670383702774 0.00642227071687258
-0.0201670383702774 0.00642227071687258
-0.0201670383702774 0.00642227071687258
-0.0201670383702774 0.00642227071687258
-0.0207235962473792 0.0060287248678511
-0.0207235962473792 0.0060287248678511
-0.0207235962473792 0.0060287248678511
-0.0213060405373695 0.0056168745607356
-0.0223932698786846 0.00484808732078666
-0.0223932698786846 0.00484808732078666
-0.0223932698786846 0.00484808732078666
-0.0223932698786846 0.00484808732078666
-0.0223932698786846 0.00484808732078666
-0.0234321779159413 0.00411346840261323
-0.0234321779159413 0.00411346840261323
-0.0234321779159413 0.00411346840261323
-0.0234321779159413 0.00411346840261323
-0.0234321779159413 0.00411346840261323
-0.0234321779159413 0.00411346840261323
-0.0234321779159413 0.00411346840261323
-0.0234321779159413 0.00411346840261323
-0.0234321779159413 0.00411346840261323
-0.0234321779159413 0.00411346840261323
-0.0234321779159413 0.00411346840261323
-0.0234321779159413 0.00411346840261323
-0.0234321779159413 0.00411346840261323
-0.0234321779159413 0.00411346840261323
-0.0234321779159413 0.00411346840261323
-0.0234321779159413 0.00411346840261323
-0.0234321779159413 0.00411346840261323
-0.0234321779159413 0.00411346840261323
-0.0234321779159413 0.00411346840261323
-0.0234321779159413 0.00411346840261323
-0.0234321779159413 0.00411346840261323
-0.0234321779159413 0.00411346840261323
-0.0234321779159413 0.00411346840261323
-0.0234321779159413 0.00411346840261323
-0.0234321779159413 0.00411346840261323
-0.0234321779159413 0.00411346840261323
-0.0234321779159413 0.00411346840261323
-0.0234321779159413 0.00411346840261323
-0.0234321779159413 0.00411346840261323
-0.0234321779159413 0.00411346840261323
-0.0234321779159413 0.00411346840261323
-0.0234321779159413 0.00411346840261323
-0.0234321779159413 0.00411346840261323
-0.0234321779159413 0.00411346840261323
-0.0234321779159413 0.00411346840261323
-0.0234321779159413 0.00411346840261323
-0.0234321779159413 0.00411346840261323
-0.0234321779159413 0.00411346840261323
-0.0240629435099901 0.00366744977372223
-0.0240629435099901 0.00366744977372223
-0.0240629435099901 0.00366744977372223
-0.0240629435099901 0.00366744977372223
-0.0240629435099901 0.00366744977372223
-0.0240629435099901 0.00366744977372223
-0.0240629435099901 0.00366744977372223
-0.0240629435099901 0.00366744977372223
-0.0240629435099901 0.00366744977372223
-0.0240629435099901 0.00366744977372223
-0.0240629435099901 0.00366744977372223
-0.0240629435099901 0.00366744977372223
-0.0240629435099901 0.00366744977372223
-0.0240629435099901 0.00366744977372223
-0.0240629435099901 0.00366744977372223
-0.0240629435099901 0.00366744977372223
-0.0241460494373401 0.00133059585011348
-0.0248061529659958 0.000863832168715906
-0.0248061529659958 0.000863832168715906
-0.0254976899960159 0.000374841645347029
-0.0254976899960159 0.000374841645347029
-0.0254976899960159 0.000374841645347029
-0.0254976899960159 0.000374841645347029
-0.0268550868094 0.00373028482524666
-0.0268550868094 0.00373028482524666
-0.0268550868094 0.00373028482524666
-0.0268550868094 0.00373028482524666
-0.0268550868094 0.00373028482524666
-0.0268550868094 0.00373028482524666
-0.0268550868094 0.00373028482524666
-0.0268550868094 0.00373028482524666
-0.0268550868094 0.00373028482524666
-0.0268550868094 0.00373028482524666
-0.0275803573530797 0.00321744110561588
-0.0275803573530797 0.00321744110561588
-0.0283418914239434 0.00267895520000356
-0.0283418914239434 0.00267895520000356
-0.0283418914239434 0.00267895520000356
-0.0291424785240822 0.00211285463256498
-0.0291424785240822 0.00211285463256498
-0.0291424785240822 0.00211285463256498
-0.0291424785240822 0.00211285463256498
-0.0291424785240822 0.00211285463256498
-0.0291424785240822 0.00211285463256498
-0.0291424785240822 0.00211285463256498
-0.0291424785240822 0.00211285463256498
-0.0291424785240822 0.00211285463256498
-0.0291424785240822 0.00211285463256498
-0.0291424785240822 0.00211285463256498
-0.0291424785240822 0.00211285463256498
-0.0291424785240822 0.00211285463256498
-0.0291424785240822 0.00211285463256498
-0.0291424785240822 0.00211285463256498
-0.0291424785240822 0.00211285463256498
-0.0291424785240822 0.00211285463256498
-0.0291424785240822 0.00211285463256498
-0.0291424785240822 0.00211285463256498
-0.0291424785240822 0.00211285463256498
-0.0291424785240822 0.00211285463256498
-0.0291424785240822 0.00211285463256498
-0.0291424785240822 0.00211285463256498
-0.0291424785240822 0.00211285463256498
-0.0291424785240822 0.00211285463256498
-0.0291424785240822 0.00211285463256498
-0.0301785324183794 0.00138025389823269
-0.0301785324183794 0.00138025389823269
-0.0310262128773498 0.000780853297415351
-0.0310262128773498 0.000780853297415351
-0.0310262128773498 0.000780853297415351
-0.0310262128773498 0.000780853297415351
-0.0310262128773498 0.000780853297415351
-0.0310262128773498 0.000780853297415351
-0.0310262128773498 0.000780853297415351
-0.0310262128773498 0.000780853297415351
-0.0310262128773498 0.000780853297415351
-0.0310262128773498 0.000780853297415351
-0.0310262128773498 0.000780853297415351
-0.0310262128773498 0.000780853297415351
-0.0310262128773498 0.000780853297415351
-0.0310262128773498 0.000780853297415351
-0.0310262128773498 0.000780853297415351
-0.0310262128773498 0.000780853297415351
-0.0310262128773498 0.000780853297415351
-0.0310262128773498 0.000780853297415351
-0.0310262128773498 0.000780853297415351
-0.0310262128773498 0.000780853297415351
-0.0310262128773498 0.000780853297415351
-0.0310262128773498 0.000780853297415351
-0.0320151734128154 8.1552596461798e-05
-0.0320151734128154 8.1552596461798e-05
-0.0329558919709411 -0.000583635875176947
-0.0329558919709411 -0.000583635875176947
-0.0329558919709411 -0.000583635875176947
-0.0329558919709411 -0.000583635875176947
-0.0329558919709411 -0.000583635875176947
-0.0329558919709411 -0.000583635875176947
-0.0329558919709411 -0.000583635875176947
-0.0329558919709411 -0.000583635875176947
-0.0329558919709411 -0.000583635875176947
-0.0329558919709411 -0.000583635875176947
-0.0329558919709411 -0.000583635875176947
-0.0329558919709411 -0.000583635875176947
-0.0329558919709411 -0.000583635875176947
-0.0329558919709411 -0.000583635875176947
-0.0329558919709411 -0.000583635875176947
-0.0329558919709411 -0.000583635875176947
-0.0329558919709411 -0.000583635875176947
-0.0329558919709411 -0.000583635875176947
-0.0329558919709411 -0.000583635875176947
-0.0329558919709411 -0.000583635875176947
-0.0338518144072513 -0.00121714870530909
-0.0338518144072513 -0.00121714870530909
-0.0338518144072513 -0.00121714870530909
-0.0338518144072513 -0.00121714870530909
-0.0338518144072513 -0.00121714870530909
-0.0338518144072513 -0.00121714870530909
-0.0347936815838852 -0.0018831493728839
-0.0347936815838852 -0.0018831493728839
-0.0347936815838852 -0.0018831493728839
-0.035785120717184 -0.00258420270717318
-0.035785120717184 -0.00258420270717318
-0.035785120717184 -0.00258420270717318
-0.0366774159371529 -0.00321515070803353
-0.0366774159371529 -0.00321515070803353
-0.0366774159371529 -0.00321515070803353
-0.0366774159371529 -0.00321515070803353
-0.0366774159371529 -0.00321515070803353
-0.0366774159371529 -0.00321515070803353
-0.0366774159371529 -0.00321515070803353
-0.0366774159371529 -0.00321515070803353
-0.0366774159371529 -0.00321515070803353
-0.0366774159371529 -0.00321515070803353
-0.0366774159371529 -0.00321515070803353
-0.0375250963961233 -0.00381455130885086
-0.0375250963961233 -0.00381455130885086
-0.0375250963961233 -0.00381455130885086
-0.0383314265888025 -0.00438471285596978
-0.0383314265888025 -0.00438471285596978
-0.0383314265888025 -0.00438471285596978
-0.0383868305403692 -0.0067411550345072
-0.0383868305403692 -0.0067411550345072
-0.0383868305403692 -0.0067411550345072
-0.0383868305403692 -0.0067411550345072
-0.039417141342126 -0.00746969478915916
-0.039417141342126 -0.00746969478915916
-0.039417141342126 -0.00746969478915916
-0.039417141342126 -0.00746969478915916
-0.0401786754129897 -0.00800818069477147
-0.0401786754129897 -0.00800818069477147
-0.0409039459566694 -0.00852102441440225
-0.0409039459566694 -0.00852102441440225
-0.0415954829866896 -0.00901001493777114
-0.0415954829866896 -0.00901001493777114
-0.0415954829866896 -0.00901001493777114
-0.0415954829866896 -0.00901001493777114
-0.0415954829866896 -0.00901001493777114
-0.0426531278561322 -0.00975788279704119
-0.0426531278561322 -0.00975788279704119
-0.0426531278561322 -0.00975788279704119
-0.0426531278561322 -0.00975788279704119
-0.0440382266452996 -0.00638285136221289
-0.0440382266452996 -0.00638285136221289
-0.0440382266452996 -0.00638285136221289
-0.0440382266452996 -0.00638285136221289
-0.0440382266452996 -0.00638285136221289
-0.0440382266452996 -0.00638285136221289
-0.0440382266452996 -0.00638285136221289
-0.0440382266452996 -0.00638285136221289
-0.0440382266452996 -0.00638285136221289
-0.0440382266452996 -0.00638285136221289
-0.0440382266452996 -0.00638285136221289
-0.0440382266452996 -0.00638285136221289
-0.0454787293860337 -0.00296864341752724
-0.0454787293860337 -0.00296864341752724
-0.0461295877672292 -0.00342886979246266
-0.0472279112854966 -0.00420550180016618
-0.0472279112854966 -0.00420550180016618
-0.0472279112854966 -0.00420550180016618
-0.0472279112854966 -0.00420550180016618
-0.0472279112854966 -0.00420550180016618
-0.0472279112854966 -0.00420550180016618
-0.0472279112854966 -0.00420550180016618
-0.0472279112854966 -0.00420550180016618
-0.0472279112854966 -0.00420550180016618
-0.0472279112854966 -0.00420550180016618
-0.0472279112854966 -0.00420550180016618
-0.0472279112854966 -0.00420550180016618
-0.0472279112854966 -0.00420550180016618
-0.0472279112854966 -0.00420550180016618
-0.0472279112854966 -0.00420550180016618
-0.0472279112854966 -0.00420550180016618
-0.0472279112854966 -0.00420550180016618
-0.0472279112854966 -0.00420550180016618
-0.0472279112854966 -0.00420550180016618
-0.0472279112854966 -0.00420550180016618
-0.0472279112854966 -0.00420550180016618
-0.0472279112854966 -0.00420550180016618
-0.0472279112854966 -0.00420550180016618
-0.0472279112854966 -0.00420550180016618
-0.0472279112854966 -0.00420550180016618
-0.0472279112854966 -0.00420550180016618
-0.0472279112854966 -0.00420550180016618
-0.0472279112854966 -0.00420550180016618
-0.0472279112854966 -0.00420550180016618
-0.0472279112854966 -0.00420550180016618
-0.0472279112854966 -0.00420550180016618
-0.0478380910178673 -0.00463696402666813
-0.0478380910178673 -0.00463696402666813
-0.0478380910178673 -0.00463696402666813
-0.0489770931849594 -0.00544236018280511
-0.0495465942685055 -0.0058450582608736
-0.0495465942685055 -0.0058450582608736
-0.050090208939163 -0.00622945188084807
-0.050090208939163 -0.00622945188084807
-0.0512550975191436 -0.00705315249507908
-0.0524754569838851 -0.00791607694808299
-0.0524754569838851 -0.00791607694808299
-0.0524754569838851 -0.00791607694808299
-0.053755346178614 -0.00882109527684318
-0.0550992298330793 -0.0097713645220414
-0.0565120305980301 -0.0107703655234036
-0.0565120305980301 -0.0107703655234036
-0.0565120305980301 -0.0107703655234036
-0.0579991892979782 -0.0118219455248375
-0.0595667349546804 -0.0129303676885111
-0.0595667349546804 -0.0129303676885111
-0.0595667349546804 -0.0129303676885111
-0.0595667349546804 -0.0129303676885111
-0.0595667349546804 -0.0129303676885111
-0.0595667349546804 -0.0129303676885111
-0.0595667349546804 -0.0129303676885111
-0.0599324956079109 -0.0131889995267016
-0.0615522927865031 -0.014334369095831
-0.0632620786972392 -0.0155433703076898
-0.0632620786972392 -0.0155433703076898
-0.0632620786972392 -0.0155433703076898
-0.0632620786972392 -0.0155433703076898
-0.0632620786972392 -0.0155433703076898
-0.0632620786972392 -0.0155433703076898
-0.0650695666600175 -0.0168214573030833
-0.0653027909132792 -0.0169863717541019
-0.0671685849393729 -0.0183056873622501
-0.0712394082690319 -0.0211841941436643
-0.0712394082690319 -0.0235798128320591
-0.0712394082690319 -0.0235798128320591
-0.0712394082690319 -0.0235798128320591
-0.0712394082690319 -0.0235798128320591
-0.0712394082690319 -0.0235798128320591
-0.0712394082690319 -0.0235798128320591
-0.0712394082690319 -0.0235798128320591
-0.0734656397774391 -0.025153996228145
-0.0734656397774391 -0.0275496149165398
-0.0734656397774391 -0.0275496149165398
-0.0734656397774391 -0.0275496149165398
-0.0734656397774391 -0.0275496149165398
-0.0734656397774391 -0.0275496149165398
-0.0734656397774391 -0.0275496149165398
-0.0734656397774391 -0.0275496149165398
-0.0734656397774391 -0.0275496149165398
-0.0734656397774391 -0.0275496149165398
-0.0734656397774391 -0.0275496149165398
-0.0734656397774391 -0.0275496149165398
-0.0734656397774391 -0.0275496149165398
-0.0734656397774391 -0.0275496149165398
-0.0734656397774391 -0.0275496149165398
-0.0734656397774391 -0.0275496149165398
-0.0734656397774391 -0.0275496149165398
-0.0734656397774391 -0.0275496149165398
-0.0734656397774391 -0.0275496149165398
-0.0734656397774391 -0.0275496149165398
-0.0734656397774391 -0.0275496149165398
-0.0734656397774391 -0.0275496149165398
-0.0734656397774391 -0.0275496149165398
-0.0734656397774391 -0.0275496149165398
-0.0734656397774391 -0.0275496149165398
-0.0734656397774391 -0.0275496149165398
-0.0734656397774391 -0.0275496149165398
-0.0734656397774391 -0.0275496149165398
-0.0734656397774391 -0.0275496149165398
-0.0734656397774391 -0.0275496149165398
-0.0734656397774391 -0.0275496149165398
-0.0734656397774391 -0.0275496149165398
-0.0734656397774391 -0.0275496149165398
-0.0734656397774391 -0.0275496149165398
-0.0734656397774391 -0.0275496149165398
-0.0734656397774391 -0.0275496149165398
-0.0734656397774391 -0.0275496149165398
-0.0734656397774391 -0.0275496149165398
-0.0734656397774391 -0.0275496149165398
-0.0734656397774391 -0.0275496149165398
-0.0734656397774391 -0.0275496149165398
-0.0734656397774391 -0.0275496149165398
-0.0734656397774391 -0.0275496149165398
-0.0734656397774391 -0.0275496149165398
-0.0734656397774391 -0.0275496149165398
-0.0734656397774391 -0.0275496149165398
-0.0734656397774391 -0.0275496149165398
-0.0734656397774391 -0.0275496149165398
-0.0734656397774391 -0.0275496149165398
-0.0734656397774391 -0.0275496149165398
-0.0734656397774391 -0.0275496149165398
-0.0734656397774391 -0.0275496149165398
-0.0734656397774391 -0.0275496149165398
-0.0734656397774391 -0.0275496149165398
-0.0734656397774391 -0.0275496149165398
