0 0.0394391005302611
0.0334448160535117 0.0403043917084902
0.0668896321070234 0.0411878532835977
0.100334448160535 0.0420898307913135
0.133779264214047 0.0430106747438001
0.167224080267559 0.0439507406281936
0.20066889632107 0.0449103889010364
0.234113712374582 0.0458899849783942
0.267558528428094 0.0468898992214445
0.301003344481605 0.0479105069173189
0.334448160535117 0.0489521882549743
0.367892976588629 0.0500153282958634
0.40133779264214 0.0511003169391693
0.434782608695652 0.0522075488813644
0.468227424749164 0.0533374235698461
0.501672240802676 0.0544903451503999
0.535117056856187 0.0556667224082331
0.568561872909699 0.0568669687023186
0.602006688963211 0.0580915018927842
0.635451505016722 0.0593407442610762
0.668896321070234 0.060615122422627
0.702341137123746 0.061915067231746
0.735785953177257 0.0632410136784568
0.769230769230769 0.0645934007769951
0.802675585284281 0.0659726714456831
0.836120401337793 0.0673792723778913
0.869565217391304 0.0688136539038005
0.903010033444816 0.0702762698426712
0.936454849498328 0.0717675773453322
0.969899665551839 0.0732880367265972
1.00334448160535 0.0748381112873188
1.03678929765886 0.0764182671257944
1.07023411371237 0.0780289729382373
1.10367892976589 0.0796706998080309
1.1371237458194 0.0813439209834886
1.17056856187291 0.0830491116438461
1.20401337792642 0.0847867486532199
1.23745819397993 0.0865573103022707
1.27090301003344 0.0883612760373212
1.30434782608696 0.0901991261766863
1.33779264214047 0.0920713416139814
1.37123745819398 0.0939784035081912
1.40468227424749 0.0959207929602892
1.438127090301 0.0978989906762169
1.47157190635451 0.099913476616044
1.50501672240803 0.101964729629149
1.53846153846154 0.104053227075282
1.57190635451505 0.106179444431382
1.60535117056856 0.108343854884056
1.63879598662207 0.110546928907639
1.67224080267559 0.112789133827787
1.7056856187291 0.115070933370575
1.73913043478261 0.117392787197105
1.77257525083612 0.119755150423666
1.80602006688963 0.122158473127496
1.83946488294314 0.12460319983826
1.87290969899666 0.127089769015379
1.90635451505017 0.129618612511366
1.93979933110368 0.132190155021409
1.97324414715719 0.134804813519427
2.0066889632107 0.137462996680908
2.04013377926421 0.140165104292864
2.07357859531773 0.142911526651295
2.10702341137124 0.14570264394658
2.14046822742475 0.1485388256373
2.17391304347826 0.151420429812994
2.20735785953177 0.154347802546463
2.24080267558528 0.157321277236245
2.2742474916388 0.160341173939941
2.30769230769231 0.163407798699168
2.34113712374582 0.166521442856909
2.37458193979933 0.169682382368151
2.40802675585284 0.172890877104695
2.44147157190635 0.176147170155151
2.47491638795987 0.179451487121114
2.50836120401338 0.182804035410638
2.54180602006689 0.18620500353015
2.5752508361204 0.189654560376004
2.60869565217391 0.193152854526941
2.64214046822742 0.196700013538785
2.67558528428094 0.200296143242727
2.70903010033445 0.203941327048635
2.74247491638796 0.207635625254876
2.77591973244147 0.211379074366145
2.80936454849498 0.21517168642091
2.84280936454849 0.219013448330059
2.87625418060201 0.222904321228415
2.90969899665552 0.226844239840822
2.94314381270903 0.230833111864504
2.97658862876254 0.234870817369473
3.01003344481605 0.238957208218763
3.04347826086956 0.24309210751027
3.07692307692308 0.247275309042044
3.11036789297659 0.251506576802825
3.1438127090301 0.25578564448968
3.17725752508361 0.260112215054541
3.21070234113712 0.26448596028148
3.24414715719064 0.268906520396512
3.27759197324415 0.273373503711714
3.31103678929766 0.277886486305408
3.34448160535117 0.282445011740122
3.37792642140468 0.287048590820014
3.41137123745819 0.291696701389369
3.44481605351171 0.296388788173736
3.47826086956522 0.301124262665217
3.51170568561873 0.305902503053322
3.54515050167224 0.310722854202739
3.57859531772575 0.315584627679286
3.61204013377926 0.320487101825192
3.64548494983278 0.325429521884788
3.67892976588629 0.330411100181542
3.7123745819398 0.335431016347278
3.74581939799331 0.340488417604301
3.77926421404682 0.34558241910099
3.81270903010033 0.350712104301331
3.84615384615385 0.355876525428677
3.87959866220736 0.361074703963916
3.91304347826087 0.366305631198051
3.94648829431438 0.371568268839047
3.97993311036789 0.376861549672673
4.0133779264214 0.38218437827685
4.04682274247492 0.387535631788929
4.08026755852843 0.392914160725081
4.11371237458194 0.398318789850899
4.14715719063545 0.403748319102074
4.18060200668896 0.409201524553908
4.21404682274247 0.414677159438224
4.24749163879599 0.420173955206103
4.2809364548495 0.425690622634702
4.31438127090301 0.431225852976278
4.34782608695652 0.436778319147386
4.38127090301003 0.442346676956077
4.41471571906354 0.447929566364794
4.44816053511706 0.453525612786545
4.48160535117057 0.459133428411792
4.51505016722408 0.464751613563407
4.54849498327759 0.47037875807693
4.5819397993311 0.476013442703279
4.61538461538461 0.481654240530981
4.64882943143813 0.487299718424905
4.68227424749164 0.492948438478446
4.71571906354515 0.498598959476034
4.74916387959866 0.504249838362817
4.78260869565217 0.509899631718329
4.81605351170569 0.515546897230955
4.8494983277592 0.52119019516999
4.88294314381271 0.5268280898521
4.91638795986622 0.532459151099019
4.94983277591973 0.538081955683336
4.98327759197324 0.543695088759294
5.01672240802676 0.549297145275544
5.05016722408027 0.554886731366905
5.08361204013378 0.560462465722209
5.11705685618729 0.566022980925456
5.1505016722408 0.571566924767535
5.18394648829431 0.577092961525935
5.21739130434783 0.582599773209941
5.25083612040134 0.588086060768955
5.28428093645485 0.593550545261697
5.31772575250836 0.598991968984204
5.35117056856187 0.604409096554648
5.38461538461538 0.609800715953174
5.4180602006689 0.615165639515109
5.45150501672241 0.620502704876016
5.48494983277592 0.625810775867278
5.51839464882943 0.631088743361008
5.55183946488294 0.636335526063273
5.58528428093645 0.641550071254778
5.61872909698997 0.646731355478304
5.65217391304348 0.651878385172373
5.68561872909699 0.656990197250771
5.7190635451505 0.662065859627698
5.75250836120401 0.667104471688499
5.78595317725753 0.672105164706052
5.81939799331104 0.677067102203067
5.85284280936455 0.681989480260652
5.88628762541806 0.686871527773688
5.91973244147157 0.691712506653647
5.95317725752508 0.69651171197962
5.9866220735786 0.701268472098481
6.02006688963211 0.705982148675148
6.05351170568562 0.710652136694105
6.08695652173913 0.715277864413345
6.12040133779264 0.719858793272091
6.15384615384615 0.724394417753633
6.18729096989967 0.728884265204783
6.22073578595318 0.733327895613468
6.25418060200669 0.737724901346044
6.2876254180602 0.742074906846006
6.32107023411371 0.746377568295774
6.35451505016722 0.750632573243285
6.38795986622074 0.754839640195177
6.42140468227425 0.758998518178345
6.45484949832776 0.763108986271671
6.48829431438127 0.767170853109783
6.52173913043478 0.771183956360622
6.55518394648829 0.775148162178697
6.58862876254181 0.779063364635796
6.62207357859532 0.782929485131006
6.65551839464883 0.786746471781801
6.68896321070234 0.790514298797979
6.72240802675585 0.794232965840183
6.75585284280936 0.797902497364731
6.78929765886288 0.8015229419564
6.82274247491639 0.805094371650829
6.8561872909699 0.808616881248118
6.88963210702341 0.812090587619178
6.92307692307692 0.815515629006325
6.95652173913043 0.818892164319584
6.98996655518395 0.822220372430084
7.02341137123746 0.825500451461906
7.05685618729097 0.828732618083659
7.09030100334448 0.831917106801035
7.12374581939799 0.835054169251507
7.1571906354515 0.838144073502295
7.19063545150502 0.841187103352665
7.22408026755853 0.844183557641558
7.25752508361204 0.847133749561498
7.29096989966555 0.850038005979677
7.32441471571906 0.852896666767027
7.35785953177257 0.855710084136073
7.39130434782609 0.858478621988275
7.4247491638796 0.86120265527153
7.45819397993311 0.863882569348434
7.49163879598662 0.866518759375876
7.52508361204013 0.869111629696457
7.55852842809364 0.871661593242202
7.59197324414716 0.874169070950961
7.62541806020067 0.876634491195873
7.65886287625418 0.879058289228212
7.69230769230769 0.881440906633866
7.7257525083612 0.883782790803708
7.75919732441471 0.88608439441804
7.79264214046823 0.888346174945255
7.82608695652174 0.89056859415485
7.85953177257525 0.89275211764486
7.89297658862876 0.894897214383771
7.92642140468227 0.897004356266927
7.95986622073579 0.899074017687421
7.9933110367893 0.901106675121431
8.02675585284281 0.903102806727939
8.06020066889632 0.905062891962746
8.09364548494983 0.906987411206666
8.12709030100334 0.908876845407775
8.16053511705686 0.910731675737558
8.19397993311037 0.912552383260787
8.22742474916388 0.91433944861895
8.26086956521739 0.916093351727017
8.2943143812709 0.917814571483342
8.32775919732441 0.919503585492471
8.36120401337793 0.921160869800616
8.39464882943144 0.922786898643547
8.42809364548495 0.924382144206652
8.46153846153846 0.925947076396892
8.49498327759197 0.927482162626397
8.52842809364548 0.928987867607404
8.561872909699 0.930464653158275
8.59531772575251 0.931912978020315
8.62876254180602 0.933333297685079
8.66220735785953 0.934726064231904
8.69565217391304 0.936091726175368
8.72909698996656 0.937430728322378
8.76254180602007 0.938743511638606
8.79598662207358 0.940030513123983
8.82943143812709 0.941292165696955
8.8628762541806 0.94252889808722
8.89632107023411 0.943741134736662
8.92976588628762 0.944929295708197
8.96321070234114 0.946093796602251
8.99665551839465 0.947235048480607
9.03010033444816 0.948353457797327
9.06354515050167 0.949449426336505
9.09698996655518 0.950523351156573
9.1304347826087 0.95157562454091
9.16387959866221 0.95260663395449
9.19732441471572 0.953616762006337
9.23076923076923 0.95460638641753
9.26421404682274 0.955575879994519
9.29765886287625 0.956525610607539
9.33110367892977 0.957455941173866
9.36454849498328 0.958367229645716
9.39799331103679 0.959259829002569
9.4314381270903 0.960134087247694
9.46488294314381 0.960990347408684
9.49832775919732 0.961828947541804
9.53177257525084 0.962650220739944
9.56521739130435 0.963454495144011
9.59866220735786 0.964242093957559
9.63210702341137 0.965013335464502
9.66555183946488 0.965768533049712
9.69899665551839 0.966507995222375
9.73244147157191 0.967232025641907
9.76588628762542 0.967940923146311
9.79933110367893 0.968634981782798
9.83277591973244 0.969314490840552
9.86622073578595 0.969979734885488
9.89966555183946 0.970630993796876
9.93311036789298 0.971268542805703
9.96655518394649 0.971892652534644
10 0.972503589039537
