0 0.0367103496995152
0.0334448160535117 0.0375407708630677
0.0668896321070234 0.0383892282821426
0.100334448160535 0.0392560795178652
0.133779264214047 0.040141687660056
0.167224080267559 0.0410464213392216
0.20066889632107 0.0419706547344421
0.234113712374582 0.0429147675769262
0.267558528428094 0.0438791451489979
0.301003344481605 0.0448641782782739
0.334448160535117 0.0458702633267795
0.367892976588629 0.0468978021747476
0.40133779264214 0.0479472021988351
0.434782608695652 0.0490188762444876
0.468227424749164 0.0501132425921719
0.501672240802676 0.0512307249171921
0.535117056856187 0.0523717522427992
0.568561872909699 0.0535367588862926
0.602006688963211 0.054726184397812
0.635451505016722 0.0559404734915075
0.668896321070234 0.0571800759687707
0.702341137123746 0.0584454466332062
0.735785953177257 0.0597370451970154
0.769230769230769 0.0610553361784591
0.802675585284281 0.0624007887900647
0.836120401337793 0.0637738768172354
0.869565217391304 0.0651750784869183
0.903010033444816 0.0666048763259834
0.936454849498328 0.0680637570089663
0.969899665551839 0.0695522111948212
1.00334448160535 0.0710707333523342
1.03678929765886 0.0726198215738443
1.07023411371237 0.0741999773769215
1.10367892976589 0.0758117054936515
1.1371237458194 0.0774555136471807
1.17056856187291 0.0791319123151782
1.20401337792642 0.0808414144798755
1.23745819397993 0.0825845353643512
1.27090301003344 0.0843617921547351
1.30434782608696 0.0861737037080139
1.33779264214047 0.0880207902451308
1.37123745819398 0.0899035730290821
1.40468227424749 0.0918225740277272
1.438127090301 0.0937783155610417
1.47157190635451 0.0957713199325596
1.50501672240803 0.0978021090447689
1.53846153846154 0.0998712039982423
1.57190635451505 0.101979124674308
1.60535117056856 0.104126389301087
1.63879598662207 0.106313514002751
1.67224080267559 0.108541012331875
1.7056856187291 0.110809394784801
1.73913043478261 0.113119168299946
1.77257525083612 0.115470835739027
1.80602006688963 0.117864895351217
1.83946488294314 0.120301840220275
1.87290969899666 0.122782157694736
1.90635451505017 0.12530632880129
1.93979933110368 0.127874827641526
1.97324414715719 0.130488120772261
2.0066889632107 0.13314666656972
2.04013377926421 0.135850914577892
2.07357859531773 0.138601304841439
2.10702341137124 0.141398267223578
2.14046822742475 0.144242220709437
2.17391304347826 0.147133572695431
2.20735785953177 0.150072718265254
2.24080267558528 0.153060039453183
2.2742474916388 0.156095904495414
2.30769230769231 0.159180667070249
2.34113712374582 0.162314665528
2.37458193979933 0.165498222111552
2.40802675585284 0.168731642168614
2.44147157190635 0.172015213356721
2.47491638795987 0.175349204842159
2.50836120401338 0.178733866494048
2.54180602006689 0.182169428074859
2.5752508361204 0.185656098428772
2.60869565217391 0.189194064669291
2.64214046822742 0.192783491367653
2.67558528428094 0.196424519743602
2.70903010033445 0.200117266860191
2.74247491638796 0.203861824824323
2.77591973244147 0.207658259994822
2.80936454849498 0.21150661219987
2.84280936454849 0.215406893965716
2.87625418060201 0.219359089758611
2.90969899665552 0.223363155241981
2.94314381270903 0.227419016550876
2.97658862876254 0.231526569585803
3.01003344481605 0.235685679328066
3.04347826086956 0.239896179178768
3.07692307692308 0.244157870323664
3.11036789297659 0.248470521126063
3.1438127090301 0.252833866549989
3.17725752508361 0.257247607615814
3.21070234113712 0.261711410890573
3.24414715719064 0.266224908015165
3.27759197324415 0.270787695270595
3.31103678929766 0.275399333185431
3.34448160535117 0.280059346186553
3.37792642140468 0.284767222295276
3.41137123745819 0.289522412870838
3.44481605351171 0.294324332403187
3.47826086956522 0.299172358356926
3.51170568561873 0.304065831068194
3.54515050167224 0.309004053696146
3.57859531772575 0.313986292230618
3.61204013377926 0.319011775557422
3.64548494983278 0.324079695582601
3.67892976588629 0.329189207416854
3.7123745819398 0.334339429621174
3.74581939799331 0.339529444514614
3.77926421404682 0.344758298544923
3.81270903010033 0.350025002722635
3.84615384615385 0.355328533119011
3.87959866220736 0.360667831428089
3.91304347826087 0.366041805592844
3.94648829431438 0.371449330495354
3.97993311036789 0.376889248710599
4.0133779264214 0.382360371323382
4.04682274247492 0.387861478807606
4.08026755852843 0.393391321966993
4.11371237458194 0.398948622936087
4.14715719063545 0.404532076240201
4.18060200668896 0.410140349912765
4.21404682274247 0.415772086668326
4.24749163879599 0.421425905129269
4.2809364548495 0.427100401104117
4.31438127090301 0.432794148915107
4.34782608695652 0.438505702772535
4.38127090301003 0.444233598193214
4.41471571906354 0.449976353460202
4.44816053511706 0.455732471120828
4.48160535117057 0.461500439519863
4.51505016722408 0.467278734364603
4.54849498327759 0.473065820318446
4.5819397993311 0.478860152619486
4.61538461538461 0.484660178720529
4.64882943143813 0.490464339946839
4.68227424749164 0.496271073167892
4.71571906354515 0.502078812479317
4.74916387959866 0.50788599089119
4.78260869565217 0.513691042018824
4.81605351170569 0.519492401772159
4.8494983277592 0.525288510039911
4.88294314381271 0.531077812364597
4.91638795986622 0.536858761604653
4.94983277591973 0.542629819579863
4.98327759197324 0.548389458696405
5.01672240802676 0.554136163547902
5.05016722408027 0.559868432488945
5.08361204013378 0.565584779177674
5.11705685618729 0.57128373408411
5.1505016722408 0.576963845961076
5.18394648829431 0.582623683274678
5.21739130434783 0.588261835591457
5.25083612040134 0.593876914919521
5.28428093645485 0.599467557001085
5.31772575250836 0.605032422554075
5.35117056856187 0.610570198460594
5.38461538461538 0.616079598900271
5.4180602006689 0.621559366426682
5.45150501672241 0.627008272985246
5.48494983277592 0.632425120871199
5.51839464882943 0.63780874362643
5.55183946488294 0.643158006874205
5.58528428093645 0.648471809090966
5.61872909698997 0.653749082314614
5.65217391304348 0.658988792788886
5.68561872909699 0.66418994154362
5.7190635451505 0.669351564910893
5.75250836120401 0.674472734977227
5.78595317725753 0.679552559972198
5.81939799331104 0.684590184593993
5.85284280936455 0.689584790272623
5.88628762541806 0.69453559537163
5.91973244147157 0.699441855329329
5.95317725752508 0.704302862740723
5.9866220735786 0.709117947381401
6.02006688963211 0.713886476174826
6.05351170568562 0.718607853104561
6.08695652173913 0.723281519073082
6.12040133779264 0.727906951708914
6.15384615384615 0.73248366512393
6.18729096989967 0.737011209622735
6.22073578595318 0.741489171366099
6.25418060200669 0.7459171719905
6.2876254180602 0.75029486818586
6.32107023411371 0.754621951233624
6.35451505016722 0.758898146507324
6.38795986622074 0.763123212937848
6.42140468227425 0.767296942445602
6.45484949832776 0.771419159341782
6.48829431438127 0.775489719700972
6.52173913043478 0.77950851070727
6.55518394648829 0.783475449976132
6.58862876254181 0.78739048485409
6.62207357859532 0.791253591698505
6.65551839464883 0.795064775139429
6.68896321070234 0.79882406732567
6.72240802675585 0.802531527157052
6.75585284280936 0.806187239504863
6.78929765886288 0.809791314422394
6.82274247491639 0.813343886347441
6.8561872909699 0.816845113298552
6.88963210702341 0.82029517606678
6.92307692307692 0.8236942774046
6.95652173913043 0.827042641213589
6.98996655518395 0.830340511732423
7.02341137123746 0.833588152726643
7.05685618729097 0.836785846681584
7.09030100334448 0.839933893999795
7.12374581939799 0.843032612204199
7.1571906354515 0.846082335148169
7.19063545150502 0.849083412233619
7.22408026755853 0.85203620763816
7.25752508361204 0.854941099552271
7.29096989966555 0.857798479427382
7.32441471571906 0.860608751235702
7.35785953177257 0.863372330742531
7.39130434782609 0.866089644791771
7.4247491638796 0.868761130605253
7.45819397993311 0.871387235096432
7.49163879598662 0.873968414198992
7.52508361204013 0.876505132210761
7.55852842809364 0.878997861153368
7.59197324414716 0.881447080147948
7.62541806020067 0.883853274807204
7.65886287625418 0.886216936644033
7.69230769230769 0.888538562496929
7.7257525083612 0.89081865397229
7.75919732441471 0.893057716903725
7.79264214046823 0.89525626082843
7.82608695652174 0.897414798480646
7.85953177257525 0.899533845302175
7.89297658862876 0.90161391896992
7.92642140468227 0.903655538940346
7.95986622073579 0.905659226010767
7.9933110367893 0.907625501897304
8.02675585284281 0.90955488882936
8.06020066889632 0.911447909160417
8.09364548494983 0.913305084994938
8.12709030100334 0.915126937831157
8.16053511705686 0.916913988219491
8.19397993311037 0.918666755436327
8.22742474916388 0.920385757172885
8.26086956521739 0.922071509238877
8.2943143812709 0.92372452528065
8.32775919732441 0.925345316513506
8.36120401337793 0.926934391467868
8.39464882943144 0.928492255748955
8.42809364548495 0.930019411809655
8.46153846153846 0.931516358736217
8.49498327759197 0.932983592046445
8.52842809364548 0.934421603500038
8.561872909699 0.935830880920709
8.59531772575251 0.937211908029759
8.62876254180602 0.938565164290726
8.66220735785953 0.939891124764785
8.69565217391304 0.941190259976523
8.72909698996656 0.942463035789759
8.76254180602007 0.943709913293061
8.79598662207358 0.944931348694612
8.82943143812709 0.946127793226095
8.8628762541806 0.947299693055253
8.89632107023411 0.948447489206814
8.92976588628762 0.949571617491429
8.96321070234114 0.950672508442337
8.99665551839465 0.95175058725942
9.03010033444816 0.952806273760347
9.06354515050167 0.95383998233852
9.09698996655518 0.954852121927512
9.1304347826087 0.955843095971716
9.16387959866221 0.956813302402926
9.19732441471572 0.957763133622578
9.23076923076923 0.958692976489386
9.26421404682274 0.9596032123121
9.29765886287625 0.960494216847154
9.33110367892977 0.961366360300949
9.36454849498328 0.962220007336532
9.39799331103679 0.963055517084442
9.4314381270903 0.963873243157505
9.46488294314381 0.964673533669351
9.49832775919732 0.965456731256458
9.53177257525084 0.966223173103503
9.56521739130435 0.966973190971844
9.59866220735786 0.967707111230928
9.63210702341137 0.96842525489245
9.66555183946488 0.969127937647097
9.69899665551839 0.969815469903683
9.73244147157191 0.970488156830543
9.76588628762542 0.971146298399007
9.79933110367893 0.971790189428814
9.83277591973244 0.972420119635325
9.86622073578595 0.973036373678379
9.89966555183946 0.97363923121269
9.93311036789298 0.974228966939626
9.96655518394649 0.974805850660268
10 0.97537014732963
