0 0.00164218526038696
0.0334448160535117 0.00170530463325756
0.0668896321070234 0.0017708457721586
0.100334448160535 0.0018389012583802
0.133779264214047 0.00190956718608323
0.167224080267559 0.00198294329352088
0.20066889632107 0.00205913309899908
0.234113712374582 0.00213824404173427
0.267558528428094 0.00222038762777083
0.301003344481605 0.00230567958112497
0.334448160535117 0.00239424000032604
0.367892976588629 0.00248619352053058
0.40133779264214 0.00258166948138862
0.434782608695652 0.002680802100846
0.468227424749164 0.00278373065507069
0.501672240802676 0.00289059966469532
0.535117056856187 0.0030015590875719
0.568561872909699 0.00311676451823925
0.602006688963211 0.00323637739430692
0.635451505016722 0.00336056520996354
0.668896321070234 0.00348950173682096
0.702341137123746 0.00362336725230894
0.735785953177257 0.00376234877583828
0.769230769230769 0.00390664031295339
0.802675585284281 0.00405644310769746
0.836120401337793 0.00421196590341636
0.869565217391304 0.0043734252122286
0.903010033444816 0.00454104559339079
0.936454849498328 0.00471505994078859
0.969899665551839 0.00489570977978395
1.00334448160535 0.00508324557364927
1.03678929765886 0.00527792703981827
1.07023411371237 0.00548002347618217
1.10367892976589 0.00568981409765717
1.1371237458194 0.00590758838324652
1.17056856187291 0.00613364643381614
1.20401337792642 0.00636829934079763
1.23745819397993 0.00661186956602655
1.27090301003344 0.00686469133291588
1.30434782608696 0.00712711102915617
1.33779264214047 0.00739948762112316
1.37123745819398 0.00768219308016192
1.40468227424749 0.00797561282090268
1.438127090301 0.00828014615174802
1.47157190635451 0.00859620673765329
1.50501672240803 0.00892422307530235
1.53846153846154 0.00926463898075825
1.57190635451505 0.00961791408964384
1.60535117056856 0.00998452436987932
1.63879598662207 0.0103649626469733
1.67224080267559 0.0107597391418303
1.7056856187291 0.011169382020999
1.73913043478261 0.0115944379592474
1.77257525083612 0.012035472714302
1.80602006688963 0.0124930717135431
1.83946488294314 0.0129678406523914
1.87290969899666 0.0134604061040648
1.90635451505017 0.0139714161403194
1.93979933110368 0.0145015409627206
1.97324414715719 0.0150514735439144
2.0066889632107 0.0156219302782895
2.04013377926421 0.0162136516413333
2.07357859531773 0.016827402856889
2.10702341137124 0.0174639745714227
2.14046822742475 0.0181241835342994
2.17391304347826 0.0188088732829483
2.20735785953177 0.0195189148316768
2.24080267558528 0.0202552073627555
2.2742474916388 0.0210186789182556
2.30769230769231 0.0218102870909678
2.34113712374582 0.0226310197125704
2.37458193979933 0.0234818955370406
2.40802675585284 0.0243639649171247
2.44147157190635 0.0252783104714842
2.47491638795987 0.0262260477399369
2.50836120401338 0.0272083258239926
2.54180602006689 0.0282263280096584
2.5752508361204 0.0292812723692502
2.60869565217391 0.0303744123386986
2.64214046822742 0.0315070372665732
2.67558528428094 0.0326804729307828
2.70903010033445 0.0338960820186181
2.74247491638796 0.0351552645655164
2.77591973244147 0.0364594583476178
2.80936454849498 0.0378101392228705
2.84280936454849 0.0392088214151196
2.87625418060201 0.0406570577352809
2.90969899665552 0.0421564397333632
2.94314381270903 0.0437085977747606
2.97658862876254 0.0453152010338853
3.01003344481605 0.0469779573978649
3.04347826086956 0.048698613272675
3.07692307692308 0.0504789532837335
3.11036789297659 0.0523207998626397
3.1438127090301 0.0542260127114064
3.17725752508361 0.0561964881352145
3.21070234113712 0.0582341582344107
3.24414715719064 0.0603409899461829
3.27759197324415 0.0625189839260891
3.31103678929766 0.0647701732593801
3.34448160535117 0.0670966219918635
3.37792642140468 0.0695004234698981
3.41137123745819 0.0719836984790025
3.44481605351171 0.0745485931705085
3.47826086956522 0.0771972767656994
3.51170568561873 0.0799319390269491
3.54515050167224 0.0827547874855396
3.57859531772575 0.085668044416072
3.61204013377926 0.0886739435477254
3.64548494983278 0.0917747265030598
3.67892976588629 0.0949726389556095
3.7123745819398 0.0982699264981929
3.74581939799331 0.101668830214665
3.77926421404682 0.105171581948791
3.81270903010033 0.108780399265
3.84615384615385 0.112497480097047
3.87959866220736 0.116324997081996
3.91304347826087 0.120265091578539
3.94648829431438 0.124319867370412
3.97993311036789 0.128491384057601
4.0133779264214 0.132781650140137
4.04682274247492 0.137192615801598
4.08026755852843 0.141726165401868
4.11371237458194 0.146384109691391
4.14715719063545 0.151168177761936
4.18060200668896 0.156080008751892
4.21404682274247 0.161121143327218
4.24749163879599 0.1662930149624
4.2809364548495 0.171596941049172
4.31438127090301 0.177034113864142
4.34782608695652 0.182605591430011
4.38127090301003 0.188312288308567
4.41471571906354 0.194154966367174
4.44816053511706 0.200134225563941
4.48160535117057 0.206250494800116
4.51505016722408 0.212504022891523
4.54849498327759 0.218894869713895
4.5819397993311 0.225422897579766
4.61538461538461 0.232087762907125
4.64882943143813 0.238888908242208
4.68227424749164 0.245825554700552
4.71571906354515 0.252896694891774
4.74916387959866 0.260101086394314
4.78260869565217 0.267437245846621
4.81605351170569 0.274903443720851
4.8494983277592 0.282497699844143
4.88294314381271 0.290217779730737
4.91638795986622 0.298061191785777
4.94983277591973 0.30602518543838
4.98327759197324 0.314106750257596
5.01672240802676 0.322302616100098
5.05016722408027 0.330609254332959
5.08361204013378 0.339022880168609
5.11705685618729 0.347539456142113
5.1505016722408 0.356154696753324
5.18394648829431 0.364864074288235
5.21739130434783 0.373662825825161
5.25083612040134 0.382545961422192
5.28428093645485 0.391508273472869
5.31772575250836 0.400544347207292
5.35117056856187 0.409648572305992
5.38461538461538 0.418815155584074
5.4180602006689 0.428038134693358
5.45150501672241 0.437311392780826
5.48494983277592 0.446628674032559
5.51839464882943 0.455983600023802
5.55183946488294 0.465369686787891
5.58528428093645 0.474780362509574
5.61872909698997 0.484208985742012
5.65217391304348 0.493648864041377
5.68561872909699 0.503093272908714
5.7190635451505 0.512535474925541
5.75250836120401 0.521968738967669
5.78595317725753 0.531386359380905
5.81939799331104 0.540781675002699
5.85284280936455 0.550148087915389
5.88628762541806 0.559479081819487
5.91973244147157 0.568768239919324
5.95317725752508 0.57800926221838
5.9866220735786 0.587195982127579
6.02006688963211 0.596322382296699
6.05351170568562 0.605382609586725
6.08695652173913 0.614370989109338
6.12040133779264 0.623282037268618
6.15384615384615 0.632110473749429
6.18729096989967 0.640851232406591
6.22073578595318 0.649499471018764
6.25418060200669 0.658050579880869
6.2876254180602 0.666500189218647
6.32107023411371 0.674844175418564
6.35451505016722 0.683078666075564
6.38795986622074 0.691200043870049
6.42140468227425 0.699204949293869
6.45484949832776 0.707090282252912
6.48829431438127 0.714853202581072
6.52173913043478 0.722491129506867
6.55518394648829 0.730001740119744
6.58862876254181 0.737382966888128
6.62207357859532 0.744632994285525
6.65551839464883 0.751750254584465
6.68896321070234 0.75873342288082
6.72240802675585 0.765581411413012
6.75585284280936 0.772293363241902
6.78929765886288 0.778868645357779
6.82274247491639 0.785306841280847
6.8561872909699 0.791607743220972
6.88963210702341 0.797771343861362
6.92307692307692 0.803797827829188
6.95652173913043 0.809687562914149
6.98996655518395 0.815441091093547
7.02341137123746 0.821059119419744
7.05685618729097 0.826542510822858
7.09030100334448 0.831892274878423
7.12374581939799 0.837109558586351
7.1571906354515 0.842195637204115
7.19063545150502 0.847151905173582
7.22408026755853 0.851979867177352
7.25752508361204 0.856681129357001
7.29096989966555 0.861257390722118
7.32441471571906 0.865710434775652
7.35785953177257 0.870042121377815
7.39130434782609 0.874254378867591
7.4247491638796 0.878349196457905
7.45819397993311 0.882328616917605
7.49163879598662 0.886194729550754
7.52508361204013 0.889949663481121
7.55852842809364 0.893595581247497
7.59197324414716 0.897134672713194
7.62541806020067 0.900569149291166
7.65886287625418 0.903901238484328
7.69230769230769 0.907133178739029
7.7257525083612 0.910267214608167
7.75919732441471 0.91330559221912
7.79264214046823 0.916250555040528
7.82608695652174 0.919104339940966
7.85953177257525 0.9218691735317
7.89297658862876 0.924547268784974
7.92642140468227 0.927140821918733
7.95986622073579 0.929652009538139
7.9933110367893 0.932082986023932
8.02675585284281 0.934435881157367
8.06020066889632 0.936712797971298
8.09364548494983 0.938915810816862
8.12709030100334 0.941046963635197
8.16053511705686 0.94310826842364
8.19397993311037 0.945101703885968
8.22742474916388 0.947029214256355
8.26086956521739 0.948892708286927
8.2943143812709 0.950694058388996
8.32775919732441 0.952435099918322
8.36120401337793 0.954117630595016
8.39464882943144 0.955743410049016
8.42809364548495 0.957314159482359
8.46153846153846 0.958831561439827
8.49498327759197 0.960297259679862
8.52842809364548 0.961712859138019
8.561872909699 0.963079925975542
8.59531772575251 0.96439998770602
8.62876254180602 0.965674533393431
8.66220735785953 0.966905013915211
8.69565217391304 0.968092842284332
8.72909698996656 0.969239394024721
8.76254180602007 0.970346007594653
8.79598662207358 0.971413984853099
8.82943143812709 0.972444591564275
8.8628762541806 0.973439057935995
8.89632107023411 0.974398579187654
8.92976588628762 0.975324316143999
8.96321070234114 0.976217395851076
8.99665551839465 0.977078912210994
9.03010033444816 0.977909926632432
9.06354515050167 0.97871146869397
9.09698996655518 0.97948453681763
9.1304347826087 0.980230098950144
9.16387959866221 0.980949093249721
9.19732441471572 0.981642428776229
9.23076923076923 0.982310986182913
9.26421404682274 0.98295561840792
9.29765886287625 0.983577151364058
9.33110367892977 0.984176384625368
9.36454849498328 0.984754092109218
9.39799331103679 0.98531102275276
9.4314381270903 0.985847901182718
9.46488294314381 0.986365428377555
9.49832775919732 0.986864282321226
9.53177257525084 0.987345118647756
9.56521739130435 0.987808571276029
9.59866220735786 0.988255253034212
9.63210702341137 0.988685756273352
9.66555183946488 0.989100653469725
9.69899665551839 0.989500497815591
9.73244147157191 0.98988582379809
9.76588628762542 0.990257147766034
9.79933110367893 0.990614968484416
9.83277591973244 0.99095976767653
9.86622073578595 0.991292010553576
9.89966555183946 0.991612146331737
9.93311036789298 0.991920608736687
9.96655518394649 0.992217816495559
10 0.992504173816418
