0 0.0357448619879267
0.0334448160535117 0.0365410431585946
0.0668896321070234 0.037354271468442
0.100334448160535 0.0381848810365278
0.133779264214047 0.0390332111429201
0.167224080267559 0.0398996062441247
0.20066889632107 0.0407844159850414
0.234113712374582 0.0416879952072511
0.267558528428094 0.04261070395343
0.301003344481605 0.0435529074676855
0.334448160535117 0.0445149761915962
0.367892976588629 0.0454972857557366
0.40133779264214 0.0465002169664595
0.434782608695652 0.0475241557877006
0.468227424749164 0.0485694933175683
0.501672240802676 0.0496366257594708
0.535117056856187 0.0507259543875289
0.568561872909699 0.0518378855060178
0.602006688963211 0.052972830402573
0.635451505016722 0.0541312052948913
0.668896321070234 0.0553134312706525
0.702341137123746 0.0565199342203817
0.735785953177257 0.0577511447629665
0.769230769230769 0.05900749816354
0.802675585284281 0.0602894342434361
0.836120401337793 0.0615973972819162
0.869565217391304 0.0629318359093689
0.903010033444816 0.0642932029916744
0.936454849498328 0.0656819555054273
0.969899665551839 0.0670985544037064
1.00334448160535 0.0685434644720802
1.03678929765886 0.0700171541745333
1.07023411371237 0.0715200954890016
1.10367892976589 0.073052763732201
1.1371237458194 0.0746156373734372
1.17056856187291 0.0762091978370854
1.20401337792642 0.0778339292934306
1.23745819397993 0.0794903184375647
1.27090301003344 0.0811788542560368
1.30434782608696 0.0829000277809636
1.33779264214047 0.0846543318313089
1.37123745819398 0.0864422607410518
1.40468227424749 0.0882643100739702
1.438127090301 0.090120976324776
1.47157190635451 0.0920127566063524
1.50501672240803 0.0939401483228522
1.53846153846154 0.0959036488284337
1.57190635451505 0.0979037550714247
1.60535117056856 0.0999409632237219
1.63879598662207 0.102015768295254
1.67224080267559 0.104128663733353
1.7056856187291 0.106280141006905
1.73913043478261 0.108470689175172
1.77257525083612 0.110700794441203
1.80602006688963 0.112970939689785
1.83946488294314 0.115281604009897
1.87290969899666 0.117633262201691
1.90635451505017 0.12002638426802
1.93979933110368 0.122461434890608
1.97324414715719 0.124938872890954
2.0066889632107 0.127459150676135
2.04013377926421 0.130022713669693
2.07357859531773 0.132629999727842
2.10702341137124 0.135281438541273
2.14046822742475 0.137977451022887
2.17391304347826 0.140718448681826
2.20735785953177 0.143504832984228
2.24080267558528 0.14633699470119
2.2742474916388 0.149215313244457
2.30769230769231 0.152140155990441
2.34113712374582 0.155111877593194
2.37458193979933 0.158130819287057
2.40802675585284 0.16119730817973
2.44147157190635 0.164311656536591
2.47491638795987 0.167474161057161
2.50836120401338 0.170685102144628
2.54180602006689 0.173944743169481
2.5752508361204 0.177253329728292
2.60869565217391 0.180611088898797
2.64214046822742 0.184018228492481
2.67558528428094 0.187474936305911
2.70903010033445 0.190981379372157
2.74247491638796 0.194537703213684
2.77591973244147 0.198144031098152
2.80936454849498 0.201800463298647
2.84280936454849 0.20550707635988
2.87625418060201 0.209263922371998
2.90969899665552 0.213071028253654
2.94314381270903 0.216928395046067
2.97658862876254 0.220835997219831
3.01003344481605 0.224793781996281
3.04347826086956 0.228801668685265
3.07692307692308 0.232859548041194
3.11036789297659 0.236967281639294
3.1438127090301 0.241124701273973
3.17725752508361 0.24533160838128
3.21070234113712 0.249587773487402
3.24414715719064 0.253892935685187
3.27759197324415 0.258246802140662
3.31103678929766 0.262649047631511
3.34448160535117 0.267099314119479
3.37792642140468 0.271597210358625
3.41137123745819 0.276142311541343
3.44481605351171 0.28073415898401
3.47826086956522 0.285372259854103
3.51170568561873 0.290056086940551
3.54515050167224 0.294785078469038
3.57859531772575 0.299558637963915
3.61204013377926 0.304376134158277
3.64548494983278 0.309236900953707
3.67892976588629 0.314140237431062
3.7123745819398 0.319085407913615
3.74581939799331 0.324071642083705
3.77926421404682 0.329098135153988
3.81270903010033 0.334164048094215
3.84615384615385 0.339268507914334
3.87959866220736 0.344410608004609
3.91304347826087 0.349589408533254
3.94648829431438 0.354803936901969
3.97993311036789 0.360053188259581
4.0133779264214 0.365336126073849
4.04682274247492 0.370651682761318
4.08026755852843 0.375998760374926
4.11371237458194 0.381376231348922
4.14715719063545 0.386782939300454
4.18060200668896 0.392217699887008
4.21404682274247 0.397679301718725
4.24749163879599 0.403166507324424
4.2809364548495 0.408678054169987
4.31438127090301 0.414212655727585
4.34782608695652 0.419769002594069
4.38127090301003 0.425345763656658
4.41471571906354 0.4309415873039
4.44816053511706 0.436555102679731
4.48160535117057 0.4421849209783
4.51505016722408 0.447829636777064
4.54849498327759 0.453487829405556
4.5819397993311 0.459158064347058
4.61538461538461 0.46483889467032
4.64882943143813 0.470528862488341
4.68227424749164 0.476226500441125
4.71571906354515 0.481930333199252
4.74916387959866 0.487638878984998
4.78260869565217 0.493350651107705
4.81605351170569 0.499064159510022
4.8494983277592 0.5047779123216
4.88294314381271 0.510490417416817
4.91638795986622 0.516200183973062
4.94983277591973 0.521905724026134
4.98327759197324 0.527605554019304
5.01672240802676 0.533298196342611
5.05016722408027 0.538982180859028
5.08361204013378 0.544656046414133
5.11705685618729 0.550318342326045
5.1505016722408 0.555967629852398
5.18394648829431 0.561602483631259
5.21739130434783 0.567221493092966
5.25083612040134 0.572823263839981
5.28428093645485 0.578406418991966
5.31772575250836 0.583969600493427
5.35117056856187 0.589511470381386
5.38461538461538 0.595030712010711
5.4180602006689 0.600526031234864
5.45150501672241 0.605996157539997
5.48494983277592 0.611439845130476
5.51839464882943 0.616855873964096
5.55183946488294 0.622243050735417
5.58528428093645 0.627600209805802
5.61872909698997 0.632926214078953
5.65217391304348 0.638219955820899
5.68561872909699 0.643480357423543
5.7190635451505 0.648706372111111
5.75250836120401 0.65389698458896
5.78595317725753 0.659051211634418
5.81939799331104 0.664168102629481
5.85284280936455 0.669246740035366
5.88628762541806 0.674286239809082
5.91973244147157 0.679285751762333
5.95317725752508 0.684244459863232
5.9866220735786 0.689161582481451
6.02006688963211 0.694036372577558
6.05351170568562 0.698868117837444
6.08695652173913 0.703656140752868
6.12040133779264 0.708399798649255
6.15384615384615 0.713098483662009
6.18729096989967 0.717751622662708
6.22073578595318 0.722358677136614
6.25418060200669 0.72691914301307
6.2876254180602 0.731432550450396
6.32107023411371 0.735898463576965
6.35451505016722 0.740316480190244
6.38795986622074 0.744686231415588
6.42140468227425 0.749007381326656
6.45484949832776 0.75327962652935
6.48829431438127 0.757502695711183
6.52173913043478 0.761676349158059
6.55518394648829 0.765800378240398
6.58862876254181 0.769874604870599
6.62207357859532 0.773898880933807
6.65551839464883 0.777873087693964
6.68896321070234 0.781797135177081
6.72240802675585 0.7856709615337
6.75585284280936 0.789494532382446
6.78929765886288 0.793267840136554
6.82274247491639 0.796990903315257
6.8561872909699 0.800663765841813
6.88963210702341 0.804286496329996
6.92307692307692 0.807859187360744
6.95652173913043 0.811381954750675
6.98996655518395 0.814854936814097
7.02341137123746 0.818278293620092
7.05685618729097 0.821652206246198
7.09030100334448 0.824976876030155
7.12374581939799 0.82825252382112
7.1571906354515 0.831479389231698
7.19063545150502 0.834657729892071
7.22408026755853 0.837787820707441
7.25752508361204 0.840869953119948
7.29096989966555 0.84390443437616
7.32441471571906 0.846891586801147
7.35785953177257 0.849831747080133
7.39130434782609 0.852725265548605
7.4247491638796 0.855572505491734
7.45819397993311 0.858373842453893
7.49163879598662 0.861129663558977
7.52508361204013 0.863840366842205
7.55852842809364 0.866506360594002
7.59197324414716 0.869128062716505
7.62541806020067 0.871705900093202
7.65886287625418 0.874240307972126
7.69230769230769 0.87673172936302
7.7257525083612 0.879180614448783
7.75919732441471 0.881587420011533
7.79264214046823 0.88395260887349
7.82608695652174 0.886276649352921
7.85953177257525 0.888560014735291
7.89297658862876 0.890803182759756
7.92642140468227 0.893006635121069
7.95986622073579 0.89517085698697
7.9933110367893 0.897296336531058
8.02675585284281 0.899383564481143
8.06020066889632 0.901433033683027
8.09364548494983 0.903445238679648
8.12709030100334 0.905420675305472
8.16053511705686 0.907359840296035
8.19397993311037 0.909263230912464
8.22742474916388 0.911131344580825
8.26086956521739 0.912964678546111
8.2943143812709 0.914763729540654
8.32775919732441 0.916528993466765
8.36120401337793 0.918260965093334
8.39464882943144 0.919960137766179
8.42809364548495 0.921627003131854
8.46153846153846 0.923262050874671
8.49498327759197 0.924865768466628
8.52842809364548 0.926438640929997
8.561872909699 0.927981150612232
8.59531772575251 0.929493776972937
8.62876254180602 0.930976996382561
8.66220735785953 0.932431281932536
8.69565217391304 0.933857103256531
8.72909698996656 0.935254926362508
8.76254180602007 0.936625213475284
8.79598662207358 0.937968422889273
8.82943143812709 0.939285008831083
8.8628762541806 0.940575421331683
8.89632107023411 0.941840106107806
8.92976588628762 0.943079504452288
8.96321070234114 0.944294053133032
8.99665551839465 0.945484184300306
9.03010033444816 0.946650325402058
9.06354515050167 0.947792899106967
9.09698996655518 0.948912323234927
9.1304347826087 0.950009010694695
9.16387959866221 0.951083369428392
9.19732441471572 0.952135802362616
9.23076923076923 0.953166707365866
9.26421404682274 0.954176477212031
9.29765886287625 0.955165499549669
9.33110367892977 0.95613415687684
9.36454849498328 0.957082826521222
9.39799331103679 0.958011880625298
9.4314381270903 0.958921686136345
9.46488294314381 0.959812604801022
9.49832775919732 0.960684993164325
9.53177257525084 0.961539202572684
9.56521739130435 0.962375579181009
9.59866220735786 0.963194463963463
9.63210702341137 0.963996192727774
9.66555183946488 0.964781096132896
9.69899665551839 0.965549499709825
9.73244147157191 0.966301723885397
9.76588628762542 0.967038084008896
9.79933110367893 0.96775889038129
9.83277591973244 0.968464448286965
9.86622073578595 0.969155058027757
9.89966555183946 0.969831014959175
9.93311036789298 0.970492609528642
9.96655518394649 0.971140127315625
10 0.971773849073523
