0 0.0118130362600763
0.0334448160535117 0.012128338121305
0.0668896321070234 0.0124519496625634
0.100334448160535 0.0127840841511405
0.133779264214047 0.013124960018183
0.167224080267559 0.0134748009668895
0.20066889632107 0.0138338360820302
0.234113712374582 0.0142022999407462
0.267558528428094 0.0145804327245853
0.301003344481605 0.0149684803327179
0.334448160535117 0.015366694496279
0.367892976588629 0.0157753328937706
0.40133779264214 0.0161946592674577
0.434782608695652 0.0166249435406819
0.468227424749164 0.0170664619360105
0.501672240802676 0.0175194970941344
0.535117056856187 0.0179843381934184
0.568561872909699 0.01846128107
0.602006688963211 0.0189506283383287
0.635451505016722 0.019452689512023
0.668896321070234 0.0199677811249207
0.702341137123746 0.0204962268521833
0.735785953177257 0.0210383576313098
0.769230769230769 0.0215945117829033
0.802675585284281 0.0221650351310225
0.836120401337793 0.0227502811229442
0.869565217391304 0.0233506109481444
0.903010033444816 0.0239663936563008
0.936454849498328 0.0245980062741031
0.969899665551839 0.025245833920646
1.00334448160535 0.0259102699211681
1.03678929765886 0.0265917159188828
1.07023411371237 0.0272905819846383
1.10367892976589 0.0280072867241233
1.1371237458194 0.0287422573823256
1.17056856187291 0.0294959299449299
1.20401337792642 0.0302687492363304
1.23745819397993 0.0310611690139112
1.27090301003344 0.0318736520582369
1.30434782608696 0.032706670258772
1.33779264214047 0.0335607046947342
1.37123745819398 0.0344362457106667
1.40468227424749 0.0353337929862942
1.438127090301 0.0362538556002104
1.47157190635451 0.037196952086924
1.50501672240803 0.038163610486769
1.53846153846154 0.0391543683881663
1.57190635451505 0.0401697729617028
1.60535117056856 0.0412103809854707
1.63879598662207 0.0422767588610925
1.67224080267559 0.0433694826198317
1.7056856187291 0.0444891379181718
1.73913043478261 0.0456363200222189
1.77257525083612 0.04681163378027
1.80602006688963 0.0480156935828584
1.83946488294314 0.0492491233095734
1.87290969899666 0.0505125562619272
1.90635451505017 0.0518066350815225
1.93979933110368 0.0531320116527524
1.97324414715719 0.0544893469892473
2.0066889632107 0.0558793111032627
2.04013377926421 0.0573025828571848
2.07357859531773 0.0587598497963116
2.10702341137124 0.0602518079620564
2.14046822742475 0.0617791616846983
2.17391304347826 0.0633426233547998
2.20735785953177 0.064942913172392
2.24080267558528 0.0665807588730242
2.2742474916388 0.068256895429764
2.30769230769231 0.0699720647302287
2.34113712374582 0.0717270152277269
2.37458193979933 0.0735225015655876
2.40802675585284 0.0753592841737582
2.44147157190635 0.0772381288367553
2.47491638795987 0.0791598062320659
2.50836120401338 0.0811250914381044
2.54180602006689 0.0831347634108509
2.5752508361204 0.0851896044283157
2.60869565217391 0.0872903995019994
2.64214046822742 0.0894379357545493
2.67558528428094 0.0916330017628472
2.70903010033445 0.0938763868658026
2.74247491638796 0.0961688804361738
2.77591973244147 0.0985112711157879
2.80936454849498 0.10090434601359
2.84280936454849 0.103348889866018
2.87625418060201 0.105845684159259
2.90969899665552 0.108395506213048
2.94314381270903 0.110999128225708
2.97658862876254 0.113657316280277
3.01003344481605 0.116370829311619
3.04347826086956 0.11914041803456
3.07692307692308 0.121966823833165
3.11036789297659 0.124850777611445
3.1438127090301 0.127792998605861
3.17725752508361 0.130794193160161
3.21070234113712 0.133855053463234
3.24414715719064 0.136976256250796
3.27759197324415 0.140158461471901
3.31103678929766 0.143402310921435
3.34448160535117 0.146708426839932
3.37792642140468 0.150077410482215
3.41137123745819 0.153509840656578
3.44481605351171 0.157006272236403
3.47826086956522 0.160567234646312
3.51170568561873 0.164193230325165
3.54515050167224 0.167884733168404
3.57859531772575 0.171642186952494
3.61204013377926 0.17546600374438
3.64548494983278 0.179356562299128
3.67892976588629 0.18331420644914
3.7123745819398 0.187339243488507
3.74581939799331 0.191431942556343
3.77926421404682 0.195592533023091
3.81270903010033 0.199821202884046
3.84615384615385 0.204118097164515
3.87959866220736 0.208483316341245
3.91304347826087 0.212916914784919
3.94648829431438 0.21741889922871
3.97993311036789 0.221989227268029
4.0133779264214 0.226627805896776
4.04682274247492 0.231334490085499
4.08026755852843 0.236109081407027
4.11371237458194 0.240951326715196
4.14715719063545 0.245860916882387
4.18060200668896 0.25083748560165
4.21404682274247 0.255880608259205
4.24749163879599 0.260989800883112
4.2809364548495 0.266164519173905
4.31438127090301 0.271404157622888
4.34782608695652 0.276708048723766
4.38127090301003 0.28207546228311
4.41471571906354 0.287505604835065
4.44816053511706 0.2929976191655
4.48160535117057 0.2985505839506
4.51505016722408 0.304163513514666
4.54849498327759 0.309835357711592
4.5819397993311 0.3155650019342
4.61538461538461 0.321351267255264
4.64882943143813 0.327192910703675
4.68227424749164 0.333088625678797
4.71571906354515 0.33903704250564
4.74916387959866 0.345036729132979
4.78260869565217 0.351086191976116
4.81605351170569 0.357183876905385
4.8494983277592 0.363328170381055
4.88294314381271 0.369517400734648
4.91638795986622 0.37574983959616
4.94983277591973 0.382023703466087
4.98327759197324 0.38833715543052
5.01672240802676 0.394688307017025
5.05016722408027 0.401075220188363
5.08361204013378 0.407495909470533
5.11705685618729 0.413948344210993
5.1505016722408 0.420430450962346
5.18394648829431 0.426940115986159
5.21739130434783 0.433475187871056
5.25083612040134 0.440033480258648
5.28428093645485 0.446612774670367
5.31772575250836 0.453210823427749
5.35117056856187 0.459825352658285
5.38461538461538 0.466454065378494
5.4180602006689 0.473094644645523
5.45150501672241 0.479744756768189
5.48494983277592 0.486402054568126
5.51839464882943 0.493064180681392
5.55183946488294 0.499728770890718
5.58528428093645 0.506393457478418
5.61872909698997 0.513055872589854
5.65217391304348 0.519713651597316
5.68561872909699 0.526364436454169
5.7190635451505 0.533005879029156
5.75250836120401 0.539635644410876
5.78595317725753 0.546251414172577
5.81939799331104 0.552850889587639
5.85284280936455 0.559431794786348
5.88628762541806 0.565991879844881
5.91973244147157 0.572528923797757
5.95317725752508 0.579040737565387
5.9866220735786 0.585525166788797
6.02006688963211 0.591980094564038
6.05351170568562 0.598403444069302
6.08695652173913 0.604793181078267
6.12040133779264 0.611147316353772
6.15384615384615 0.617463907916431
6.18729096989967 0.623741063183431
6.22073578595318 0.62997694097333
6.25418060200669 0.636169753373269
6.2876254180602 0.642317767465622
6.32107023411371 0.648419306911736
6.35451505016722 0.65447275339099
6.38795986622074 0.660476547894014
6.42140468227425 0.666429191869511
6.45484949832776 0.672329248224671
6.48829431438127 0.678175342179746
6.52173913043478 0.683966161977895
6.55518394648829 0.689700459451918
6.58862876254181 0.695377050449974
6.62207357859532 0.700994815122892
6.65551839464883 0.706552698076067
6.68896321070234 0.712049708389372
6.72240802675585 0.717484919508895
6.75585284280936 0.722857469014638
6.78929765886288 0.728166558268637
6.82274247491639 0.733411451948244
6.8561872909699 0.738591477469545
6.88963210702341 0.743706024306122
6.92307692307692 0.748754543208506
6.95652173913043 0.753736545329877
6.98996655518395 0.758651601263604
7.02341137123746 0.763499339998385
7.05685618729097 0.768279447796719
7.09030100334448 0.772991667002547
7.12374581939799 0.77763579478383
7.1571906354515 0.782211681815845
7.19063545150502 0.78671923091093
7.22408026755853 0.791158395600295
7.25752508361204 0.795529178673482
7.29096989966555 0.799831630680884
7.32441471571906 0.80406584840464
7.35785953177257 0.80823197330307
7.39130434782609 0.812330189933628
7.4247491638796 0.816360724359215
7.45819397993311 0.82032384254248
7.49163879598662 0.824219848732555
7.52508361204013 0.828049083848471
7.55852842809364 0.831811923863291
7.59197324414716 0.835508778192786
7.62541806020067 0.839140088092262
7.65886287625418 0.84270632506494
7.69230769230769 0.846207989285056
7.7257525083612 0.849645608038651
7.75919732441471 0.853019734184783
7.79264214046823 0.856330944639712
7.82608695652174 0.859579838886362
7.85953177257525 0.862767037511183
7.89297658862876 0.865893180770333
7.92642140468227 0.868958927186891
7.95986622073579 0.871964952180643
7.9933110367893 0.874911946731782
8.02675585284281 0.877800616079685
8.06020066889632 0.880631678457795
8.09364548494983 0.883405863865419
8.12709030100334 0.886123912877147
8.16053511705686 0.888786575490427
8.19397993311037 0.891394610011701
8.22742474916388 0.893948781981363
8.26086956521739 0.896449863137701
8.2943143812709 0.898898630419846
8.32775919732441 0.901295865009654
8.36120401337793 0.903642351412358
8.39464882943144 0.905938876575705
8.42809364548495 0.908186229047247
8.46153846153846 0.910385198169339
8.49498327759197 0.912536573311356
8.52842809364548 0.914641143138556
8.561872909699 0.916699694916974
8.59531772575251 0.918713013853658
8.62876254180602 0.920681882471546
8.66220735785953 0.9226070800182
8.69565217391304 0.924489381907616
8.72909698996656 0.926329559194278
8.76254180602007 0.928128378078593
8.79598662207358 0.929886599442856
8.82943143812709 0.931604978416818
8.8628762541806 0.933284263971999
8.89632107023411 0.934925198543783
8.92976588628762 0.936528517680422
8.96321070234114 0.938094949717987
8.99665551839465 0.939625215480373
9.03010033444816 0.941120028003428
9.06354515050167 0.942580092282284
9.09698996655518 0.944006105041004
9.1304347826087 0.945398754523626
9.16387959866221 0.946758720305735
9.19732441471572 0.948086673125687
9.23076923076923 0.949383274734615
9.26421404682274 0.950649177764398
9.29765886287625 0.951885025612748
9.33110367892977 0.953091452344618
9.36454849498328 0.954269082609138
9.39799331103679 0.955418531571313
9.4314381270903 0.956540404857737
9.46488294314381 0.957635298515589
9.49832775919732 0.958703798984203
9.53177257525084 0.959746483078539
9.56521739130435 0.960763917983873
9.59866220735786 0.961756661261073
9.63210702341137 0.962725260861842
9.66555183946488 0.963670255153322
9.69899665551839 0.96459217295148
9.73244147157191 0.965491533562724
9.76588628762542 0.966368846833213
9.79933110367893 0.967224613205338
9.83277591973244 0.968059323780889
9.86622073578595 0.968873460390426
9.89966555183946 0.9696674956684
9.93311036789298 0.970441893133597
9.96655518394649 0.97119710727447
10 0.971933583638987
