0 0.0361612706639888
0.0334448160535117 0.0369807069835043
0.0668896321070234 0.0378179836410337
0.100334448160535 0.0386734557258923
0.133779264214047 0.0395474838714871
0.167224080267559 0.0404404342700183
0.20066889632107 0.0413526786831991
0.234113712374582 0.0422845944487685
0.267558528428094 0.0432365644825623
0.301003344481605 0.0442089772759046
0.334448160535117 0.0452022268880714
0.367892976588629 0.0462167129335727
0.40133779264214 0.04725284056399
0.434782608695652 0.0483110204441026
0.468227424749164 0.0493916687220252
0.501672240802676 0.0504952069930746
0.535117056856187 0.0516220622570757
0.568561872909699 0.0527726668688105
0.602006688963211 0.0539474584813074
0.635451505016722 0.0551468799816608
0.668896321070234 0.0563713794190663
0.702341137123746 0.0576214099247502
0.735785953177257 0.0588974296234666
0.769230769230769 0.0601999015362297
0.802675585284281 0.0615292934739462
0.836120401337793 0.0628860779216053
0.869565217391304 0.0642707319126825
0.903010033444816 0.0656837368934091
0.936454849498328 0.0671255785765571
0.969899665551839 0.0685967467843854
1.00334448160535 0.0700977352803952
1.03678929765886 0.0716290415895376
1.07023411371237 0.0731911668065212
1.10367892976589 0.0747846153918637
1.1371237458194 0.0764098949553378
1.17056856187291 0.0780675160264622
1.20401337792642 0.0797579918116922
1.23745819397993 0.081481837937972
1.27090301003344 0.0832395721823142
1.30434782608696 0.0850317141870812
1.33779264214047 0.0868587851606531
1.37123745819398 0.0887213075631733
1.40468227424749 0.0906198047770797
1.438127090301 0.0925548007621388
1.47157190635451 0.0945268196947173
1.50501672240803 0.0965363855910404
1.53846153846154 0.0985840219142069
1.57190635451505 0.10067025116475
1.60535117056856 0.102795594454551
1.63879598662207 0.104960571063951
1.67224080267559 0.107165697981907
1.7056856187291 0.109411489429095
1.73913043478261 0.111698456363871
1.77257525083612 0.114027105971048
1.80602006688963 0.116397941133468
1.83946488294314 0.1188114598864
1.87290969899666 0.121268154854819
1.90635451505017 0.123768512673679
1.93979933110368 0.126313013391313
1.97324414715719 0.128902129856169
2.0066889632107 0.131536327087113
2.04013377926421 0.134216061627595
2.07357859531773 0.136941780884021
2.10702341137124 0.139713922448734
2.14046822742475 0.142532913408059
2.17391304347826 0.145399169635921
2.20735785953177 0.148313095073635
2.24080267558528 0.151275080996476
2.2742474916388 0.15428550526777
2.30769230769231 0.157344731581245
2.34113712374582 0.160453108692507
2.37458193979933 0.16361096964054
2.40802675585284 0.166818630960204
2.44147157190635 0.170076391886798
2.47491638795987 0.173384533553798
2.50836120401338 0.17674331818497
2.54180602006689 0.180152988282134
2.5752508361204 0.183613765809911
2.60869565217391 0.187125851378874
2.64214046822742 0.190689423428592
2.67558528428094 0.194304637412113
2.70903010033445 0.197971624983526
2.74247491638796 0.201690493190292
2.77591973244147 0.205461323672101
2.80936454849498 0.209284171868078
2.84280936454849 0.213159066234234
2.87625418060201 0.217086007473081
2.90969899665552 0.221064967777429
2.94314381270903 0.225095890090385
2.97658862876254 0.22917868738366
3.01003344481605 0.233313241956296
3.04347826086956 0.23749940475598
3.07692307692308 0.241736994725136
3.11036789297659 0.246025798173988
3.1438127090301 0.250365568182842
3.17725752508361 0.254756024035796
3.21070234113712 0.25919685068812
3.24414715719064 0.263687698269528
3.27759197324415 0.268228181625542
3.31103678929766 0.272817879899138
3.34448160535117 0.277456336154815
3.37792642140468 0.282143057047185
3.41137123745819 0.286877512536154
3.44481605351171 0.29165913565066
3.47826086956522 0.296487322302904
3.51170568561873 0.301361431154895
3.54515050167224 0.306280783539068
3.57859531772575 0.311244663434605
3.61204013377926 0.316252317500999
3.64548494983278 0.321302955170271
3.67892976588629 0.326395748799128
3.7123745819398 0.331529833882194
3.74581939799331 0.33670430932733
3.77926421404682 0.341918237793861
3.81270903010033 0.347170646094408
3.84615384615385 0.352460525660829
3.87959866220736 0.357786833074579
3.91304347826087 0.363148490661667
3.94648829431438 0.368544387152137
3.97993311036789 0.373973378403858
4.0133779264214 0.379434288190171
4.04682274247492 0.384925909050772
4.08026755852843 0.39044700320498
4.11371237458194 0.395996303526358
4.14715719063545 0.401572514577438
4.18060200668896 0.407174313703088
4.21404682274247 0.412800352180891
4.24749163879599 0.418449256426665
4.2809364548495 0.424119629253084
4.31438127090301 0.429810051179176
4.34782608695652 0.43551908178825
4.38127090301003 0.441245261131677
4.41471571906354 0.446987111175753
4.44816053511706 0.452743137288695
4.48160535117057 0.458511829764715
4.51505016722408 0.464291665381931
4.54849498327759 0.470081108990768
4.5819397993311 0.475878615129391
4.61538461538461 0.481682629662572
4.64882943143813 0.487491591440351
4.68227424749164 0.493303933972738
4.71571906354515 0.499118087116643
4.74916387959866 0.504932478771198
4.78260869565217 0.510745536577567
4.81605351170569 0.516555689619358
4.8494983277592 0.522361370119716
4.88294314381271 0.528161015131207
4.91638795986622 0.533953068214635
4.94983277591973 0.539735981102965
4.98327759197324 0.54550821534659
5.01672240802676 0.551268243936251
5.05016722408027 0.557014552900011
5.08361204013378 0.562745642870777
5.11705685618729 0.568460030620977
5.1505016722408 0.574156250561148
5.18394648829431 0.57983285619928
5.21739130434783 0.585488421557971
5.25083612040134 0.591121542546543
5.28428093645485 0.596730838285499
5.31772575250836 0.602314952380817
5.35117056856187 0.60787255414581
5.38461538461538 0.613402339768428
5.4180602006689 0.618903033422111
5.45150501672241 0.624373388318461
5.48494983277592 0.629812187700239
5.51839464882943 0.635218245773359
5.55183946488294 0.640590408576801
5.58528428093645 0.645927554789509
5.61872909698997 0.651228596473613
5.65217391304348 0.656492479753448
5.68561872909699 0.6617181854301
5.7190635451505 0.666904729531352
5.75250836120401 0.672051163797143
5.78595317725753 0.677156576100799
5.81939799331104 0.682220090806491
5.85284280936455 0.68724086906356
5.88628762541806 0.692218109038476
5.91973244147157 0.697151046085416
5.95317725752508 0.70203895285653
5.9866220735786 0.706881139353155
6.02006688963211 0.711676952919345
6.05351170568562 0.716425778179216
6.08695652173913 0.721127036919714
6.12040133779264 0.725780187920526
6.15384615384615 0.730384726732938
6.18729096989967 0.734940185409532
6.22073578595318 0.739446132186702
6.25418060200669 0.743902171122008
6.2876254180602 0.748307941688459
6.32107023411371 0.752663118327877
6.35451505016722 0.756967409965481
6.38795986622074 0.761220559487932
6.42140468227425 0.765422343187012
6.45484949832776 0.76957257017121
6.48829431438127 0.773671081747407
6.52173913043478 0.777717750774922
6.55518394648829 0.781712480994106
6.58862876254181 0.785655206331691
6.62207357859532 0.789545890185067
6.65551839464883 0.79338452468761
6.68896321070234 0.797171129957179
6.72240802675585 0.800905753329817
6.75585284280936 0.804588468580684
6.78929765886288 0.808219375134172
6.82274247491639 0.8117985972651
6.8561872909699 0.81532628329283
6.88963210702341 0.818802604770098
6.92307692307692 0.822227755668255
6.95652173913043 0.82560195156058
6.98996655518395 0.828925428805237
7.02341137123746 0.832198443729387
7.05685618729097 0.83542127181589
7.09030100334448 0.838594206893962
7.12374581939799 0.841717560335076
7.1571906354515 0.844791660255334
7.19063545150502 0.847816850725443
7.22408026755853 0.850793490989377
7.25752508361204 0.853721954692726
7.29096989966555 0.856602629121661
7.32441471571906 0.859435914453375
7.35785953177257 0.86222222301879
7.39130434782609 0.864961978578268
7.4247491638796 0.86765561561097
7.45819397993311 0.870303578618464
7.49163879598662 0.872906321443132
7.52508361204013 0.875464306601819
7.55852842809364 0.877978004635176
7.59197324414716 0.880447893473031
7.62541806020067 0.882874457816114
7.65886287625418 0.885258188534377
7.69230769230769 0.887599582082137
7.7257525083612 0.889899139930175
7.75919732441471 0.892157368014938
7.79264214046823 0.894374776204898
7.82608695652174 0.896551877784106
7.85953177257525 0.898689188952944
7.89297658862876 0.900787228346039
7.92642140468227 0.902846516567253
7.95986622073579 0.904867575741665
7.9933110367893 0.906850929084407
8.02675585284281 0.908797100486191
8.06020066889632 0.910706614115354
8.09364548494983 0.912579994036213
8.12709030100334 0.914417763843507
8.16053511705686 0.916220446312674
8.19397993311037 0.91798856306571
8.22742474916388 0.919722634252332
8.26086956521739 0.92142317824615
8.2943143812709 0.923090711355551
8.32775919732441 0.924725747548968
8.36120401337793 0.926328798194239
8.39464882943144 0.927900371811685
8.42809364548495 0.929440973840614
8.46153846153846 0.930951106418862
8.49498327759197 0.932431268175068
8.52842809364548 0.933881954033295
8.561872909699 0.935303655029666
8.59531772575251 0.936696858140656
8.62876254180602 0.938062046122679
8.66220735785953 0.939399697362624
8.69565217391304 0.94071028573898
8.72909698996656 0.941994280493201
8.76254180602007 0.943252146110968
8.79598662207358 0.94448434221299
8.82943143812709 0.945691323455014
8.8628762541806 0.946873539436694
8.89632107023411 0.948031434619004
8.92976588628762 0.949165448249843
8.96321070234114 0.95027601429753
8.99665551839465 0.95136356139186
9.03010033444816 0.95242851277241
9.06354515050167 0.953471286243802
9.09698996655518 0.954492294137607
9.1304347826087 0.955491943280611
9.16387959866221 0.956470634969154
9.19732441471572 0.957428764949265
9.23076923076923 0.958366723402319
9.26421404682274 0.959284894935958
9.29765886287625 0.96018365858001
9.33110367892977 0.961063387787171
9.36454849498328 0.961924450438194
9.39799331103679 0.962767208851354
9.4314381270903 0.963592019795967
9.46488294314381 0.964399234509738
9.49832775919732 0.965189198719725
9.53177257525084 0.965962252666706
9.56521739130435 0.966718731132767
9.59866220735786 0.9674589634719
9.63210702341137 0.968183273643439
9.66555183946488 0.968891980248139
9.69899665551839 0.96958539656675
9.73244147157191 0.970263830600894
9.76588628762542 0.970927585116104
9.79933110367893 0.971576957686861
9.83277591973244 0.972212240743489
9.86622073578595 0.972833721620762
9.89966555183946 0.973441682608085
9.93311036789298 0.974036401001134
9.96655518394649 0.974618149154805
10 0.975187194537379
