0 0.0350703622866598
0.0334448160535117 0.0358696411582386
0.0668896321070234 0.0366864435979354
0.100334448160535 0.0375211219364353
0.133779264214047 0.0383740341232538
0.167224080267559 0.039245543746936
0.20066889632107 0.0401360200514663
0.234113712374582 0.0410458379486653
0.267558528428094 0.0419753780263429
0.301003344481605 0.0429250265519715
0.334448160535117 0.0438951754716326
0.367892976588629 0.0448862224039853
0.40133779264214 0.0458985706289957
0.434782608695652 0.0469326290711605
0.468227424749164 0.0479888122769488
0.501672240802676 0.0490675403861803
0.535117056856187 0.0501692390970502
0.568561872909699 0.0512943396245036
0.602006688963211 0.052443278651656
0.635451505016722 0.0536164982739485
0.668896321070234 0.0548144459357213
0.702341137123746 0.0560375743588808
0.735785953177257 0.0572863414633316
0.769230769230769 0.0585612102788363
0.802675585284281 0.0598626488479637
0.836120401337793 0.0611911301197778
0.869565217391304 0.0625471318339178
0.903010033444816 0.0639311363947145
0.936454849498328 0.0653436307349833
0.969899665551839 0.0667851061691346
1.00334448160535 0.0682560582352362
1.03678929765886 0.0697569865256637
1.07023411371237 0.0712883945059715
1.10367892976589 0.0728507893216199
1.1371237458194 0.0744446815921918
1.17056856187291 0.0760705851927356
1.20401337792642 0.0777290170218754
1.23745819397993 0.079420496756329
1.27090301003344 0.0811455465914845
1.30434782608696 0.0829046909676892
1.33779264214047 0.084698456281913
1.37123745819398 0.086527370584458
1.40468227424749 0.0883919632603953
1.438127090301 0.0902927646954236
1.47157190635451 0.0922303059258556
1.50501672240803 0.0942051182724549
1.53846153846154 0.096217732957864
1.57190635451505 0.0982686807073782
1.60535117056856 0.100358491332848
1.63879598662207 0.102487693299507
1.67224080267559 0.104656813275557
1.7056856187291 0.106866375664352
1.73913043478261 0.109116902119079
1.77257525083612 0.11140891103983
1.80602006688963 0.113742917053024
1.83946488294314 0.116119430473149
1.87290969899666 0.118538956746861
1.90635451505017 0.121001995879473
1.93979933110368 0.123509041843958
1.97324414715719 0.126060581972605
2.0066889632107 0.12865709633152
2.04013377926421 0.131299057078215
2.07357859531773 0.133986927802591
2.10702341137124 0.136721162851651
2.14046822742475 0.139502206638362
2.17391304347826 0.142330492935131
2.20735785953177 0.145206444152409
2.24080267558528 0.14813047060304
2.2742474916388 0.151102969752983
2.30769230769231 0.15412432545915
2.34113712374582 0.157194907195148
2.37458193979933 0.160315069265777
2.40802675585284 0.163485150011237
2.44147157190635 0.166705471002035
2.47491638795987 0.169976336225686
2.50836120401338 0.173298031266354
2.54180602006689 0.176670822478676
2.5752508361204 0.180094956157068
2.60869565217391 0.1835706577019
2.64214046822742 0.187098130784
2.67558528428094 0.190677556509016
2.70903010033445 0.194309092583243
2.74247491638796 0.197992872482599
2.77591973244147 0.201729004626491
2.80936454849498 0.20551757155839
2.84280936454849 0.209358629135007
2.87625418060201 0.213252205725993
2.90969899665552 0.217198301426195
2.94314381270903 0.221196887282498
2.97658862876254 0.225247904537384
3.01003344481605 0.229351263891356
3.04347826086956 0.233506844786414
3.07692307692308 0.23771449471283
3.11036789297659 0.241974028541467
3.1438127090301 0.246285227883931
3.17725752508361 0.250647840482844
3.21070234113712 0.255061579634551
3.24414715719064 0.259526123646552
3.27759197324415 0.264041115331965
3.31103678929766 0.268606161543281
3.34448160535117 0.27322083274767
3.37792642140468 0.27788466264605
3.41137123745819 0.282597147838081
3.44481605351171 0.2873577475352
3.47826086956522 0.292165883323747
3.51170568561873 0.297020938980141
3.54515050167224 0.301922260340009
3.57859531772575 0.306869155223044
3.61204013377926 0.311860893415284
3.64548494983278 0.316896706710374
3.67892976588629 0.321975789011267
3.7123745819398 0.327097296493651
3.74581939799331 0.332260347832284
3.77926421404682 0.337464024491232
3.81270903010033 0.342707371078862
3.84615384615385 0.34798939576827
3.87959866220736 0.353309070783628
3.91304347826087 0.358665332952776
3.94648829431438 0.364057084326176
3.97993311036789 0.369483192862145
4.0133779264214 0.374942493178101
4.04682274247492 0.380433787367331
4.08026755852843 0.385955845880592
4.11371237458194 0.39150740847164
4.14715719063545 0.397087185205581
4.18060200668896 0.402693857528707
4.21404682274247 0.40832607939829
4.24749163879599 0.413982478470584
4.2809364548495 0.41966165734509
4.31438127090301 0.425362194862915
4.34782608695652 0.431082647456904
4.38127090301003 0.436821550550982
4.41471571906354 0.442577420005993
4.44816053511706 0.448348753609146
4.48160535117057 0.454134032604004
4.51505016722408 0.459931723257793
4.54849498327759 0.465740278462692
4.5819397993311 0.47155813936759
4.61538461538461 0.477383737036726
4.64882943143813 0.483215494131481
4.68227424749164 0.489051826611521
4.71571906354515 0.494891145451425
4.74916387959866 0.500731858368831
4.78260869565217 0.506572371560133
4.81605351170569 0.512411091439704
4.8494983277592 0.518246426378611
4.88294314381271 0.524076788438798
4.91638795986622 0.529900595098721
4.94983277591973 0.535716270966456
4.98327759197324 0.541522249476363
5.01672240802676 0.547316974565425
5.05016722408027 0.553098902325494
5.08361204013378 0.558866502627755
5.11705685618729 0.564618260715815
5.1505016722408 0.570352678763976
5.18394648829431 0.576068277397356
5.21739130434783 0.581763597170687
5.25083612040134 0.587437200002772
5.28428093645485 0.593087670563743
5.31772575250836 0.598713617612443
5.35117056856187 0.604313675281451
5.38461538461538 0.609886504307436
5.4180602006689 0.615430793204749
5.45150501672241 0.620945259380349
5.48494983277592 0.626428650188364
5.51839464882943 0.631879743922818
5.55183946488294 0.637297350747234
5.58528428093645 0.642680313560064
5.61872909698997 0.648027508795099
5.65217391304348 0.653337847156201
5.68561872909699 0.658610274285953
5.7190635451505 0.663843771367977
5.75250836120401 0.669037355662905
5.78595317725753 0.674190080978178
5.81939799331104 0.679301038072014
5.85284280936455 0.684369354992105
5.88628762541806 0.68939419734976
5.91973244147157 0.694374768530368
5.95317725752508 0.699310309841245
5.9866220735786 0.704200100598061
6.02006688963211 0.709043458151179
6.05351170568562 0.713839737853394
6.08695652173913 0.718588332970661
6.12040133779264 0.723288674537532
6.15384615384615 0.72794023115911
6.18729096989967 0.732542508761431
6.22073578595318 0.737095050292267
6.25418060200669 0.741597435374409
6.2876254180602 0.746049279913566
6.32107023411371 0.750450235663046
6.35451505016722 0.754799989747456
6.38795986622074 0.759098264147666
6.42140468227425 0.763344815149328
6.45484949832776 0.767539432757232
6.48829431438127 0.771681940077824
6.52173913043478 0.775772192672158
6.55518394648829 0.779810077881611
6.58862876254181 0.783795514128596
6.62207357859532 0.787728450194565
6.65551839464883 0.791608864477494
6.68896321070234 0.795436764231056
6.72240802675585 0.799212184787609
6.75585284280936 0.802935188767115
6.78929765886288 0.80660586527402
6.82274247491639 0.810224329084088
6.8561872909699 0.813790719823124
6.88963210702341 0.81730520113945
6.92307692307692 0.820767959871924
6.95652173913043 0.824179205215249
6.98996655518395 0.827539167884222
7.02341137123746 0.830848099278515
7.05685618729097 0.834106270649501
7.09030100334448 0.837313972270565
7.12374581939799 0.840471512612266
7.1571906354515 0.843579217523635
7.19063545150502 0.846637429420827
7.22408026755853 0.849646506484257
7.25752508361204 0.8526068218653
7.29096989966555 0.855518762903515
7.32441471571906 0.858382730355345
7.35785953177257 0.86119913763511
7.39130434782609 0.863968410069078
7.4247491638796 0.866690984163329
7.45819397993311 0.869367306886032
7.49163879598662 0.871997834964729
7.52508361204013 0.874583034199129
7.55852842809364 0.877123378789863
7.59197324414716 0.879619350683594
7.62541806020067 0.882071438934821
7.65886287625418 0.884480139084661
7.69230769230769 0.886845952556829
7.7257525083612 0.889169386071015
7.75919732441471 0.891450951073782
7.79264214046823 0.893691163187073
7.82608695652174 0.895890541674391
7.85953177257525 0.898049608924645
7.89297658862876 0.90016888995364
7.92642140468227 0.902248911923155
7.95986622073579 0.904290203677501
7.9933110367893 0.906293295297438
8.02675585284281 0.908258717671303
8.06020066889632 0.91018700208316
8.09364548494983 0.912078679817765
8.12709030100334 0.913934281782134
8.16053511705686 0.915754338143451
8.19397993311037 0.917539377983056
8.22742474916388 0.919289928966238
8.26086956521739 0.921006517027529
8.2943143812709 0.92268966607119
8.32775919732441 0.92433989768657
8.36120401337793 0.925957730878009
8.39464882943144 0.927543681808942
8.42809364548495 0.929098263559851
8.46153846153846 0.930621985899733
8.49498327759197 0.932115355070695
8.52842809364548 0.933578873585348
8.561872909699 0.935013040036604
8.59531772575251 0.936418348919537
8.62876254180602 0.937795290464931
8.66220735785953 0.939144350484137
8.69565217391304 0.940466010224902
8.72909698996656 0.941760746237778
8.76254180602007 0.943029030252774
8.79598662207358 0.944271329065871
8.82943143812709 0.945488104435067
8.8628762541806 0.946679812985593
8.89632107023411 0.947846906123949
8.92976588628762 0.948989829960433
8.96321070234114 0.950109025239819
8.99665551839465 0.951204927279862
9.03010033444816 0.952277965917303
9.06354515050167 0.953328565461061
9.09698996655518 0.954357144652301
9.1304347826087 0.955364116631081
9.16387959866221 0.956349888909274
9.19732441471572 0.957314863349486
9.23076923076923 0.958259436149689
9.26421404682274 0.959183997833278
9.29765886287625 0.960088933244324
9.33110367892977 0.960974621547717
9.36454849498328 0.961841436233992
9.39799331103679 0.962689745128565
9.4314381270903 0.963519910405156
9.46488294314381 0.96433228860317
9.49832775919732 0.965127230648814
9.53177257525084 0.96590508187973
9.56521739130435 0.966666182072952
9.59866220735786 0.967410865475973
9.63210702341137 0.968139460840736
9.66555183946488 0.96885229146037
9.69899665551839 0.969549675208477
9.73244147157191 0.970231924580817
9.76588628762542 0.970899346739209
9.79933110367893 0.971552243557503
9.83277591973244 0.972190911669463
9.86622073578595 0.97281564251841
9.89966555183946 0.973426722408507
9.93311036789298 0.974024432557517
9.96655518394649 0.974609049150941
10 0.975180843397387
