0 0.041448399118189
0.0334448160535117 0.0423364367777001
0.0668896321070234 0.043242642441426
0.100334448160535 0.0441673507165834
0.133779264214047 0.0451109007705562
0.167224080267559 0.0460736363210654
0.20066889632107 0.047055905622312
0.234113712374582 0.0480580614469052
0.267558528428094 0.0490804610633809
0.301003344481605 0.0501234662091122
0.334448160535117 0.0511874430584093
0.367892976588629 0.0522727621855997
0.40133779264214 0.053379798522878
0.434782608695652 0.0545089313127077
0.468227424749164 0.055660544054555
0.501672240802676 0.0568350244457295
0.535117056856187 0.0580327643161039
0.568561872909699 0.0592541595564804
0.602006688963211 0.0604996100403684
0.635451505016722 0.0617695195389355
0.668896321070234 0.06306429562889
0.702341137123746 0.0643843495930515
0.735785953177257 0.0657300963133645
0.769230769230769 0.0671019541561061
0.802675585284281 0.0685003448490401
0.836120401337793 0.0699256933502671
0.869565217391304 0.0713784277085207
0.903010033444816 0.0728589789146603
0.936454849498328 0.0743677807441092
0.969899665551839 0.0759052695899927
1.00334448160535 0.0774718842867274
1.03678929765886 0.0790680659238188
1.07023411371237 0.080694257649628
1.10367892976589 0.0823509044648681
1.1371237458194 0.084038453005602
1.17056856187291 0.0857573513155125
1.20401337792642 0.0875080486072267
1.23745819397993 0.0892909950124822
1.27090301003344 0.0911066413209313
1.30434782608696 0.0929554387073876
1.33779264214047 0.0948378384473335
1.37123745819398 0.0967542916205119
1.40468227424749 0.0987052488024475
1.438127090301 0.100691159743746
1.47157190635451 0.102712473037045
1.50501672240803 0.104769635771498
1.53846153846154 0.106863093174695
1.57190635451505 0.108993288241944
1.60535117056856 0.111160661352853
1.63879598662207 0.113365649875172
1.67224080267559 0.115608687755892
1.7056856187291 0.117890205099597
1.73913043478261 0.120210627734119
1.77257525083612 0.122570376763555
1.80602006688963 0.124969868108732
1.83946488294314 0.127409512035259
1.87290969899666 0.129889712669299
1.90635451505017 0.132410867501268
1.93979933110368 0.134973366877678
1.97324414715719 0.137577593481371
2.0066889632107 0.14022392180046
2.04013377926421 0.142912717586293
2.07357859531773 0.145644337300827
2.10702341137124 0.148419127553822
2.14046822742475 0.151237424530319
2.17391304347826 0.154099553408892
2.20735785953177 0.157005827771247
2.24080267558528 0.159956549003723
2.2742474916388 0.162952005691376
2.30769230769231 0.165992473005294
2.34113712374582 0.169078212083911
2.37458193979933 0.172209469409077
2.40802675585284 0.17538647617773
2.44147157190635 0.178609447670052
2.47491638795987 0.18187858261502
2.50836120401338 0.18519406255436
2.54180602006689 0.188556051205904
2.5752508361204 0.191964693827434
2.60869565217391 0.195420116582144
2.64214046822742 0.198922425906871
2.67558528428094 0.202471707884319
2.70903010033445 0.20606802762053
2.74247491638796 0.209711428628896
2.77591973244147 0.213401932222057
2.80936454849498 0.217139536913052
2.84280936454849 0.220924217827139
2.87625418060201 0.224755926125728
2.90969899665552 0.228634588443898
2.94314381270903 0.232560106342989
2.97658862876254 0.236532355779812
3.01003344481605 0.240551186593993
3.04347826086956 0.24461642201502
3.07692307692308 0.248727858190563
3.11036789297659 0.252885263737626
3.1438127090301 0.257088379318117
3.17725752508361 0.261336917240399
3.21070234113712 0.265630561088384
3.24414715719064 0.269968965379723
3.27759197324415 0.274351755254607
3.31103678929766 0.278778526196689
3.34448160535117 0.283248843787598
3.37792642140468 0.287762243496464
3.41137123745819 0.292318230505858
3.44481605351171 0.29691627957547
3.47826086956522 0.301555834944824
3.51170568561873 0.306236310276225
3.54515050167224 0.310957088639111
3.57859531772575 0.315717522536879
3.61204013377926 0.320516933977168
3.64548494983278 0.325354614586528
3.67892976588629 0.330229825770267
3.7123745819398 0.335141798918211
3.74581939799331 0.340089735656988
3.77926421404682 0.34507280814933
3.81270903010033 0.350090159440793
3.84615384615385 0.355140903854173
3.87959866220736 0.360224127431756
3.91304347826087 0.365338888425447
3.94648829431438 0.370484217834656
3.97993311036789 0.375659119991721
4.0133779264214 0.380862573194499
4.04682274247492 0.386093530385617
4.08026755852843 0.391350919877747
4.11371237458194 0.396633646124128
4.14715719063545 0.401940590533431
4.18060200668896 0.407270612327896
4.21404682274247 0.412622549443582
4.24749163879599 0.417995219471392
4.2809364548495 0.423387420637442
4.31438127090301 0.428797932821177
4.34782608695652 0.434225518609555
4.38127090301003 0.439668924385464
4.41471571906354 0.445126881448444
4.44816053511706 0.450598107165674
4.48160535117057 0.456081306151066
4.51505016722408 0.46157517147023
4.54849498327759 0.467078385868984
4.5819397993311 0.47258962302298
4.61538461538461 0.478107548805966
4.64882943143813 0.483630822574129
4.68227424749164 0.489158098463911
4.71571906354515 0.494688026700635
4.74916387959866 0.500219254915243
4.78260869565217 0.505750429466432
4.81605351170569 0.511280196765422
4.8494983277592 0.516807204600631
4.88294314381271 0.522330103459473
4.91638795986622 0.527847547844558
4.94983277591973 0.533358197581554
4.98327759197324 0.538860719116037
5.01672240802676 0.544353786796647
5.05016722408027 0.549836084141969
5.08361204013378 0.555306305088579
5.11705685618729 0.560763155217766
5.1505016722408 0.566205352958533
5.18394648829431 0.571631630764548
5.21739130434783 0.577040736262804
5.25083612040134 0.582431433371855
5.28428093645485 0.587802503387587
5.31772575250836 0.593152746034607
5.35117056856187 0.598480980481431
5.38461538461538 0.603786046317785
5.4180602006689 0.609066804492453
5.45150501672241 0.61432213821023
5.48494983277592 0.619550953786675
5.51839464882943 0.624752181459494
5.55183946488294 0.629924776155505
5.58528428093645 0.635067718212298
5.61872909698997 0.6401800140538
5.65217391304348 0.64526069681915
5.68561872909699 0.650308826944357
5.7190635451505 0.655323492696419
5.75250836120401 0.660303810659645
5.78595317725753 0.665248926174122
5.81939799331104 0.670158013726332
5.85284280936455 0.67503027729211
5.88628762541806 0.679864950632198
5.91973244147157 0.684661297540825
5.95317725752508 0.689418612047796
5.9866220735786 0.694136218574737
6.02006688963211 0.698813472046212
6.05351170568562 0.703449757956528
6.08695652173913 0.708044492393153
6.12040133779264 0.712597122017746
6.15384615384615 0.717107124005875
6.18729096989967 0.721574005946589
6.22073578595318 0.725997305703059
6.25418060200669 0.730376591235576
6.2876254180602 0.734711460388258
6.32107023411371 0.739001540640842
6.35451505016722 0.743246488827005
6.38795986622074 0.747445990820688
6.42140468227425 0.75159976119192
6.45484949832776 0.75570754283367
6.48829431438127 0.759769106561286
6.52173913043478 0.763784250686069
6.55518394648829 0.767752800564558
6.58862876254181 0.771674608125105
6.62207357859532 0.775549551373304
6.65551839464883 0.779377533877845
6.68896321070234 0.78315848423834
6.72240802675585 0.786892355536676
6.75585284280936 0.790579124773396
6.78929765886288 0.794218792290614
6.82274247491639 0.797811381182946
6.8561872909699 0.801356936697868
6.88963210702341 0.804855525626946
6.92307692307692 0.808307235689276
6.95652173913043 0.811712174908493
6.98996655518395 0.815070470984636
7.02341137123746 0.818382270662114
7.05685618729097 0.821647739094998
7.09030100334448 0.824867059210783
7.12374581939799 0.828040431073762
7.1571906354515 0.831168071249059
7.19063545150502 0.834250212168359
7.22408026755853 0.837287101498308
7.25752508361204 0.840279001512499
7.29096989966555 0.843226188467935
7.32441471571906 0.84612895198678
7.35785953177257 0.848987594444197
7.39130434782609 0.851802430362983
7.4247491638796 0.854573785815701
7.45819397993311 0.857301997834936
7.49163879598662 0.85998741383226
7.52508361204013 0.862630391026467
7.55852842809364 0.865231295881553
7.59197324414716 0.867790503554916
7.62541806020067 0.87030839735618
7.65886287625418 0.872785368217015
7.69230769230769 0.875221814172285
7.7257525083612 0.87761813985282
7.75919732441471 0.879974755990064
7.79264214046823 0.882292078932815
7.82608695652174 0.884570530176257
7.85953177257525 0.886810535903412
7.89297658862876 0.889012526539163
7.92642140468227 0.891176936316904
7.95986622073579 0.89330420285791
7.9933110367893 0.895394766763441
8.02675585284281 0.897449071219599
8.06020066889632 0.899467561614915
8.09364548494983 0.901450685170634
8.12709030100334 0.90339889058364
8.16053511705686 0.905312627681925
8.19397993311037 0.90719234709253
8.22742474916388 0.909038499921815
8.26086956521739 0.91085153744794
8.2943143812709 0.912631910825414
8.32775919732441 0.914380070801532
8.36120401337793 0.916096467444552
8.39464882943144 0.9177815498834
8.42809364548495 0.919435766058736
8.46153846153846 0.921059562485145
8.49498327759197 0.922653384024275
8.52842809364548 0.92421767366867
8.561872909699 0.925752872336087
8.59531772575251 0.927259418674075
8.62876254180602 0.928737748874547
8.66220735785953 0.930188296498144
8.69565217391304 0.931611492308116
8.72909698996656 0.933007764113485
8.76254180602007 0.934377536621247
8.79598662207358 0.935721231297359
8.82943143812709 0.937039266236248
8.8628762541806 0.938332056038619
8.89632107023411 0.939600011697291
8.92976588628762 0.940843540490814
8.96321070234114 0.942063045884633
8.99665551839465 0.943258927439535
9.03010033444816 0.944431580727157
9.06354515050167 0.945581397252286
9.09698996655518 0.946708764381745
9.1304347826087 0.947814065279601
9.16387959866221 0.948897678848485
9.19732441471572 0.94995997967678
9.23076923076923 0.951001337991468
9.26421404682274 0.952022119616395
9.29765886287625 0.953022685935762
9.33110367892977 0.954003393862613
9.36454849498328 0.954964595812116
9.39799331103679 0.955906639679442
9.4314381270903 0.956829868822029
9.46488294314381 0.957734622046058
9.49832775919732 0.958621233596928
9.53177257525084 0.959490033153565
9.56521739130435 0.960341345826382
9.59866220735786 0.961175492158707
9.63210702341137 0.961992788131517
9.66555183946488 0.962793545171318
9.69899665551839 0.963578070160994
9.73244147157191 0.96434666545349
9.76588628762542 0.965099628888171
9.79933110367893 0.965837253809703
9.83277591973244 0.966559829089327
9.86622073578595 0.96726763914839
9.89966555183946 0.967960963983986
9.93311036789298 0.968640079196606
9.96655518394649 0.969305256019645
10 0.969956761350672
