0 0.0350375248722603
0.0334448160535117 0.0358355325333911
0.0668896321070234 0.0366510251280051
0.100334448160535 0.0374843540280815
0.133779264214047 0.0383358762081698
0.167224080267559 0.0392059542656797
0.20066889632107 0.0400949564374054
0.234113712374582 0.0410032566120628
0.267558528428094 0.0419312343386128
0.301003344481605 0.0428792748301318
0.334448160535117 0.0438477689629874
0.367892976588629 0.0448371132710687
0.40133779264214 0.0458477099348105
0.434782608695652 0.0468799667647479
0.468227424749164 0.0479342971793261
0.501672240802676 0.0490111201766859
0.535117056856187 0.0501108603001357
0.568561872909699 0.0512339475970166
0.602006688963211 0.0523808175706569
0.635451505016722 0.0535519111251077
0.668896321070234 0.0547476745023453
0.702341137123746 0.0559685592116161
0.735785953177257 0.0572150219505984
0.769230769230769 0.0584875245180463
0.802675585284281 0.0597865337175763
0.836120401337793 0.0611125212522532
0.869565217391304 0.0624659636096262
0.903010033444816 0.0638473419368617
0.936454849498328 0.0652571419056175
0.969899665551839 0.066695853566298
1.00334448160535 0.0681639711913293
1.03678929765886 0.0696619931070899
1.07023411371237 0.0711904215141344
1.10367892976589 0.0727497622953432
1.1371237458194 0.0743405248116372
1.17056856187291 0.0759632216848941
1.20401337792642 0.0776183685677079
1.23745819397993 0.079306483899636
1.27090301003344 0.0810280886495836
1.30434782608696 0.0827837060439814
1.33779264214047 0.0845738612804203
1.37123745819398 0.0863990812264144
1.40468227424749 0.0882598941029757
1.438127090301 0.090156829152694
1.47157190635451 0.0920904162920297
1.50501672240803 0.0940611857475423
1.53846153846154 0.0960696676757936
1.57190635451505 0.0981163917666831
1.60535117056856 0.100201886829994
1.63879598662207 0.102326680364953
1.67224080267559 0.104491298112618
1.7056856187291 0.106696263590963
1.73913043478261 0.108942097612524
1.77257525083612 0.111229317784519
1.80602006688963 0.113558437991397
1.83946488294314 0.115929967859773
1.87290969899666 0.118344412205793
1.90635451505017 0.12080227046495
1.93979933110368 0.123304036104487
1.97324414715719 0.125850196018496
2.0066889632107 0.128441229905924
2.04013377926421 0.131077609631713
2.07357859531773 0.133759798571374
2.10702341137124 0.136488250939328
2.14046822742475 0.139263411101424
2.17391304347826 0.14208571287209
2.20735785953177 0.144955578796634
2.24080267558528 0.147873419419286
2.2742474916388 0.150839632537617
2.30769230769231 0.153854602444058
2.34113712374582 0.156918699155296
2.37458193979933 0.16003227763041
2.40802675585284 0.163195676978652
2.44147157190635 0.166409219657887
2.47491638795987 0.169673210664757
2.50836120401338 0.172987936717702
2.54180602006689 0.176353665434081
2.5752508361204 0.179770644502665
2.60869565217391 0.183239100852878
2.64214046822742 0.186759239822242
2.67558528428094 0.190331244323529
2.70903010033445 0.19395527401322
2.74247491638796 0.197631464462935
2.77591973244147 0.201359926335563
2.80936454849498 0.2051407445679
2.84280936454849 0.20897397756166
2.87625418060201 0.212859656384781
2.90969899665552 0.216797783985027
2.94314381270903 0.220788334417925
2.97658862876254 0.224831252091121
3.01003344481605 0.228926451027315
3.04347826086956 0.233073814147941
3.07692307692308 0.237273192579813
3.11036789297659 0.241524404986984
3.1438127090301 0.245827236930083
3.17725752508361 0.250181440255425
3.21070234113712 0.254586732516159
3.24414715719064 0.259042796427781
3.27759197324415 0.263549279360261
3.31103678929766 0.268105792869083
3.34448160535117 0.272711912267409
3.37792642140468 0.2773671762416
3.41137123745819 0.282071086512234
3.44481605351171 0.286823107542754
3.47826086956522 0.29162266629776
3.51170568561873 0.296469152052949
3.54515050167224 0.301361916258559
3.57859531772575 0.306300272458134
3.61204013377926 0.311283496264288
3.64548494983278 0.316310825393034
3.67892976588629 0.321381459758153
3.7123745819398 0.326494561626893
3.74581939799331 0.331649255838188
3.77926421404682 0.33684463008442
3.81270903010033 0.342079735257569
3.84615384615385 0.347353585860467
3.87959866220736 0.352665160483657
3.91304347826087 0.358013402348189
3.94648829431438 0.36339721991451
3.97993311036789 0.368815487557379
4.0133779264214 0.374267046306571
4.04682274247492 0.379750704652907
4.08026755852843 0.38526523941894
4.11371237458194 0.39080939669344
4.14715719063545 0.396381892828591
4.18060200668896 0.401981415498592
4.21404682274247 0.407606624818183
4.24749163879599 0.413256154519365
4.2809364548495 0.418928613184414
4.31438127090301 0.424622585533054
4.34782608695652 0.4303366337615
4.38127090301003 0.436069298930841
4.41471571906354 0.441819102402103
4.44816053511706 0.447584547315118
4.48160535117057 0.453364120108175
4.51505016722408 0.459156292075278
4.54849498327759 0.464959520957687
4.5819397993311 0.47077225256628
4.61538461538461 0.476592922431165
4.64882943143813 0.482419957474859
4.68227424749164 0.488251777705253
4.71571906354515 0.494086797924523
4.74916387959866 0.499923429450058
4.78260869565217 0.505760081843451
4.81605351170569 0.51159516464355
4.8494983277592 0.517427089099566
4.88294314381271 0.523254269900218
4.91638795986622 0.529075126894927
4.94983277591973 0.534888086803087
4.98327759197324 0.540691584907503
5.01672240802676 0.546484066728137
5.05016722408027 0.552263989672383
5.08361204013378 0.558029824658196
5.11705685618729 0.563780057706477
5.1505016722408 0.569513191499281
5.18394648829431 0.575227746900495
5.21739130434783 0.580922264435815
5.25083612040134 0.586595305728993
5.28428093645485 0.592245454891486
5.31772575250836 0.59787131986282
5.35117056856187 0.60347153369916
5.38461538461538 0.609044755807767
5.4180602006689 0.614589673125227
5.45150501672241 0.620105001237517
5.48494983277592 0.625589485440211
5.51839464882943 0.631041901737296
5.55183946488294 0.636461057777317
5.58528428093645 0.641845793725755
5.61872909698997 0.647194983072759
5.65217391304348 0.65250753337557
5.68561872909699 0.65778238693517
5.7190635451505 0.6630185214069
5.75250836120401 0.668214950344992
5.78595317725753 0.67337072368116
5.81939799331104 0.678484928137558
5.85284280936455 0.683556687574638
5.88628762541806 0.688585163274592
5.91973244147157 0.693569554161219
5.95317725752508 0.698509096957258
5.9866220735786 0.703403066280342
6.02006688963211 0.708250774678891
6.05351170568562 0.71305157260939
6.08695652173913 0.717804848356625
6.12040133779264 0.722510027898566
6.15384615384615 0.727166574717673
6.18729096989967 0.731773989560532
6.22073578595318 0.736331810147769
6.25418060200669 0.7408396108363
6.2876254180602 0.745297002236008
6.32107023411371 0.749703630783028
6.35451505016722 0.754059178271827
6.38795986622074 0.758363361348332
6.42140468227425 0.762615930966365
6.45484949832776 0.766816671809674
6.48829431438127 0.770965401681846
6.52173913043478 0.7750619708664
6.55518394648829 0.779106261459335
6.58862876254181 0.783098186676412
6.62207357859532 0.787037690137407
6.65551839464883 0.79092474512956
6.68896321070234 0.794759353852395
6.72240802675585 0.798541546646057
6.75585284280936 0.802271381205265
6.78929765886288 0.805948941780915
6.82274247491639 0.809574338371338
6.8561872909699 0.813147705905132
6.88963210702341 0.816669203417438
6.92307692307692 0.820139013221473
6.95652173913043 0.823557340077044
6.98996655518395 0.826924410357715
7.02341137123746 0.830240471218225
7.05685618729097 0.833505789763659
7.09030100334448 0.836720652221844
7.12374581939799 0.839885363120327
7.1571906354515 0.843000244469226
7.19063545150502 0.846065634951196
7.22408026755853 0.849081889119629
7.25752508361204 0.852049376606187
7.29096989966555 0.854968481338648
7.32441471571906 0.857839600769996
7.35785953177257 0.860663145119613
7.39130434782609 0.863439536627349
7.4247491638796 0.866169208821201
7.45819397993311 0.868852605799226
7.49163879598662 0.871490181526303
7.52508361204013 0.874082399146236
7.55852842809364 0.876629730309676
7.59197324414716 0.879132654518265
7.62541806020067 0.88159165848534
7.65886287625418 0.884007235513487
7.69230769230769 0.886379884889195
7.7257525083612 0.888710111294798
7.75919732441471 0.890998424237838
7.79264214046823 0.893245337497963
7.82608695652174 0.895451368591406
7.85953177257525 0.897617038253068
7.89297658862876 0.899742869936179
7.92642140468227 0.901829389329486
7.95986622073579 0.90387712389188
7.9933110367893 0.905886602404332
8.02675585284281 0.907858354539008
8.06020066889632 0.909792910445363
8.09364548494983 0.911690800353049
8.12709030100334 0.91355255419138
8.16053511705686 0.915378701225137
8.19397993311037 0.917169769706443
8.22742474916388 0.918926286542432
8.26086956521739 0.920648776978423
8.2943143812709 0.922337764296286
8.32775919732441 0.92399376952769
8.36120401337793 0.925617311181907
8.39464882943144 0.927208904987825
8.42809364548495 0.928769063649837
8.46153846153846 0.930298296617251
8.49498327759197 0.931797109866864
8.52842809364548 0.933266005698347
8.561872909699 0.934705482542073
8.59531772575251 0.936116034779026
8.62876254180602 0.937498152572435
8.66220735785953 0.938852321710749
8.69565217391304 0.940179023461615
8.72909698996656 0.941478734436473
8.76254180602007 0.942751926465429
8.79598662207358 0.943999066482032
8.82943143812709 0.945220616417616
8.8628762541806 0.946417033104848
8.89632107023411 0.947588768190146
8.92976588628762 0.948736268054618
8.96321070234114 0.949859973743201
8.99665551839465 0.95096032090166
9.03010033444816 0.952037739721126
9.06354515050167 0.953092654889871
9.09698996655518 0.954125485551991
9.1304347826087 0.955136645272712
9.16387959866221 0.956126542010012
9.19732441471572 0.957095578092274
9.23076923076923 0.958044150201697
9.26421404682274 0.958972649363181
9.29765886287625 0.959881460938419
9.33110367892977 0.96077096462495
9.36454849498328 0.961641534459909
9.39799331103679 0.962493538828234
9.4314381270903 0.963327340475102
9.46488294314381 0.964143296522343
9.49832775919732 0.964941758488639
9.53177257525084 0.965723072313274
9.56521739130435 0.966487578383232
9.59866220735786 0.967235611563444
9.63210702341137 0.967967501229998
9.66555183946488 0.968683571306111
9.69899665551839 0.969384140300697
9.73244147157191 0.970069521349357
9.76588628762542 0.970740022257615
9.79933110367893 0.971395945546255
9.83277591973244 0.972037588498593
9.86622073578595 0.972665243209545
9.89966555183946 0.973279196636353
9.93311036789298 0.973879730650817
9.96655518394649 0.974467122092931
10 0.97504164282577
