0 0.0476128123922738
0.0334448160535117 0.0485942891417171
0.0668896321070234 0.0495949442072174
0.100334448160535 0.0506151085713054
0.133779264214047 0.0516551171094467
0.167224080267559 0.0527153085564162
0.20066889632107 0.0537960254682654
0.234113712374582 0.0548976141797073
0.267558528428094 0.0560204247567407
0.301003344481605 0.0571648109443322
0.334448160535117 0.058331130108974
0.367892976588629 0.0595197431759277
0.40133779264214 0.0607310145609683
0.434782608695652 0.0619653120964332
0.468227424749164 0.0632230069513859
0.501672240802676 0.0645044735456969
0.535117056856187 0.0658100894578443
0.568561872909699 0.0671402353262381
0.602006688963211 0.0684952947438656
0.635451505016722 0.0698756541460603
0.668896321070234 0.0712817026911926
0.702341137123746 0.0727138321340831
0.735785953177257 0.0741724366919366
0.769230769230769 0.0756579129026011
0.802675585284281 0.0771706594749515
0.836120401337793 0.0787110771312042
0.869565217391304 0.0802795684409686
0.903010033444816 0.0818765376468466
0.936454849498328 0.0835023904813921
0.969899665551839 0.0851575339752498
1.00334448160535 0.0868423762562942
1.03678929765886 0.0885573263395988
1.07023411371237 0.0903027939080687
1.10367892976589 0.0920791890835777
1.1371237458194 0.0938869221884604
1.17056856187291 0.0957264034972158
1.20401337792642 0.0975980429782903
1.23745819397993 0.0995022500258163
1.27090301003344 0.101439433181198
1.30434782608696 0.103409999844438
1.33779264214047 0.105414355975134
1.37123745819398 0.107452905783048
1.40468227424749 0.109526051408217
1.438127090301 0.11163419259055
1.47157190635451 0.113777726328887
1.50501672240803 0.115957046529521
1.53846153846154 0.118172543644185
1.57190635451505 0.120424604297556
1.60535117056856 0.122713610904307
1.63879598662207 0.125039941275811
1.67224080267559 0.127403968216568
1.7056856187291 0.129806059110514
1.73913043478261 0.132246575497333
1.77257525083612 0.134725872638976
1.80602006688963 0.13724429907657
1.83946488294314 0.139802196177973
1.87290969899666 0.142399897676228
1.90635451505017 0.145037729199218
1.93979933110368 0.147716007790849
1.97324414715719 0.150435041424118
2.0066889632107 0.153195128506471
2.04013377926421 0.155996557377871
2.07357859531773 0.158839605802052
2.10702341137124 0.161724540451438
2.14046822742475 0.1646516163863
2.17391304347826 0.167621076528687
2.20735785953177 0.170633151131767
2.24080267558528 0.173688057245229
2.2742474916388 0.176785998177413
2.30769230769231 0.179927162954911
2.34113712374582 0.183111725780404
2.37458193979933 0.186339845489521
2.40802675585284 0.189611665007569
2.44147157190635 0.192927310807014
2.47491638795987 0.196286892366608
2.50836120401338 0.19969050163313
2.54180602006689 0.203138212486703
2.5752508361204 0.20663008021072
2.60869565217391 0.21016614096741
2.64214046822742 0.213746411280136
2.67558528428094 0.217370887523519
2.70903010033445 0.221039545422532
2.74247491638796 0.224752339561719
2.77591973244147 0.228509202905716
2.80936454849498 0.232310046332282
2.84280936454849 0.236154758179056
2.87625418060201 0.240043203805277
2.90969899665552 0.243975225169703
2.94314381270903 0.247950640425998
2.97658862876254 0.251969243536837
3.01003344481605 0.256030803907982
3.04347826086956 0.260135066043609
3.07692307692308 0.264281749224116
3.11036789297659 0.268470547207668
3.1438127090301 0.272701127956702
3.17725752508361 0.276973133390594
3.21070234113712 0.281286179165695
3.24414715719064 0.285639854483863
3.27759197324415 0.290033721930645
3.31103678929766 0.294467317344187
3.34448160535117 0.298940149715912
3.37792642140468 0.303451701123982
3.41137123745819 0.308001426700487
3.44481605351171 0.312588754633252
3.47826086956522 0.317213086203105
3.51170568561873 0.321873795857377
3.54515050167224 0.326570231320319
3.57859531772575 0.331301713741088
3.61204013377926 0.336067537879834
3.64548494983278 0.340866972332362
3.67892976588629 0.345699259793756
3.7123745819398 0.350563617361254
3.74581939799331 0.355459236876585
3.77926421404682 0.360385285307862
3.81270903010033 0.365340905171059
3.84615384615385 0.370325214990962
3.87959866220736 0.375337309801427
3.91304347826087 0.380376261684617
3.94648829431438 0.385441120348847
3.97993311036789 0.390530913744514
4.0133779264214 0.395644648717501
4.04682274247492 0.400781311699343
4.08026755852843 0.405939869433316
4.11371237458194 0.411119269735532
4.14715719063545 0.416318442290002
4.18060200668896 0.421536299476524
4.21404682274247 0.426771737230171
4.24749163879599 0.432023635931041
4.2809364548495 0.437290861322838
4.31438127090301 0.442572265458775
4.34782608695652 0.447866687673195
4.38127090301003 0.453172955577212
4.41471571906354 0.458489886076629
4.44816053511706 0.463816286410282
4.48160535117057 0.469150955206921
4.51505016722408 0.47449268355865
4.54849498327759 0.479840256108933
4.5819397993311 0.485192452153082
4.61538461538461 0.490548046749126
4.64882943143813 0.495905811836926
4.68227424749164 0.501264517363368
4.71571906354515 0.506622932411437
4.74916387959866 0.511979826330979
4.78260869565217 0.517333969868944
4.81605351170569 0.522684136296902
4.8494983277592 0.528029102533636
4.88294314381271 0.533367650260636
4.91638795986622 0.538698567028334
4.94983277591973 0.544020647350961
4.98327759197324 0.549332693787932
5.01672240802676 0.55463351800972
5.05016722408027 0.559921941846231
5.08361204013378 0.565196798315737
5.11705685618729 0.570456932632509
5.1505016722408 0.575701203191336
5.18394648829431 0.580928482527212
5.21739130434783 0.58613765824854
5.25083612040134 0.591327633942292
5.28428093645485 0.596497330049647
5.31772575250836 0.601645684710726
5.35117056856187 0.606771654577138
5.38461538461538 0.611874215591145
5.4180602006689 0.61695236373036
5.45150501672241 0.622005115716994
5.48494983277592 0.627031509690767
5.51839464882943 0.632030605844708
5.55183946488294 0.637001487023183
5.58528428093645 0.641943259281576
5.61872909698997 0.646855052407174
5.65217391304348 0.651736020400902
5.68561872909699 0.656585341919667
5.7190635451505 0.661402220679154
5.75250836120401 0.666185885817046
5.78595317725753 0.67093559221672
5.81939799331104 0.67565062079156
5.85284280936455 0.680330278730161
5.88628762541806 0.684973899702722
5.91973244147157 0.689580844029097
5.95317725752508 0.694150498808971
5.9866220735786 0.698682278014777
6.02006688963211 0.703175622547999
6.05351170568562 0.707630000259609
6.08695652173913 0.712044905935427
6.12040133779264 0.716419861247277
6.15384615384615 0.720754414670857
6.18729096989967 0.725048141371295
6.22073578595318 0.729300643057424
6.25418060200669 0.733511547805834
6.2876254180602 0.737680509855814
6.32107023411371 0.741807209376322
6.35451505016722 0.745891352206158
6.38795986622074 0.749932669568537
6.42140468227425 0.753930917761281
6.45484949832776 0.757885877823854
6.48829431438127 0.761797355182509
6.52173913043478 0.765665179274784
6.55518394648829 0.769489203154608
6.58862876254181 0.773269303079296
6.62207357859532 0.777005378079661
6.65551839464883 0.780697349514523
6.68896321070234 0.784345160610828
6.72240802675585 0.787948775990633
6.75585284280936 0.791508181186139
6.78929765886288 0.795023382143984
6.82274247491639 0.798494404719968
6.8561872909699 0.801921294165335
6.88963210702341 0.805304114605767
6.92307692307692 0.808642948514147
6.95652173913043 0.811937896178188
6.98996655518395 0.815189075163934
7.02341137123746 0.818396619776148
7.05685618729097 0.821560680516547
7.09030100334448 0.824681423540817
7.12374581939799 0.827759030115295
7.1571906354515 0.830793696074194
7.19063545150502 0.833785631278163
7.22408026755853 0.836735059075
7.25752508361204 0.839642215763236
7.29096989966555 0.842507350059307
7.32441471571906 0.845330722568987
7.35785953177257 0.848112605263711
7.39130434782609 0.850853280962381
7.4247491638796 0.853553042819212
7.45819397993311 0.856212193818139
7.49163879598662 0.858831046274272
7.52508361204013 0.861409921342838
7.55852842809364 0.863949148536037
7.59197324414716 0.866449065248175
7.62541806020067 0.868910016289437
7.65886287625418 0.871332353428594
7.69230769230769 0.873716434944952
7.7257525083612 0.876062625189759
7.75919732441471 0.878371294157328
7.79264214046823 0.880642817066043
7.82608695652174 0.882877573949428
7.85953177257525 0.885075949257409
7.89297658862876 0.887238331467888
7.92642140468227 0.889365112708726
7.95986622073579 0.891456688390181
7.9933110367893 0.89351345684787
8.02675585284281 0.895535818996261
8.06020066889632 0.897524177992708
8.09364548494983 0.899478938912011
8.12709030100334 0.901400508431474
8.16053511705686 0.903289294526399
8.19397993311037 0.905145706175967
8.22742474916388 0.906970153079425
8.26086956521739 0.908763045382466
8.2943143812709 0.910524793413732
8.32775919732441 0.912255807431289
8.36120401337793 0.91395649737897
8.39464882943144 0.915627272652436
8.42809364548495 0.917268541874815
8.46153846153846 0.918880712681759
8.49498327759197 0.920464191515765
8.52842809364548 0.922019383429579
8.561872909699 0.923546691898524
8.59531772575251 0.925046518641559
8.62876254180602 0.926519263450889
8.66220735785953 0.927965324029943
8.69565217391304 0.929385095839516
8.72909698996656 0.930778971951901
8.76254180602007 0.932147342912789
8.79598662207358 0.933490596610761
8.82943143812709 0.934809118154157
8.8628762541806 0.936103289755137
8.89632107023411 0.937373490620717
8.92976588628762 0.938620096850592
8.96321070234114 0.939843481341542
8.99665551839465 0.94104401369822
9.03010033444816 0.942222060150129
9.06354515050167 0.943377983474589
9.09698996655518 0.944512142925495
9.1304347826087 0.94562489416768
9.16387959866221 0.946716589216694
9.19732441471572 0.947787576383801
9.23076923076923 0.948838200226012
9.26421404682274 0.949868801500988
9.29765886287625 0.950879717126599
9.33110367892977 0.951871280145001
9.36454849498328 0.952843819691027
9.39799331103679 0.953797660964738
9.4314381270903 0.954733125207965
9.46488294314381 0.955650529684676
9.49832775919732 0.956550187665009
9.53177257525084 0.957432408412818
9.56521739130435 0.958297497176574
9.59866220735786 0.959145755183484
9.63210702341137 0.959977479636665
9.66555183946488 0.960792963715252
9.69899665551839 0.961592496577291
9.73244147157191 0.962376363365276
9.76588628762542 0.963144845214232
9.79933110367893 0.963898219262172
9.83277591973244 0.964636758662847
9.86622073578595 0.965360732600647
9.89966555183946 0.966070406307544
9.93311036789298 0.966766041081971
9.96655518394649 0.967447894309516
10 0.96811621948535
