0 0.0334518642157275
0.0334448160535117 0.0342305163501351
0.0668896321070234 0.035026636196706
0.100334448160535 0.035840584744899
0.133779264214047 0.0366727289942694
0.167224080267559 0.0375234419845022
0.20066889632107 0.038393102821678
0.234113712374582 0.0392820967005315
0.267558528428094 0.0401908149224569
0.301003344481605 0.0411196549090056
0.334448160535117 0.0420690202106127
0.367892976588629 0.0430393205102784
0.40133779264214 0.0440309716219267
0.434782608695652 0.0450443954831475
0.468227424749164 0.0460800201420277
0.501672240802676 0.0471382797377611
0.535117056856187 0.0482196144747228
0.568561872909699 0.0493244705896832
0.602006688963211 0.0504533003118294
0.635451505016722 0.051606561815252
0.668896321070234 0.0527847191635481
0.702341137123746 0.0539882422461839
0.735785953177257 0.0552176067062519
0.769230769230769 0.0564732938592494
0.802675585284281 0.0577557906025008
0.836120401337793 0.0590655893148361
0.869565217391304 0.0604031877461348
0.903010033444816 0.0617690888963363
0.936454849498328 0.0631638008835154
0.969899665551839 0.0645878368006136
1.00334448160535 0.0660417145604161
1.03678929765886 0.06752595672836
1.07023411371237 0.0690410903427564
1.10367892976589 0.0705876467220079
1.1371237458194 0.0721661612584043
1.17056856187291 0.0737771731980753
1.20401337792642 0.0754212254066872
1.23745819397993 0.0770988641204658
1.27090301003344 0.0788106386821385
1.30434782608696 0.0805571012613894
1.33779264214047 0.0823388065594298
1.37123745819398 0.084156311497295
1.40468227424749 0.0860101748874871
1.438127090301 0.087900957088596
1.47157190635451 0.0898292196425431
1.50501672240803 0.0917955248941099
1.53846153846154 0.0938004355924261
1.57190635451505 0.095844514474117
1.60535117056856 0.0979283238278261
1.63879598662207 0.100052425039855
1.67224080267559 0.102217378120691
1.7056856187291 0.104423741212209
1.73913043478261 0.106672070075389
1.77257525083612 0.108962917558396
1.80602006688963 0.111296833044917
1.83946488294314 0.113674361882709
1.87290969899666 0.1160960447923
1.90635451505017 0.118562417255895
1.93979933110368 0.12107400888653
1.97324414715719 0.123631342777604
2.0066889632107 0.126234934832942
2.04013377926421 0.128885293077631
2.07357859531773 0.131582916949893
2.10702341137124 0.134328296574344
2.14046822742475 0.137121912017052
2.17391304347826 0.139964232522852
2.20735785953177 0.14285571573547
2.24080267558528 0.145796806901068
2.2742474916388 0.148787938055891
2.30769230769231 0.151829527198787
2.34113712374582 0.154921977449442
2.37458193979933 0.158065676193245
2.40802675585284 0.161260994213799
2.44147157190635 0.164508284814162
2.47491638795987 0.167807882927997
2.50836120401338 0.171160104221886
2.54180602006689 0.174565244190165
2.5752508361204 0.178023577243719
2.60869565217391 0.181535355794254
2.64214046822742 0.185100809335661
2.67558528428094 0.188720143524186
2.70903010033445 0.192393539259176
2.74247491638796 0.196121151766284
2.77591973244147 0.199903109685086
2.80936454849498 0.203739514163148
2.84280936454849 0.20763043795865
2.87625418060201 0.211575924553774
2.90969899665552 0.215575987281087
2.94314381270903 0.219630608465279
2.97658862876254 0.223739738582614
3.01003344481605 0.227903295440559
3.04347826086956 0.232121163380065
3.07692307692308 0.23639319250306
3.11036789297659 0.240719197927701
3.1438127090301 0.245098959074005
3.17725752508361 0.249532218982472
3.21070234113712 0.254018683668328
3.24414715719064 0.258558021514034
3.27759197324415 0.263149862702675
3.31103678929766 0.267793798694845
3.34448160535117 0.2724893817516
3.37792642140468 0.277236124506031
3.41137123745819 0.282033499585932
3.44481605351171 0.286880939290002
3.47826086956522 0.291777835319925
3.51170568561873 0.296723538570598
3.54515050167224 0.301717358980673
3.57859531772575 0.306758565445475
3.61204013377926 0.311846385794223
3.64548494983278 0.316980006833366
3.67892976588629 0.322158574457675
3.7123745819398 0.327381193830599
3.74581939799331 0.332646929635211
3.77926421404682 0.337954806396886
3.81270903010033 0.343303808878681
3.84615384615385 0.348692882550163
3.87959866220736 0.354120934130252
3.91304347826087 0.359586832204397
3.94648829431438 0.365089407916215
3.97993311036789 0.370627455733453
4.0133779264214 0.376199734287933
4.04682274247492 0.38180496728888
4.08026755852843 0.387441844508794
4.11371237458194 0.393109022840777
4.14715719063545 0.398805127425988
4.18060200668896 0.40452875284965
4.21404682274247 0.410278464403776
4.24749163879599 0.416052799414555
4.2809364548495 0.421850268632092
4.31438127090301 0.427669357679968
4.34782608695652 0.43350852856184
4.38127090301003 0.439366221222124
4.41471571906354 0.445240855157549
4.44816053511706 0.4511308310762
4.48160535117057 0.457034532600468
4.51505016722408 0.46295032801016
4.54849498327759 0.468876572021855
4.5819397993311 0.474811607600441
4.61538461538461 0.480753767798645
4.64882943143813 0.486701377620265
4.68227424749164 0.49265275590268
4.71571906354515 0.498606217214179
4.74916387959866 0.504560073761554
4.78260869565217 0.510512637303389
4.81605351170569 0.516462221064413
4.8494983277592 0.522407141646342
4.88294314381271 0.528345720930572
4.91638795986622 0.534276287968196
4.94983277591973 0.540197180852811
4.98327759197324 0.546106748571691
5.01672240802676 0.552003352830952
5.05016722408027 0.557885369850497
5.08361204013378 0.563751192124586
5.11705685618729 0.569599230144067
5.1505016722408 0.575427914076432
5.18394648829431 0.581235695400042
5.21739130434783 0.587021048489031
5.25083612040134 0.592782472145615
5.28428093645485 0.598518491076714
5.31772575250836 0.604227657312028
5.35117056856187 0.609908551560919
5.38461538461538 0.61555978450568
5.4180602006689 0.621179998029024
5.45150501672241 0.626767866373839
5.48494983277592 0.632322097233538
5.51839464882943 0.637841432771527
5.55183946488294 0.643324650568623
5.58528428093645 0.648770564497438
5.61872909698997 0.654178025523045
5.65217391304348 0.659545922429436
5.68561872909699 0.664873182471567
5.7190635451505 0.67015877195297
5.75250836120401 0.67540169672918
5.78595317725753 0.680601002637419
5.81939799331104 0.685755775853206
5.85284280936455 0.690865143174756
5.88628762541806 0.695928272236229
5.91973244147157 0.700944371651071
5.95317725752508 0.705912691086884
5.9866220735786 0.710832521273378
6.02006688963211 0.715703193945165
6.05351170568562 0.720524081721255
6.08695652173913 0.725294597923258
6.12040133779264 0.730014196334415
6.15384615384615 0.734682370901668
6.18729096989967 0.739298655383099
6.22073578595318 0.743862622943115
6.25418060200669 0.748373885697852
6.2876254180602 0.752832094213312
6.32107023411371 0.757236936958788
6.35451505016722 0.761588139718192
6.38795986622074 0.765885464961879
6.42140468227425 0.770128711181626
6.45484949832776 0.774317712191377
6.48829431438127 0.778452336396397
6.52173913043478 0.782532486033435
6.55518394648829 0.786558096384493
6.58862876254181 0.790529134966747
6.62207357859532 0.794445600701139
6.65551839464883 0.798307523062104
6.68896321070234 0.802114961210851
6.72240802675585 0.805868003114549
6.75585284280936 0.809566764653714
6.78929765886288 0.813211388720011
6.82274247491639 0.81680204430664
6.8561872909699 0.820338925593351
6.88963210702341 0.823822251028105
6.92307692307692 0.827252262407288
6.95652173913043 0.830629223956296
6.98996655518395 0.833953421412243
7.02341137123746 0.837225161110439
7.05685618729097 0.840444769076215
7.09030100334448 0.84361259012356
7.12374581939799 0.846728986961978
7.1571906354515 0.849794339312844
7.19063545150502 0.852809043036504
7.22408026755853 0.855773509271223
7.25752508361204 0.858688163585041
7.29096989966555 0.861553445141497
7.32441471571906 0.86436980588009
7.35785953177257 0.867137709712296
7.39130434782609 0.869857631733841
7.4247491638796 0.872530057453907
7.45819397993311 0.87515548204181
7.49163879598662 0.877734409591686
7.52508361204013 0.880267352405608
7.55852842809364 0.882754830295495
7.59197324414716 0.885197369904153
7.62541806020067 0.887595504045658
7.65886287625418 0.889949771065313
7.69230769230769 0.892260714219292
7.7257525083612 0.894528881074066
7.75919732441471 0.896754822925666
7.79264214046823 0.898939094238753
7.82608695652174 0.90108225210547
7.85953177257525 0.90318485572398
7.89297658862876 0.905247465896566
7.92642140468227 0.907270644547132
7.95986622073579 0.909254954257922
7.9933110367893 0.911200957825238
8.02675585284281 0.913109217833892
8.06020066889632 0.914980296250153
8.09364548494983 0.916814754032862
8.12709030100334 0.918613150762426
8.16053511705686 0.920376044287346
8.19397993311037 0.922103990387933
8.22742474916388 0.923797542456861
8.26086956521739 0.925457251196157
8.2943143812709 0.927083664330276
8.32775919732441 0.928677326334838
8.36120401337793 0.930238778180642
8.39464882943144 0.931768557092545
8.42809364548495 0.933267196322792
8.46153846153846 0.934735224938381
8.49498327759197 0.936173167622048
8.52842809364548 0.937581544486458
8.561872909699 0.938960870901165
8.59531772575251 0.94031165733195
8.62876254180602 0.941634409192096
8.66220735785953 0.942929626705207
8.69565217391304 0.944197804779145
8.72909698996656 0.945439432890697
8.76254180602007 0.946654994980554
8.79598662207358 0.947844969358221
8.82943143812709 0.949009828616463
8.8628762541806 0.950150039554907
8.89632107023411 0.951266063112416
8.92976588628762 0.952358354307885
8.96321070234114 0.953427362189077
8.99665551839465 0.954473529789164
9.03010033444816 0.955497294090609
9.06354515050167 0.956499085996073
9.09698996655518 0.957479330306007
9.1304347826087 0.958438445702607
9.16387959866221 0.959376844739823
9.19732441471572 0.960294933839131
9.23076923076923 0.961193113290755
9.26421404682274 0.962071777260064
9.29765886287625 0.962931313798872
9.33110367892977 0.963772104861364
9.36454849498328 0.964594526324394
9.39799331103679 0.965398948011907
9.4314381270903 0.966185733723235
9.46488294314381 0.966955241265043
9.49832775919732 0.967707822486693
9.53177257525084 0.968443823318812
9.56521739130435 0.96916358381486
9.59866220735786 0.969867438195481
9.63210702341137 0.970555714895466
9.66555183946488 0.971228736613121
9.69899665551839 0.971886820361884
9.73244147157191 0.972530277523993
9.76588628762542 0.973159413906073
9.79933110367893 0.973774529796451
9.83277591973244 0.974375920024084
9.86622073578595 0.974963874018926
9.89966555183946 0.975538675873616
9.93311036789298 0.976100604406349
9.96655518394649 0.976649933224808
10 0.977186930791034
