0 0.0395503570405774
0.0334448160535117 0.040408335304059
0.0668896321070234 0.0412841259202414
0.100334448160535 0.0421780636820102
0.133779264214047 0.0430904881431602
0.167224080267559 0.0440217436166272
0.20066889632107 0.0449721791688577
0.234113712374582 0.0459421486101221
0.267558528428094 0.046932010480577
0.301003344481605 0.0479421280318718
0.334448160535117 0.0489728692040933
0.367892976588629 0.0500246065978342
0.40133779264214 0.0510977174411695
0.434782608695652 0.0521925835513155
0.468227424749164 0.0533095912907463
0.501672240802676 0.0544491315175338
0.535117056856187 0.0556115995296751
0.568561872909699 0.056797395003166
0.602006688963211 0.0580069219235755
0.635451505016722 0.0592405885108718
0.668896321070234 0.0604988071372473
0.702341137123746 0.0617819942376863
0.735785953177257 0.0630905702130155
0.769230769230769 0.0644249593251776
0.802675585284281 0.0657855895844606
0.836120401337793 0.0671728926284196
0.869565217391304 0.0685873035922218
0.903010033444816 0.0700292609701472
0.936454849498328 0.0714992064679753
0.969899665551839 0.0729975848459898
1.00334448160535 0.0745248437523332
1.03678929765886 0.0760814335464439
1.07023411371237 0.0776678071123126
1.10367892976589 0.0792844196612949
1.1371237458194 0.0809317285242233
1.17056856187291 0.0826101929325642
1.20401337792642 0.0843202737883716
1.23745819397993 0.0860624334227956
1.27090301003344 0.0878371353429106
1.30434782608696 0.0896448439666368
1.33779264214047 0.0914860243455366
1.37123745819398 0.0933611418752802
1.40468227424749 0.0952706619935831
1.438127090301 0.0972150498654345
1.47157190635451 0.0991947700554464
1.50501672240803 0.10121028618717
1.53846153846154 0.103262060589242
1.57190635451505 0.105350553928246
1.60535117056856 0.107476224828179
1.63879598662207 0.109639529476457
1.67224080267559 0.111840921216398
1.7056856187291 0.114080850126142
1.73913043478261 0.116359762584016
1.77257525083612 0.118678100820351
1.80602006688963 0.121036302455808
1.83946488294314 0.123434800026286
1.87290969899666 0.125874020494523
1.90635451505017 0.12835438474854
1.93979933110368 0.130876307087097
1.97324414715719 0.133440194692382
2.0066889632107 0.136046447090192
2.04013377926421 0.138695455597883
2.07357859531773 0.141387602760443
2.10702341137124 0.144123261775049
2.14046822742475 0.146902795904545
2.17391304347826 0.149726557880283
2.20735785953177 0.152594889294878
2.24080267558528 0.155508119985398
2.2742474916388 0.158466567407633
2.30769230769231 0.161470536002076
2.34113712374582 0.164520316552356
2.37458193979933 0.167616185536858
2.40802675585284 0.17075840447437
2.44147157190635 0.173947219264604
2.47491638795987 0.177182859524533
2.50836120401338 0.180465537921498
2.54180602006689 0.183795449504134
2.5752508361204 0.187172771032177
2.60869565217391 0.190597660306289
2.64214046822742 0.194070255499101
2.67558528428094 0.197590674488679
2.70903010033445 0.201159014195731
2.74247491638796 0.204775349925853
2.77591973244147 0.208439734718223
2.80936454849498 0.212152198702143
2.84280936454849 0.215912748462903
2.87625418060201 0.219721366418469
2.90969899665552 0.223578010208536
2.94314381270903 0.22748261209751
2.97658862876254 0.231435078393032
3.01003344481605 0.235435288881675
3.04347826086956 0.239483096283446
3.07692307692308 0.243578325726781
3.11036789297659 0.2477207742457
3.1438127090301 0.251910210300826
3.17725752508361 0.256146373325937
3.21070234113712 0.260428973301761
3.24414715719064 0.264757690358687
3.27759197324415 0.269132174410053
3.31103678929766 0.273552044817667
3.34448160535117 0.278016890091171
3.37792642140468 0.282526267622846
3.41137123745819 0.287079703459388
3.44481605351171 0.291676692112178
3.47826086956522 0.296316696407468
3.51170568561873 0.300999147377893
3.54515050167224 0.305723444196611
3.57859531772575 0.310488954155338
3.61204013377926 0.31529501268742
3.64548494983278 0.320140923437045
3.67892976588629 0.325025958375562
3.7123745819398 0.329949357965807
3.74581939799331 0.334910331375207
3.77926421404682 0.339908056738335
3.81270903010033 0.344941681469459
3.84615384615385 0.350010322625522
3.87959866220736 0.355113067319843
3.91304347826087 0.360248973186716
3.94648829431438 0.36541706889693
3.97993311036789 0.370616354724105
4.0133779264214 0.375845803161593
4.04682274247492 0.381104359589549
4.08026755852843 0.386390942991624
4.11371237458194 0.391704446720596
4.14715719063545 0.397043739312089
4.18060200668896 0.402407665345407
4.21404682274247 0.40779504635032
4.24749163879599 0.413204681758551
4.2809364548495 0.418635349898505
4.31438127090301 0.424085809031696
4.34782608695652 0.42955479842914
4.38127090301003 0.435041039485896
4.41471571906354 0.440543236871761
4.44816053511706 0.446060079716038
4.48160535117057 0.451590242824162
4.51505016722408 0.457132387923852
4.54849498327759 0.462685164938373
4.5819397993311 0.468247213284372
4.61538461538461 0.473817163191692
4.64882943143813 0.47939363704246
4.68227424749164 0.4849752507267
4.71571906354515 0.490560615011654
4.74916387959866 0.49614833692193
4.78260869565217 0.501737021127593
4.81605351170569 0.50732527133724
4.8494983277592 0.512911691693122
4.88294314381271 0.518494888165342
4.91638795986622 0.524073469942174
4.94983277591973 0.529646050813568
4.98327759197324 0.535211250544899
5.01672240802676 0.540767696238107
5.05016722408027 0.546314023677364
5.08361204013378 0.551848878656501
5.11705685618729 0.55737091828547
5.1505016722408 0.56287881227321
5.18394648829431 0.568371244184343
5.21739130434783 0.573846912667257
5.25083612040134 0.57930453265119
5.28428093645485 0.584742836510073
5.31772575250836 0.59016057519099
5.35117056856187 0.595556519305229
5.38461538461538 0.600929460180038
5.4180602006689 0.60627821086933
5.45150501672241 0.611601607121698
5.48494983277592 0.616898508304284
5.51839464882943 0.622167798281137
5.55183946488294 0.627408386244885
5.58528428093645 0.632619207500668
5.61872909698997 0.63779922420144
5.65217391304348 0.642947426033884
5.68561872909699 0.648062830854357
5.7190635451505 0.653144485274391
5.75250836120401 0.658191465195464
5.78595317725753 0.663202876292872
5.81939799331104 0.668177854448672
5.85284280936455 0.67311556613383
5.88628762541806 0.678015208739808
5.91973244147157 0.68287601085998
5.95317725752508 0.687697232521368
5.9866220735786 0.692478165367348
6.02006688963211 0.69721813279203
6.05351170568562 0.701916490027186
6.08695652173913 0.706572624182657
6.12040133779264 0.7111859542413
6.15384615384615 0.715755931009593
6.18729096989967 0.720282037025123
6.22073578595318 0.724763786422252
6.25418060200669 0.729200724757326
6.2876254180602 0.733592428794837
6.32107023411371 0.737938506256043
6.35451505016722 0.742238595531553
6.38795986622074 0.746492365359471
6.42140468227425 0.750699514470681
6.45484949832776 0.754859771202941
6.48829431438127 0.758972893085413
6.52173913043478 0.763038666395333
6.55518394648829 0.767056905688491
6.58862876254181 0.771027453305211
6.62207357859532 0.774950178853541
6.65551839464883 0.778824978671306
6.68896321070234 0.782651775268731
6.72240802675585 0.786430516753264
6.75585284280936 0.790161176238254
6.78929765886288 0.793843751237084
6.82274247491639 0.797478263044361
6.8561872909699 0.801064756105687
6.88963210702341 0.804603297377565
6.92307692307692 0.808093975678883
6.95652173913043 0.811536901035444
6.98996655518395 0.814932204018913
7.02341137123746 0.818280035081551
7.05685618729097 0.821580563888023
7.09030100334448 0.824833978645543
7.12374581939799 0.828040485433552
7.1571906354515 0.831200307534091
7.19063545150502 0.83431368476396
7.22408026755853 0.837380872809711
7.25752508361204 0.84040214256648
7.29096989966555 0.843377779481585
7.32441471571906 0.846308082903792
7.35785953177257 0.849193365439073
7.39130434782609 0.852033952313645
7.4247491638796 0.854830180745024
7.45819397993311 0.857582399321767
7.49163879598662 0.860290967392535
7.52508361204013 0.862956254465054
7.55852842809364 0.865578639615516
7.59197324414716 0.868158510908889
7.62541806020067 0.870696264830582
7.65886287625418 0.873192305729867
7.69230769230769 0.875647045275389
7.7257525083612 0.878060901923093
7.75919732441471 0.88043430039682
7.79264214046823 0.882767671181817
7.82608695652174 0.885061450031336
7.85953177257525 0.887316077486497
7.89297658862876 0.889531998409523
7.92642140468227 0.891709661530443
7.95986622073579 0.893849519007333
7.9933110367893 0.895952026000098
8.02675585284281 0.898017640257835
8.06020066889632 0.900046821719719
8.09364548494983 0.902040032129388
8.12709030100334 0.903997734662747
8.16053511705686 0.905920393569098
8.19397993311037 0.907808473825491
8.22742474916388 0.909662440804155
8.26086956521739 0.911482759952879
8.2943143812709 0.913269896488153
8.32775919732441 0.915024315100921
8.36120401337793 0.916746479674733
8.39464882943144 0.918436853016107
8.42809364548495 0.920095896596873
8.46153846153846 0.921724070308291
8.49498327759197 0.923321832226705
8.52842809364548 0.924889638390485
8.561872909699 0.926427942588028
8.59531772575251 0.927937196156547
8.62876254180602 0.92941784779141
8.66220735785953 0.930870343365755
8.69565217391304 0.932295125760122
8.72909698996656 0.933692634701837
8.76254180602007 0.935063306613885
8.79598662207358 0.936407574472988
8.82943143812709 0.937725867676638
8.8628762541806 0.939018611918804
8.89632107023411 0.94028622907405
8.92976588628762 0.941529137089796
8.96321070234114 0.942747749886456
8.99665551839465 0.943942477265192
9.03010033444816 0.945113724823024
9.06354515050167 0.946261893875035
9.09698996655518 0.947387381383427
9.1304347826087 0.948490579893154
9.16387959866221 0.949571877473923
9.19732441471572 0.950631657668279
9.23076923076923 0.951670299445569
9.26421404682274 0.952688177161524
9.29765886287625 0.953685660523257
9.33110367892977 0.954663114559426
9.36454849498328 0.955620899595362
9.39799331103679 0.956559371232932
9.4314381270903 0.957478880334945
9.46488294314381 0.958379773013874
9.49832775919732 0.95926239062472
9.53177257525084 0.960127069761798
9.56521739130435 0.960974142259283
9.59866220735786 0.961803935195305
9.63210702341137 0.962616770899437
9.66555183946488 0.963412966963391
9.69899665551839 0.964192836254761
9.73244147157191 0.964956686933644
9.76588628762542 0.965704822471979
9.79933110367893 0.966437541675474
9.83277591973244 0.967155138707935
9.86622073578595 0.967857903117894
9.89966555183946 0.968546119867373
9.93311036789298 0.969220069362663
9.96655518394649 0.969880027486979
10 0.970526265634887
