0 0.0355995576931148
0.0334448160535117 0.036399195641829
0.0668896321070234 0.0372161019419491
0.100334448160535 0.0380506180866464
0.133779264214047 0.0389030908983955
0.167224080267559 0.0397738725456213
0.20066889632107 0.0406633205557309
0.234113712374582 0.0415717978243232
0.267558528428094 0.0424996726203633
0.301003344481605 0.0434473185871028
0.334448160535117 0.0444151147385182
0.367892976588629 0.0454034454510357
0.40133779264214 0.0464127004503005
0.434782608695652 0.0474432747927467
0.468227424749164 0.0484955688417125
0.501672240802676 0.0495699882378415
0.535117056856187 0.0506669438635042
0.568561872909699 0.0517868518009679
0.602006688963211 0.0529301332840336
0.635451505016722 0.0540972146428585
0.668896321070234 0.0552885272416709
0.702341137123746 0.0565045074090827
0.735785953177257 0.0577455963606964
0.769230769230769 0.0590122401137021
0.802675585284281 0.0603048893931507
0.836120401337793 0.0616239995295893
0.869565217391304 0.0629700303477377
0.903010033444816 0.0643434460458844
0.936454849498328 0.065744715065674
0.969899665551839 0.0671743099519585
1.00334448160535 0.0686327072023812
1.03678929765886 0.0701203871063623
1.07023411371237 0.0716378335731526
1.10367892976589 0.0731855339486234
1.1371237458194 0.0747639788204622
1.17056856187291 0.0763736618114439
1.20401337792642 0.0780150793604504
1.23745819397993 0.0796887304909173
1.27090301003344 0.081395116566388
1.30434782608696 0.0831347410328631
1.33779264214047 0.0849081091476405
1.37123745819398 0.0867157276943486
1.40468227424749 0.0885581046838844
1.438127090301 0.0904357490409811
1.47157190635451 0.0923491702761393
1.50501672240803 0.0942988781426721
1.53846153846154 0.0962853822786287
1.57190635451505 0.0983091918333768
1.60535117056856 0.100370815078646
1.63879598662207 0.102470759003849
1.67224080267559 0.104609528895528
1.7056856187291 0.106787627900789
1.73913043478261 0.109005556574616
1.77257525083612 0.11126381241099
1.80602006688963 0.113562889357749
1.83946488294314 0.115903277315197
1.87290969899666 0.118285461618442
1.90635451505017 0.120709922503544
1.93979933110368 0.123177134557545
1.97324414715719 0.125687566152522
2.0066889632107 0.128241678863819
2.04013377926421 0.130839926872688
2.07357859531773 0.133482756353595
2.10702341137124 0.136170604846505
2.14046822742475 0.138903900614496
2.17391304347826 0.141683061987134
2.20735785953177 0.144508496690061
2.24080267558528 0.147380601161328
2.2742474916388 0.150299759855054
2.30769230769231 0.153266344533054
2.34113712374582 0.15628071354514
2.37458193979933 0.159343211098857
2.40802675585284 0.162454166519491
2.44147157190635 0.165613893501237
2.47491638795987 0.168822689350499
2.50836120401338 0.172080834222342
2.54180602006689 0.175388590351187
2.5752508361204 0.178746201276933
2.60869565217391 0.182153891067714
2.64214046822742 0.185611863540601
2.67558528428094 0.189120301481615
2.70903010033445 0.192679365866485
2.74247491638796 0.196289195083634
2.77591973244147 0.19994990416097
2.80936454849498 0.203661583998102
2.84280936454849 0.207424300605649
2.87625418060201 0.211238094353399
2.90969899665552 0.215102979229102
2.94314381270903 0.219018942109741
2.97658862876254 0.222985942047183
3.01003344481605 0.227003909570126
3.04347826086956 0.231072746004344
3.07692307692308 0.235192322813206
3.11036789297659 0.239362480960533
3.1438127090301 0.24358303029784
3.17725752508361 0.247853748978043
3.21070234113712 0.252174382897708
3.24414715719064 0.256544645169959
3.27759197324415 0.260964215630102
3.31103678929766 0.265432740376067
3.34448160535117 0.269949831345708
3.37792642140468 0.274515065933008
3.41137123745819 0.279127986645171
3.44481605351171 0.283788100802572
3.47826086956522 0.288494880283452
3.51170568561873 0.293247761315197
3.54515050167224 0.29804614431399
3.57859531772575 0.302889393774507
3.61204013377926 0.307776838211272
3.64548494983278 0.312707770153174
3.67892976588629 0.317681446192552
3.7123745819398 0.322697087090127
3.74581939799331 0.327753877936956
3.77926421404682 0.332850968374431
3.81270903010033 0.337987472873224
3.84615384615385 0.343162471071924
3.87959866220736 0.348375008175958
3.91304347826087 0.353624095417236
3.94648829431438 0.358908710574776
3.97993311036789 0.364227798556422
4.0133779264214 0.369580272041555
4.04682274247492 0.374965012184554
4.08026755852843 0.380380869378544
4.11371237458194 0.385826664078812
4.14715719063545 0.391301187685065
4.18060200668896 0.396803203481514
4.21404682274247 0.402331447633596
4.24749163879599 0.407884630239927
4.2809364548495 0.413461436437934
4.31438127090301 0.419060527561383
4.34782608695652 0.42468054234787
4.38127090301003 0.430320098194168
4.41471571906354 0.435977792457124
4.44816053511706 0.44165220379767
4.48160535117057 0.447341893565328
4.51505016722408 0.453045407220455
4.54849498327759 0.458761275791336
4.5819397993311 0.46448801736309
4.61538461538461 0.470224138595238
4.64882943143813 0.475968136264695
4.68227424749164 0.481718498830813
4.71571906354515 0.48747370801905
4.74916387959866 0.493232240419757
4.78260869565217 0.498992569098515
4.81605351170569 0.504753165214407
4.8494983277592 0.510512499642595
4.88294314381271 0.516269044597528
4.91638795986622 0.522021275253141
4.94983277591973 0.52776767135638
4.98327759197324 0.533506718830429
5.01672240802676 0.539236911364077
5.05016722408027 0.544956751983667
5.08361204013378 0.550664754604187
5.11705685618729 0.556359445556102
5.1505016722408 0.562039365084656
5.18394648829431 0.567703068818436
5.21739130434783 0.573349129204143
5.25083612040134 0.57897613690462
5.28428093645485 0.584582702157328
5.31772575250836 0.590167456090613
5.35117056856187 0.595729051995248
5.38461538461538 0.601266166548914
5.4180602006689 0.606777500991438
5.45150501672241 0.612261782248776
5.48494983277592 0.617717764003937
5.51839464882943 0.623144227713184
5.55183946488294 0.62853998356608
5.58528428093645 0.633903871388092
5.61872909698997 0.63923476148469
5.65217391304348 0.644531555426049
5.68561872909699 0.649793186771653
5.7190635451505 0.655018621734293
5.75250836120401 0.66020685978314
5.78595317725753 0.665356934185729
5.81939799331104 0.670467912488919
5.85284280936455 0.675538896939005
5.88628762541806 0.680569024841382
5.91973244147157 0.68555746886029
5.95317725752508 0.690503437259341
5.9866220735786 0.695406174083654
6.02006688963211 0.700264959284613
6.05351170568562 0.705079108788344
6.08695652173913 0.709847974509159
6.12040133779264 0.714570944309343
6.15384615384615 0.719247441906741
6.18729096989967 0.723876926731721
6.22073578595318 0.728458893735178
6.25418060200669 0.732992873149315
6.2876254180602 0.737478430203032
6.32107023411371 0.741915164793782
6.35451505016722 0.746302711117858
6.38795986622074 0.750640737261068
6.42140468227425 0.754928944751835
6.45484949832776 0.759167068078768
6.48829431438127 0.763354874174767
6.52173913043478 0.767492161869764
6.55518394648829 0.771578761314177
6.58862876254181 0.775614533375165
6.62207357859532 0.779599369007781
6.65551839464883 0.783533188603073
6.68896321070234 0.787415941315189
6.72240802675585 0.791247604369496
6.75585284280936 0.795028182353711
6.78929765886288 0.798757706493983
6.82274247491639 0.802436233917836
6.8561872909699 0.806063846905842
6.88963210702341 0.809640652133829
6.92307692307692 0.813166779907378
6.95652173913043 0.816642383390322
6.98996655518395 0.820067637828891
7.02341137123746 0.823442739773069
7.05685618729097 0.826767906296701
7.09030100334448 0.830043374217798
7.12374581939799 0.833269399320426
7.1571906354515 0.836446255579501
7.19063545150502 0.839574234389756
7.22408026755853 0.842653643800046
7.25752508361204 0.845684807754136
7.29096989966555 0.848668065339002
7.32441471571906 0.851603770041643
7.35785953177257 0.854492289015318
7.39130434782609 0.857334002356058
7.4247491638796 0.860129302390253
7.45819397993311 0.862878592974025
7.49163879598662 0.865582288805057
7.52508361204013 0.868240814747488
7.55852842809364 0.870854605170402
7.59197324414716 0.87342410330042
7.62541806020067 0.875949760588804
7.65886287625418 0.878432036093476
7.69230769230769 0.880871395876257
7.7257525083612 0.883268312415627
7.75919732441471 0.885623264035216
7.79264214046823 0.887936734348235
7.82608695652174 0.890209211717968
7.85953177257525 0.892441188734443
7.89297658862876 0.894633161707351
7.92642140468227 0.896785630175212
7.95986622073579 0.898899096430822
7.9933110367893 0.900974065062905
8.02675585284281 0.903011042513921
8.06020066889632 0.905010536653925
8.09364548494983 0.906973056370355
8.12709030100334 0.908899111173592
8.16053511705686 0.910789210818135
8.19397993311037 0.912643864939177
8.22742474916388 0.914463582704391
8.26086956521739 0.916248872480679
8.2943143812709 0.918000241515654
8.32775919732441 0.91971819563358
8.36120401337793 0.921403238945508
8.39464882943144 0.92305587357332
8.42809364548495 0.924676599387388
8.46153846153846 0.926265913757548
8.49498327759197 0.927824311317065
8.52842809364548 0.929352283739303
8.561872909699 0.930850319526737
8.59531772575251 0.932318903812024
8.62876254180602 0.933758518170769
8.66220735785953 0.935169640445683
8.69565217391304 0.936552744581776
8.72909698996656 0.937908300472278
8.76254180602007 0.939236773814932
8.79598662207358 0.940538625978348
8.82943143812709 0.941814313878072
8.8628762541806 0.943064289862055
8.89632107023411 0.944289001605192
8.92976588628762 0.94548889201261
8.96321070234114 0.946664399131388
8.99665551839465 0.947815956070399
9.03010033444816 0.948943990927961
9.06354515050167 0.950048926726998
9.09698996655518 0.951131181357409
9.1304347826087 0.952191167525355
9.16387959866221 0.953229292709173
9.19732441471572 0.954245959121648
9.23076923076923 0.955241563678348
9.26421404682274 0.956216497971773
9.29765886287625 0.957171148251047
9.33110367892977 0.958105895406894
9.36454849498328 0.95902111496166
9.39799331103679 0.95991717706413
9.4314381270903 0.960794446488904
9.46488294314381 0.961653282640112
9.49832775919732 0.962494039559233
9.53177257525084 0.963317065936818
9.56521739130435 0.964122705127895
9.59866220735786 0.964911295170855
9.63210702341137 0.965683168809638
9.66555183946488 0.966438653519008
9.69899665551839 0.967178071532757
9.73244147157191 0.967901739874638
9.76588628762542 0.968609970391881
9.79933110367893 0.969303069791109
9.83277591973244 0.96998133967651
9.86622073578595 0.970645076590099
9.89966555183946 0.971294572053942
9.93311036789298 0.971930112614182
9.96655518394649 0.97255197988675
10 0.973160450604619
