0 0.0161785133340768
0.0334448160535117 0.0166083117650724
0.0668896321070234 0.0170493303514407
0.100334448160535 0.0175018513614851
0.133779264214047 0.0179661635927439
0.167224080267559 0.0184425624919833
0.20066889632107 0.0189313502756312
0.234113712374582 0.0194328360505369
0.267558528428094 0.0199473359349264
0.301003344481605 0.0204751731794188
0.334448160535117 0.0210166782879572
0.367892976588629 0.0215721891384992
0.40133779264214 0.0221420511032997
0.434782608695652 0.0227266171686121
0.468227424749164 0.0233262480536161
0.501672240802676 0.0239413123283772
0.535117056856187 0.0245721865306223
0.568561872909699 0.0252192552811096
0.602006688963211 0.0258829113973547
0.635451505016722 0.0265635560054622
0.668896321070234 0.0272615986497978
0.702341137123746 0.0279774574002212
0.735785953177257 0.0287115589565858
0.769230769230769 0.0294643387501939
0.802675585284281 0.0302362410418834
0.836120401337793 0.0310277190163998
0.869565217391304 0.0318392348726977
0.903010033444816 0.0326712599097906
0.936454849498328 0.0335242746077564
0.969899665551839 0.034398768703484
1.00334448160535 0.0352952412607267
1.03678929765886 0.0362142007340136
1.07023411371237 0.0371561650259437
1.10367892976589 0.0381216615373736
1.1371237458194 0.0391112272099847
1.17056856187291 0.0401254085606986
1.20401337792642 0.0411647617073847
1.23745819397993 0.0422298523852867
1.27090301003344 0.0433212559535707
1.30434782608696 0.0444395573913759
1.33779264214047 0.0455853512827307
1.37123745819398 0.0467592417896705
1.40468227424749 0.0479618426128768
1.438127090301 0.0491937769391319
1.47157190635451 0.050455677374867
1.50501672240803 0.0517481858650558
1.53846153846154 0.0530719535966899
1.57190635451505 0.0544276408860505
1.60535117056856 0.0558159170489717
1.63879598662207 0.0572374602532753
1.67224080267559 0.0586929573525365
1.7056856187291 0.0601831037003259
1.73913043478261 0.0617086029440587
1.77257525083612 0.0632701667975688
1.80602006688963 0.0648685147915114
1.83946488294314 0.0665043740006921
1.87290969899666 0.0681784787474096
1.90635451505017 0.0698915702798939
1.93979933110368 0.0716443964249203
1.97324414715719 0.0734377112136773
2.0066889632107 0.0752722744799697
2.04013377926421 0.0771488514298429
2.07357859531773 0.0790682121817256
2.10702341137124 0.0810311312761962
2.14046822742475 0.0830383871544993
2.17391304347826 0.0850907616049561
2.20735785953177 0.0871890391764385
2.24080267558528 0.0893340065581067
2.2742474916388 0.0915264519246431
2.30769230769231 0.0937671642462585
2.34113712374582 0.0960569325627866
2.37458193979933 0.0983965452212407
2.40802675585284 0.100786789076258
2.44147157190635 0.103228448652924
2.47491638795987 0.105722305271537
2.50836120401338 0.108269136133951
2.54180602006689 0.110869713371225
2.5752508361204 0.113524803052385
2.60869565217391 0.116235164154213
2.64214046822742 0.119001547492082
2.67558528428094 0.121824694611978
2.70903010033445 0.124705336643943
2.74247491638796 0.127644193117345
2.77591973244147 0.130641970738482
2.80936454849498 0.133699362131192
2.84280936454849 0.136817044541285
2.87625418060201 0.139995678505776
2.90969899665552 0.143235906488078
2.94314381270903 0.146538351480455
2.97658862876254 0.149903615575267
3.01003344481605 0.153332278506678
3.04347826086956 0.156824896164723
3.07692307692308 0.160381999083828
3.11036789297659 0.164004090908061
3.1438127090301 0.167691646835627
3.17725752508361 0.171445112045313
3.21070234113712 0.175264900107824
3.24414715719064 0.179151391385132
3.27759197324415 0.18310493142122
3.31103678929766 0.187125829327801
3.34448160535117 0.191214356168781
3.37792642140468 0.1953707433475
3.41137123745819 0.19959518100095
3.44481605351171 0.203887816405374
3.47826086956522 0.20824875239788
3.51170568561873 0.212678045818841
3.54515050167224 0.217175705980055
3.57859531772575 0.221741693163804
3.61204013377926 0.22637591715809
3.64548494983278 0.231078235833453
3.67892976588629 0.235848453766913
3.7123745819398 0.240686320918661
3.74581939799331 0.245591531367194
3.77926421404682 0.250563722108672
3.81270903010033 0.25560247192626
3.84615384615385 0.260707300335282
3.87959866220736 0.265877666609919
3.91304347826087 0.271112968897214
3.94648829431438 0.276412543423994
3.97993311036789 0.281775663802258
4.0133779264214 0.287201540438408
4.04682274247492 0.292689320051555
4.08026755852843 0.298238085305887
4.11371237458194 0.30384685456188
4.14715719063545 0.309514581750842
4.18060200668896 0.315240156376972
4.21404682274247 0.32102240365079
4.24749163879599 0.326860084757399
4.2809364548495 0.332751897262666
4.31438127090301 0.338696475659944
4.34782608695652 0.344692392059523
4.38127090301003 0.350738157022501
4.41471571906354 0.356832220540228
4.44816053511706 0.362972973159991
4.48160535117057 0.369158747256999
4.51505016722408 0.375387818452202
4.54849498327759 0.381658407174838
4.5819397993311 0.387968680368069
4.61538461538461 0.394316753335407
4.64882943143813 0.400700691725056
4.68227424749164 0.40711851364867
4.71571906354515 0.413568191930444
4.74916387959866 0.420047656481842
4.78260869565217 0.42655479679668
4.81605351170569 0.433087464560751
4.8494983277592 0.439643476369576
4.88294314381271 0.446220616547392
4.91638795986622 0.452816640059973
4.94983277591973 0.459429275513407
4.98327759197324 0.46605622823055
5.01672240802676 0.472695183396462
5.05016722408027 0.479343809263797
5.08361204013378 0.485999760408806
5.11705685618729 0.492660681028364
5.1505016722408 0.4993242082682
5.18394648829431 0.505987975572377
5.21739130434783 0.512649616043932
5.25083612040134 0.51930676580655
5.28428093645485 0.525957067357119
5.31772575250836 0.532598172899083
5.35117056856187 0.539227747646598
5.38461538461538 0.545843473089636
5.4180602006689 0.552443050210405
5.45150501672241 0.559024202641688
5.48494983277592 0.565584679757995
5.51839464882943 0.572122259690786
5.55183946488294 0.57863475225937
5.58528428093645 0.58512000180954
5.61872909698997 0.591575889952433
5.65217391304348 0.598000338196613
5.68561872909699 0.604391310466882
5.7190635451505 0.610746815503859
5.75250836120401 0.61706490913895
5.78595317725753 0.623343696439891
5.81939799331104 0.629581333722656
5.85284280936455 0.635776030426107
5.88628762541806 0.641926050846381
5.91973244147157 0.648029715728626
5.95317725752508 0.654085403714268
5.9866220735786 0.660091552642637
6.02006688963211 0.666046660706335
6.05351170568562 0.671949287460305
6.08695652173913 0.677798054685153
6.12040133779264 0.683591647105763
6.15384615384615 0.689328812966812
6.18729096989967 0.695008364467254
6.22073578595318 0.700629178056319
6.25418060200669 0.706190194594025
6.2876254180602 0.711690419379576
6.32107023411371 0.717128922051445
6.35451505016722 0.722504836363241
6.38795986622074 0.727817359839811
6.42140468227425 0.733065753318273
6.45484949832776 0.738249340378958
6.48829431438127 0.743367506671431
6.52173913043478 0.748419699140939
6.55518394648829 0.753405425160803
6.58862876254181 0.758324251576374
6.62207357859532 0.763175803666249
6.65551839464883 0.767959764026527
6.68896321070234 0.772675871383889
6.72240802675585 0.777323919343295
6.75585284280936 0.781903755076062
6.78929765886288 0.786415277954045
6.82274247491639 0.790858438135567
6.8561872909699 0.795233235108645
6.88963210702341 0.799539716196952
6.92307692307692 0.803777975033825
6.95652173913043 0.807948150009489
6.98996655518395 0.812050422696481
7.02341137123746 0.816085016258131
7.05685618729097 0.820052193844717
7.09030100334448 0.823952256981774
7.12374581939799 0.827785543954797
7.1571906354515 0.831552428194384
7.19063545150502 0.835253316665666
7.22408026755853 0.838888648265636
7.25752508361204 0.84245889223179
7.29096989966555 0.845964546565261
7.32441471571906 0.84940613647143
7.35785953177257 0.852784212820762
7.39130434782609 0.856099350632405
7.4247491638796 0.859352147582909
7.45819397993311 0.862543222542167
7.49163879598662 0.865673214138522
7.52508361204013 0.868742779354767
7.55852842809364 0.871752592156585
7.59197324414716 0.874703342154777
7.62541806020067 0.877595733302472
7.65886287625418 0.880430482628332
7.69230769230769 0.883208319006587
7.7257525083612 0.885929981964623
7.75919732441471 0.88859622052865
7.79264214046823 0.891207792107867
7.82608695652174 0.89376546141742
7.85953177257525 0.896269999440278
7.89297658862876 0.8987221824281
7.92642140468227 0.901122790941005
7.95986622073579 0.903472608926087
7.9933110367893 0.905772422834418
8.02675585284281 0.908023020776179
8.06020066889632 0.910225191713521
8.09364548494983 0.912379724690635
8.12709030100334 0.914487408100483
8.16053511705686 0.916549028987578
8.19397993311037 0.91856537238613
8.22742474916388 0.920537220692844
8.26086956521739 0.922465353073618
8.2943143812709 0.924350544903338
8.32775919732441 0.926193567237951
8.36120401337793 0.927995186317965
8.39464882943144 0.929756163102503
8.42809364548495 0.931477252833018
8.46153846153846 0.933159204625774
8.49498327759197 0.93480276109218
8.52842809364548 0.93640865798605
8.561872909699 0.937977623876883
8.59531772575251 0.939510379848224
8.62876254180602 0.941007639220204
8.66220735785953 0.942470107295337
8.69565217391304 0.943898481126669
8.72909698996656 0.945293449307386
8.76254180602007 0.946655691780988
8.79598662207358 0.947985879671165
8.82943143812709 0.949284675130517
8.8628762541806 0.950552731207263
8.89632107023411 0.951790691729134
8.92976588628762 0.952999191203621
8.96321070234114 0.954178854733811
8.99665551839465 0.955330297949016
9.03010033444816 0.956454126949471
9.06354515050167 0.957550938264355
9.09698996655518 0.958621318822437
9.1304347826087 0.959665845934648
9.16387959866221 0.96068508728793
9.19732441471572 0.961679600949705
9.23076923076923 0.962649935382343
9.26421404682274 0.963596629467042
9.29765886287625 0.964520212536516
9.33110367892977 0.965421204415955
9.36454849498328 0.96630011547171
9.39799331103679 0.967157446667185
9.4314381270903 0.967993689625446
9.46488294314381 0.968809326698066
9.49832775919732 0.969604831039751
9.53177257525084 0.970380666688315
9.56521739130435 0.971137288649576
9.59866220735786 0.971875142986793
9.63210702341137 0.972594666914234
9.66555183946488 0.973296288894542
9.69899665551839 0.973980428739535
9.73244147157191 0.974647497714109
9.76588628762542 0.975297898642944
9.79933110367893 0.975932026019708
9.83277591973244 0.976550266118463
9.86622073578595 0.977152997107039
9.89966555183946 0.977740589162079
9.93311036789298 0.978313404585557
9.96655518394649 0.978871797922511
10 0.97941611607979
