0 0.0332150179945597
0.0334448160535117 0.0339778548698855
0.0668896321070234 0.0347575816674386
0.100334448160535 0.0355545431415397
0.133779264214047 0.0363690897300132
0.167224080267559 0.0372015775834156
0.20066889632107 0.038052368590863
0.234113712374582 0.0389218304022457
0.267558528428094 0.0398103364466058
0.301003344481605 0.0407182659464517
0.334448160535117 0.0416460039277707
0.367892976588629 0.0425939412254972
0.40133779264214 0.0435624744841819
0.434782608695652 0.0445520061536045
0.468227424749164 0.0455629444790602
0.501672240802676 0.0465957034860447
0.535117056856187 0.047650702959054
0.568561872909699 0.0487283684142089
0.602006688963211 0.0498291310654026
0.635451505016722 0.0509534277836687
0.668896321070234 0.0521017010494514
0.702341137123746 0.0532743988974609
0.735785953177257 0.0544719748537827
0.769230769230769 0.0556948878649084
0.802675585284281 0.0569436022183445
0.836120401337793 0.0582185874544538
0.869565217391304 0.059520318269174
0.903010033444816 0.0608492744072569
0.936454849498328 0.0622059405456624
0.969899665551839 0.0635908061667414
1.00334448160535 0.0650043654208344
1.03678929765886 0.0664471169779098
1.07023411371237 0.0679195638678667
1.10367892976589 0.06942221330912
1.1371237458194 0.0709555765250883
1.17056856187291 0.072520168548203
1.20401337792642 0.0741165080110592
1.23745819397993 0.0757451169243293
1.27090301003344 0.0774065204410623
1.30434782608696 0.0791012466069995
1.33779264214047 0.0808298260965361
1.37123745819398 0.0825927919339714
1.40468227424749 0.0843906791996923
1.438127090301 0.0862240247209473
1.47157190635451 0.0880933667468773
1.50501672240803 0.0899992446074828
1.53846153846154 0.091942198356219
1.57190635451505 0.0939227683959295
1.60535117056856 0.0959414950878413
1.63879598662207 0.0979989183433691
1.67224080267559 0.100095577198494
1.7056856187291 0.102232009370506
1.73913043478261 0.104408750796928
1.77257525083612 0.106626335156458
1.80602006688963 0.108885293371812
1.83946488294314 0.111186153094364
1.87290969899666 0.113529438170523
1.90635451505017 0.115915668089831
1.93979933110368 0.118345357414789
1.97324414715719 0.12081901519247
2.0066889632107 0.123337144348033
2.04013377926421 0.125900241060259
2.07357859531773 0.128508794119345
2.10702341137124 0.13116328426717
2.14046822742475 0.13386418352036
2.17391304347826 0.136611954476508
2.20735785953177 0.139407049603963
2.24080267558528 0.142249910515682
2.2742474916388 0.145140967227679
2.30769230769231 0.148080637402691
2.34113712374582 0.151069325579743
2.37458193979933 0.154107422390352
2.40802675585284 0.157195303762211
2.44147157190635 0.160333330111231
2.47491638795987 0.16352184552292
2.50836120401338 0.166761176924159
2.54180602006689 0.170051633246477
2.5752508361204 0.173393504582051
2.60869565217391 0.176787061333699
2.64214046822742 0.180232553360244
2.67558528428094 0.183730209118667
2.70903010033445 0.187280234804594
2.74247491638796 0.190882813492698
2.77591973244147 0.194538104278693
2.80936454849498 0.198246241424681
2.84280936454849 0.202007333509658
2.87625418060201 0.205821462587087
2.90969899665552 0.209688683351497
2.94314381270903 0.213609022316132
2.97658862876254 0.21758247700374
3.01003344481605 0.221609015152658
3.04347826086956 0.22568857394038
3.07692307692308 0.229821059226856
3.11036789297659 0.234006344819816
3.1438127090301 0.238244271764444
3.17725752508361 0.242534647659743
3.21070234113712 0.246877246003983
3.24414715719064 0.251271805571606
3.27759197324415 0.255718029823999
3.31103678929766 0.260215586356511
3.34448160535117 0.264764106384122
3.37792642140468 0.269363184268105
3.41137123745819 0.274012377086032
3.44481605351171 0.278711204247404
3.47826086956522 0.283459147157174
3.51170568561873 0.288255648929323
3.54515050167224 0.293100114152627
3.57859531772575 0.297991908710639
3.61204013377926 0.302930359657833
3.64548494983278 0.307914755153758
3.67892976588629 0.312944344456922
3.7123745819398 0.318018337980019
3.74581939799331 0.323135907407972
3.77926421404682 0.328296185880113
3.81270903010033 0.333498268237687
3.84615384615385 0.338741211337683
3.87959866220736 0.34402403443383
3.91304347826087 0.349345719625439
3.94648829431438 0.354705212374522
3.97993311036789 0.360101422091516
4.0133779264214 0.365533222789636
4.04682274247492 0.370999453807767
4.08026755852843 0.376498920601517
4.11371237458194 0.382030395601892
4.14715719063545 0.387592619140803
4.18060200668896 0.393184300442407
4.21404682274247 0.398804118679061
4.24749163879599 0.40445072409044
4.2809364548495 0.410122739164166
4.31438127090301 0.415818759876056
4.34782608695652 0.421537356987897
4.38127090301003 0.427277077400451
4.41471571906354 0.433036445559172
4.44816053511706 0.438813964909934
4.48160535117057 0.444608119401884
4.51505016722408 0.450417375034337
4.54849498327759 0.456240181444487
4.5819397993311 0.462074973532519
4.61538461538461 0.467920173120596
4.64882943143813 0.473774190642025
4.68227424749164 0.479635426856825
4.71571906354515 0.485502274589788
4.74916387959866 0.491373120487034
4.78260869565217 0.497246346787014
4.81605351170569 0.50312033310183
4.8494983277592 0.508993458204708
4.88294314381271 0.514864101819434
4.91638795986622 0.520730646407569
4.94983277591973 0.526591478949245
4.98327759197324 0.532444992713381
5.01672240802676 0.538289589013209
5.05016722408027 0.544123678943046
5.08361204013378 0.54994568509232
5.11705685618729 0.55575404323297
5.1505016722408 0.561547203976421
5.18394648829431 0.567323634396463
5.21739130434783 0.573081819614513
5.25083612040134 0.578820264343855
5.28428093645485 0.584537494389635
5.31772575250836 0.590232058101555
5.35117056856187 0.595902527776374
5.38461538461538 0.601547501007536
5.4180602006689 0.607165601979418
5.45150501672241 0.612755482703921
5.48494983277592 0.618315824197305
5.51839464882943 0.623845337595414
5.55183946488294 0.629342765205637
5.58528428093645 0.634806881494171
5.61872909698997 0.640236494007383
5.65217391304348 0.645630444226284
5.68561872909699 0.650987608353346
5.7190635451505 0.656306898031112
5.75250836120401 0.661587260992282
5.78595317725753 0.666827681641133
5.81939799331104 0.672027181566382
5.85284280936455 0.677184819985764
5.88628762541806 0.68229969412282
5.91973244147157 0.687370939516563
5.95317725752508 0.692397730264866
5.9866220735786 0.697379279202607
6.02006688963211 0.702314838015751
6.05351170568562 0.707203697292699
6.08695652173913 0.7120451865144
6.12040133779264 0.716838673984826
6.15384615384615 0.72158356670356
6.18729096989967 0.726279310182334
6.22073578595318 0.730925388207476
6.25418060200669 0.735521322550303
6.2876254180602 0.740066672627581
6.32107023411371 0.744561035114252
6.35451505016722 0.749004043510657
6.38795986622074 0.753395367666576
6.42140468227425 0.757734713264412
6.45484949832776 0.762021821263875
6.48829431438127 0.766256467310573
6.52173913043478 0.770438461110884
6.55518394648829 0.774567645775513
6.58862876254181 0.778643897134128
6.62207357859532 0.782667123023442
6.65551839464883 0.786637262551091
6.68896321070234 0.790554285337645
6.72240802675585 0.794418190739009
6.75585284280936 0.798229007051495
6.78929765886288 0.801986790701724
6.82274247491639 0.80569162542353
6.8561872909699 0.809343621423933
6.88963210702341 0.812942914540217
6.92307692307692 0.816489665390056
6.95652173913043 0.819984058516601
6.98996655518395 0.823426301530324
7.02341137123746 0.826816624249376
7.05685618729097 0.830155277840135
7.09030100334448 0.833442533959511
7.12374581939799 0.836678683900564
7.1571906354515 0.839864037742827
7.19063545150502 0.842998923508724
7.22408026755853 0.846083686327347
7.25752508361204 0.849118687606792
7.29096989966555 0.852104304216179
7.32441471571906 0.855040927678391
7.35785953177257 0.857928963374514
7.39130434782609 0.860768829760852
7.4247491638796 0.863560957599351
7.45819397993311 0.866305789202168
7.49163879598662 0.869003777691067
7.52508361204013 0.871655386272247
7.55852842809364 0.874261087527147
7.59197324414716 0.8768213627197
7.62541806020067 0.879336701120468
7.65886287625418 0.881807599347993
7.69230769230769 0.884234560727685
7.7257525083612 0.886618094668487
7.75919732441471 0.888958716057504
7.79264214046823 0.891256944672755
7.82608695652174 0.89351330461414
7.85953177257525 0.895728323752674
7.89297658862876 0.89790253319801
7.92642140468227 0.900036466784216
7.95986622073579 0.902130660573752
7.9933110367893 0.904185652379535
8.02675585284281 0.906201981304984
8.06020066889632 0.908180187301867
8.09364548494983 0.910120810745775
8.12709030100334 0.912024392029007
8.16053511705686 0.913891471170629
8.19397993311037 0.915722587443455
8.22742474916388 0.917518279017675
8.26086956521739 0.919279082620835
8.2943143812709 0.921005533213856
8.32775919732441 0.922698163682784
8.36120401337793 0.92435750454592
8.39464882943144 0.925984083676004
8.42809364548495 0.927578426037079
8.46153846153846 0.929141053435694
8.49498327759197 0.930672484286061
8.52842809364548 0.932173233388806
8.561872909699 0.933643811722938
8.59531772575251 0.935084726250643
8.62876254180602 0.93649647973454
8.66220735785953 0.937879570567012
8.69565217391304 0.939234492611221
8.72909698996656 0.940561735053448
8.76254180602007 0.941861782266359
8.79598662207358 0.943135113682838
8.82943143812709 0.944382203680006
8.8628762541806 0.945603521473063
8.89632107023411 0.946799531018586
8.92976588628762 0.947970690926926
8.96321070234114 0.949117454383358
8.99665551839465 0.950240269077621
9.03010033444816 0.951339577141522
9.06354515050167 0.952415815094265
9.09698996655518 0.953469413795173
9.1304347826087 0.954500798403487
9.16387959866221 0.955510388344929
9.19732441471572 0.956498597284718
9.23076923076923 0.957465833106749
9.26421404682274 0.958412497898633
9.29765886287625 0.959338987942326
9.33110367892977 0.960245693710062
9.36454849498328 0.961132999865336
9.39799331103679 0.962001285268653
9.4314381270903 0.962850922987826
9.46488294314381 0.963682280312546
9.49832775919732 0.964495718773005
9.53177257525084 0.965291594162347
9.56521739130435 0.966070256562709
9.59866220735786 0.966832050374658
9.63210702341137 0.967577314349805
9.66555183946488 0.968306381626403
9.69899665551839 0.969019579767742
9.73244147157191 0.969717230803142
9.76588628762542 0.970399651271386
9.79933110367893 0.971067152266412
9.83277591973244 0.971720039485098
9.86622073578595 0.972358613276992
9.89966555183946 0.972983168695832
9.93311036789298 0.97359399555271
9.96655518394649 0.974191378470746
10 0.974775596941134
