0 0.0429297092327596
0.0334448160535117 0.0438387158918839
0.0668896321070234 0.044766069845489
0.100334448160535 0.0457121029781902
0.133779264214047 0.0466771515368516
0.167224080267559 0.0476615561149004
0.20066889632107 0.0486656616325605
0.234113712374582 0.0496898173128214
0.267558528428094 0.0507343766529536
0.301003344481605 0.0517996973913802
0.334448160535117 0.0528861414697075
0.367892976588629 0.0539940749897156
0.40133779264214 0.0551238681651032
0.434782608695652 0.0562758952677814
0.468227424749164 0.0574505345685035
0.501672240802676 0.058648168271616
0.535117056856187 0.0598691824437145
0.568561872909699 0.0611139669359825
0.602006688963211 0.0623829152999891
0.635451505016722 0.0636764246967216
0.668896321070234 0.0649948957986228
0.702341137123746 0.0663387326844045
0.735785953177257 0.0677083427264056
0.769230769230769 0.0691041364702622
0.802675585284281 0.070526527506657
0.836120401337793 0.0719759323349148
0.869565217391304 0.073452770218212
0.903010033444816 0.074957463030166
0.936454849498328 0.0764904350925774
0.969899665551839 0.0780521130040925
1.00334448160535 0.0796429254595633
1.03678929765886 0.0812633030598801
1.07023411371237 0.0829136781120592
1.10367892976589 0.0845944844193707
1.1371237458194 0.0863061570612983
1.17056856187291 0.0880491321631281
1.20401337792642 0.089823846654972
1.23745819397993 0.0916307380200373
1.27090301003344 0.0934702440319655
1.30434782608696 0.0953428024810705
1.33779264214047 0.0972488508893196
1.37123745819398 0.0991888262139119
1.40468227424749 0.10116316453932
1.438127090301 0.10317230075768
1.47157190635451 0.105216668237423
1.50501672240803 0.10729669848006
1.53846153846154 0.109412820765064
1.57190635451505 0.11156546178278
1.60535117056856 0.113755045255344
1.63879598662207 0.11598199154561
1.67224080267559 0.118246717254078
1.7056856187291 0.120549634803888
1.73913043478261 0.12289115201392
1.77257525083612 0.125271671660107
1.80602006688963 0.127691591025072
1.83946488294314 0.130151301436241
1.87290969899666 0.132651187792608
1.90635451505017 0.135191628080369
1.93979933110368 0.137772992877656
1.97324414715719 0.14039564484867
2.0066889632107 0.143059938227514
2.04013377926421 0.145766218292081
2.07357859531773 0.148514820828386
2.10702341137124 0.151306071585781
2.14046822742475 0.154140285723513
2.17391304347826 0.157017767249137
2.20735785953177 0.159938808449347
2.24080267558528 0.162903689313808
2.2742474916388 0.165912676952643
2.30769230769231 0.168966025008249
2.34113712374582 0.172063973062173
2.37458193979933 0.175206746037832
2.40802675585284 0.178394553599878
2.44147157190635 0.181627589551087
2.47491638795987 0.18490603122768
2.50836120401338 0.188230038894016
2.54180602006689 0.191599755137674
2.5752508361204 0.195015304265956
2.60869565217391 0.198476791704891
2.64214046822742 0.201984303401875
2.67558528428094 0.205537905233109
2.70903010033445 0.209137642417034
2.74247491638796 0.21278353893502
2.77591973244147 0.216475596960564
2.80936454849498 0.22021379629833
2.84280936454849 0.223998093834352
2.87625418060201 0.22782842299878
2.90969899665552 0.231704693242551
2.94314381270903 0.235626789529415
2.97658862876254 0.239594571844727
3.01003344481605 0.243607874722474
3.04347826086956 0.247666506791974
3.07692307692308 0.251770250345728
3.11036789297659 0.255918860929883
3.1438127090301 0.26011206695877
3.17725752508361 0.264349569354979
3.21070234113712 0.268631041216409
3.24414715719064 0.272956127511729
3.27759197324415 0.277324444805656
3.31103678929766 0.281735581015413
3.34448160535117 0.286189095199741
3.37792642140468 0.290684517381747
3.41137123745819 0.295221348406856
3.44481605351171 0.299799059837095
3.47826086956522 0.304417093882843
3.51170568561873 0.309074863373162
3.54515050167224 0.313771751765725
3.57859531772575 0.318507113197308
3.61204013377926 0.323280272575717
3.64548494983278 0.328090525713943
3.67892976588629 0.332937139507261
3.7123745819398 0.337819352153882
3.74581939799331 0.342736373419663
3.77926421404682 0.347687384947308
3.81270903010033 0.352671540610345
3.84615384615385 0.357687966912079
3.87959866220736 0.362735763429617
3.91304347826087 0.367814003302901
3.94648829431438 0.372921733768616
3.97993311036789 0.378057976738675
4.0133779264214 0.383221729422895
4.04682274247492 0.388411964995324
4.08026755852843 0.393627633303559
4.11371237458194 0.398867661620294
4.14715719063545 0.404130955436165
4.18060200668896 0.409416399292883
4.21404682274247 0.414722857655477
4.24749163879599 0.42004917582238
4.2809364548495 0.425394180871967
4.31438127090301 0.430756682644004
4.34782608695652 0.436135474754406
4.38127090301003 0.441529335641562
4.41471571906354 0.446937029642372
4.44816053511706 0.452357308096075
4.48160535117057 0.457788910473826
4.51505016722408 0.463230565531908
4.54849498327759 0.46868099248637
4.5819397993311 0.474138902206835
4.61538461538461 0.479602998427123
4.64882943143813 0.485071978970305
4.68227424749164 0.490544536985733
4.71571906354515 0.496019362195568
4.74916387959866 0.501495142148272
4.78260869565217 0.506970563476533
4.81605351170569 0.512444313157057
4.8494983277592 0.517915079769648
4.88294314381271 0.523381554753038
4.91638795986622 0.528842433654888
4.94983277591973 0.534296417373434
4.98327759197324 0.539742213388291
5.01672240802676 0.545178536977924
5.05016722408027 0.550604112421377
5.08361204013378 0.556017674181907
5.11705685618729 0.561417968070192
5.1505016722408 0.566803752384905
5.18394648829431 0.57217379902849
5.21739130434783 0.577526894596056
5.25083612040134 0.582861841435428
5.28428093645485 0.588177458676448
5.31772575250836 0.593472583227758
5.35117056856187 0.598746070739378
5.38461538461538 0.603996796529515
5.4180602006689 0.609223656474154
5.45150501672241 0.61442556785809
5.48494983277592 0.619601470186201
5.51839464882943 0.624750325953856
5.55183946488294 0.629871121375508
5.58528428093645 0.634962867070626
5.61872909698997 0.640024598706257
5.65217391304348 0.645055377595625
5.68561872909699 0.650054291252318
5.7190635451505 0.655020453899717
5.75250836120401 0.65995300693546
5.78595317725753 0.664851119350854
5.81939799331104 0.669713988105249
5.85284280936455 0.674540838455529
5.88628762541806 0.679330924240979
5.91973244147157 0.684083528123871
5.95317725752508 0.688797961786265
5.9866220735786 0.693473566083576
6.02006688963211 0.698109711155574
6.05351170568562 0.702705796495581
6.08695652173913 0.707261250978696
6.12040133779264 0.711775532849978
6.15384615384615 0.716248129673576
6.18729096989967 0.720678558243878
6.22073578595318 0.725066364459809
6.25418060200669 0.729411123163462
6.2876254180602 0.733712437944304
6.32107023411371 0.73796994091025
6.35451505016722 0.742183292426923
6.38795986622074 0.746352180826478
6.42140468227425 0.750476322087372
6.45484949832776 0.754555459486505
6.48829431438127 0.758589363225168
6.52173913043478 0.762577830030256
6.55518394648829 0.766520682732201
6.58862876254181 0.770417769821086
6.62207357859532 0.774268964982427
6.65551839464883 0.778074166614061
6.68896321070234 0.7818332973256
6.72240802675585 0.785546303421897
6.75585284280936 0.789213154371941
6.78929765886288 0.792833842264579
6.82274247491639 0.796408381252459
6.8561872909699 0.799936806985528
6.88963210702341 0.803419176035426
6.92307692307692 0.806855565312052
6.95652173913043 0.81024607147358
6.98996655518395 0.813590810331127
7.02341137123746 0.816889916249261
7.05685618729097 0.820143541543512
7.09030100334448 0.823351855875956
7.12374581939799 0.826515045649967
7.1571906354515 0.829633313405129
7.19063545150502 0.832706877213296
7.22408026755853 0.835735970076727
7.25752508361204 0.838720839329177
7.29096989966555 0.841661746040786
7.32441471571906 0.844558964427564
7.35785953177257 0.847412781266211
7.39130434782609 0.850223495314993
7.4247491638796 0.852991416741313
7.45819397993311 0.855716866556617
7.49163879598662 0.858400176059187
7.52508361204013 0.861041686285364
7.55852842809364 0.863641747469685
7.59197324414716 0.866200718514389
7.62541806020067 0.868718966468685
7.65886287625418 0.871196866018166
7.69230769230769 0.873634798984701
7.7257525083612 0.876033153837084
7.75919732441471 0.87839232521272
7.79264214046823 0.880712713450563
7.82608695652174 0.882994724135502
7.85953177257525 0.885238767654355
7.89297658862876 0.887445258763612
7.92642140468227 0.889614616169013
7.95986622073579 0.891747262117059
7.9933110367893 0.893843621998484
8.02675585284281 0.895904123963735
8.06020066889632 0.897929198550439
8.09364548494983 0.899919278322857
8.12709030100334 0.901874797523272
8.16053511705686 0.903796191735253
8.19397993311037 0.905683897558722
8.22742474916388 0.907538352296718
8.26086956521739 0.909359993653755
8.2943143812709 0.911149259445643
8.32775919732441 0.91290658732064
8.36120401337793 0.914632414491766
8.39464882943144 0.916327177480138
8.42809364548495 0.91799131186913
8.46153846153846 0.919625252069195
8.49498327759197 0.921229431093137
8.52842809364548 0.922804280341651
8.561872909699 0.924350229398916
8.59531772575251 0.925867705838033
8.62876254180602 0.927357135036083
8.66220735785953 0.928818939998599
8.69565217391304 0.930253541193214
8.72909698996656 0.931661356392262
8.76254180602007 0.933042800524104
8.79598662207358 0.934398285532946
8.82943143812709 0.935728220246916
8.8628762541806 0.937033010254167
8.89632107023411 0.938313057786775
8.92976588628762 0.939568761612199
8.96321070234114 0.940800516932062
8.99665551839465 0.942008715288043
9.03010033444816 0.943193744474629
9.06354515050167 0.944355988458515
9.09698996655518 0.945495827304415
9.1304347826087 0.946613637107078
9.16387959866221 0.947709789929276
9.19732441471572 0.948784653745551
9.23076923076923 0.949838592391512
9.26421404682274 0.950871965518472
9.29765886287625 0.951885128553213
9.33110367892977 0.952878432662688
9.36454849498328 0.953852224723447
9.39799331103679 0.954806847295616
9.4314381270903 0.955742638601211
9.46488294314381 0.956659932506626
9.49832775919732 0.957559058509097
9.53177257525084 0.958440341726983
9.56521739130435 0.959304102893669
9.59866220735786 0.960150658354944
9.63210702341137 0.960980320069678
9.66555183946488 0.961793395613647
9.69899665551839 0.962590188186343
9.73244147157191 0.963370996620628
9.76588628762542 0.964136115395082
9.79933110367893 0.964885834648904
9.83277591973244 0.965620440199227
9.86622073578595 0.966340213560727
9.89966555183946 0.967045431967373
9.93311036789298 0.967736368396228
9.96655518394649 0.968413291593146
10 0.969076466100278
