0 0.0426760137228706
0.0334448160535117 0.0435873017573426
0.0668896321070234 0.0445171442140671
0.100334448160535 0.0454658799111241
0.133779264214047 0.0464338521757799
0.167224080267559 0.0474214088292391
0.20066889632107 0.0484289021671609
0.234113712374582 0.049456688935747
0.267558528428094 0.0505051303032045
0.301003344481605 0.0515745918263797
0.334448160535117 0.0526654434123594
0.367892976588629 0.0537780592748253
0.40133779264214 0.0549128178849501
0.434782608695652 0.0560701019166138
0.468227424749164 0.0572502981857179
0.501672240802676 0.0584537975833726
0.535117056856187 0.0596809950027243
0.568561872909699 0.0609322892591932
0.602006688963211 0.0622080830038826
0.635451505016722 0.0635087826299223
0.668896321070234 0.0648347981715053
0.702341137123746 0.066186543195374
0.735785953177257 0.0675644346845118
0.769230769230769 0.0689688929137948
0.802675585284281 0.0704003413173562
0.836120401337793 0.0718592063474173
0.869565217391304 0.0733459173243387
0.903010033444816 0.0748609062776466
0.936454849498328 0.0764046077777884
0.969899665551839 0.0779774587583771
1.00334448160535 0.0795798983286855
1.03678929765886 0.0812123675761516
1.07023411371237 0.0828753093586668
1.10367892976589 0.0845691680864177
1.1371237458194 0.0862943894930611
1.17056856187291 0.0880514203960184
1.20401337792642 0.0898407084456816
1.23745819397993 0.0916627018633342
1.27090301003344 0.0935178491675956
1.30434782608696 0.0954065988892143
1.33779264214047 0.0973293992740403
1.37123745819398 0.0992866979740251
1.40468227424749 0.101278941726108
1.438127090301 0.103306576018865
1.47157190635451 0.105370044746813
1.50501672240803 0.107469789852273
1.53846153846154 0.109606250954734
1.57190635451505 0.111779864967645
1.60535117056856 0.113991065702629
1.63879598662207 0.116240283461092
1.67224080267559 0.118527944613263
1.7056856187291 0.120854471164685
1.73913043478261 0.123220280310257
1.77257525083612 0.125625783975901
1.80602006688963 0.128071388348
1.83946488294314 0.130557493390754
1.87290969899666 0.133084492351669
1.90635451505017 0.135652771255385
1.93979933110368 0.138262708386119
1.97324414715719 0.14091467375903
2.0066889632107 0.143609028580835
2.04013377926421 0.14634612470006
2.07357859531773 0.149126304047353
2.10702341137124 0.151949898066311
2.14046822742475 0.154817227135342
2.17391304347826 0.157728599981097
2.20735785953177 0.160684313084081
2.24080267558528 0.163684650077078
2.2742474916388 0.166729881137081
2.30769230769231 0.169820262371461
2.34113712374582 0.172956035199162
2.37458193979933 0.176137425727753
2.40802675585284 0.179364644127211
2.44147157190635 0.182637884001372
2.47491638795987 0.185957321758018
2.50836120401338 0.18932311597863
2.54180602006689 0.192735406788873
2.5752508361204 0.196194315230928
2.60869565217391 0.199699942638837
2.64214046822742 0.203252370018064
2.67558528428094 0.206851657430525
2.70903010033445 0.210497843386359
2.74247491638796 0.214190944243796
2.77591973244147 0.217930953618452
2.80936454849498 0.221717841803483
2.84280936454849 0.225551555201998
2.87625418060201 0.229432015773209
2.90969899665552 0.23335912049379
2.94314381270903 0.237332740835957
2.97658862876254 0.241352722263786
3.01003344481605 0.245418883749305
3.04347826086956 0.249531017309913
3.07692307692308 0.253688887568669
3.11036789297659 0.257892231339004
3.1438127090301 0.262140757235412
3.17725752508361 0.266434145311637
3.21070234113712 0.2707720467279
3.24414715719064 0.275154083448655
3.27759197324415 0.279579847972344
3.31103678929766 0.284048903094608
3.34448160535117 0.288560781706343
3.37792642140468 0.293114986627974
3.41137123745819 0.297710990481246
3.44481605351171 0.302348235599789
3.47826086956522 0.307026133979652
3.51170568561873 0.311744067270923
3.54515050167224 0.316501386811479
3.57859531772575 0.321297413703848
3.61204013377926 0.326131438936038
3.64548494983278 0.33100272354715
3.67892976588629 0.335910498838443
3.7123745819398 0.340853966630454
3.74581939799331 0.345832299566638
3.77926421404682 0.350844641463916
3.81270903010033 0.355890107710367
3.84615384615385 0.360967785710198
3.87959866220736 0.366076735376005
3.91304347826087 0.3712159896682
3.94648829431438 0.376384555181354
3.97993311036789 0.38158141277708
4.0133779264214 0.386805518262932
4.04682274247492 0.392055803116683
4.08026755852843 0.397331175255186
4.11371237458194 0.402630519846908
4.14715719063545 0.40795270016708
4.18060200668896 0.41329655849428
4.21404682274247 0.418660917047128
4.24749163879599 0.424044578959657
4.2809364548495 0.429446329293779
4.31438127090301 0.434864936087162
4.34782608695652 0.440299151434715
4.38127090301003 0.44574771260174
4.41471571906354 0.451209343166749
4.44816053511706 0.456682754191799
4.48160535117057 0.46216664541813
4.51505016722408 0.467659706484801
4.54849498327759 0.473160618167921
4.5819397993311 0.47866805363803
4.61538461538461 0.484180679733093
4.64882943143813 0.489697158244539
4.68227424749164 0.495216147213703
4.71571906354515 0.500736302236031
4.74916387959866 0.506256277770334
4.78260869565217 0.511774728450411
4.81605351170569 0.51729031039629
4.8494983277592 0.52280168252241
4.88294314381271 0.528307507840013
4.91638795986622 0.533806454751072
4.94983277591973 0.5392971983311
4.98327759197324 0.544778421598238
5.01672240802676 0.550248816766028
5.05016722408027 0.5557070864774
5.08361204013378 0.561151945017392
5.11705685618729 0.566582119502267
5.1505016722408 0.571996351042722
5.18394648829431 0.577393395878987
5.21739130434783 0.582772026485738
5.25083612040134 0.588131032644783
5.28428093645485 0.59346922248368
5.31772575250836 0.598785423478456
5.35117056856187 0.604078483418817
5.38461538461538 0.609347271334277
5.4180602006689 0.614590678379808
5.45150501672241 0.619807618679738
5.48494983277592 0.624997030128725
5.51839464882943 0.630157875148816
5.55183946488294 0.635289141401689
5.58528428093645 0.64038984245533
5.61872909698997 0.645459018404552
5.65217391304348 0.650495736444852
5.68561872909699 0.655499091399272
5.7190635451505 0.660468206198056
5.75250836120401 0.665402232310999
5.78595317725753 0.670300350132546
5.81939799331104 0.675161769319796
5.85284280936455 0.679985729083693
5.88628762541806 0.684771498433809
5.91973244147157 0.689518376377223
5.95317725752508 0.694225692072108
5.9866220735786 0.698892804936764
6.02006688963211 0.703519104714877
6.05351170568562 0.708104011497941
6.08695652173913 0.712646975705806
6.12040133779264 0.71714747802644
6.15384615384615 0.721605029316032
6.18729096989967 0.726019170460651
6.22073578595318 0.730389472200721
6.25418060200669 0.734715534919659
6.2876254180602 0.738996988398008
6.32107023411371 0.743233491534526
6.35451505016722 0.747424732035646
6.38795986622074 0.751570426074807
6.42140468227425 0.755670317923162
6.45484949832776 0.759724179553185
6.48829431438127 0.763731810216715
6.52173913043478 0.767693035998998
6.55518394648829 0.771607709350254
6.58862876254181 0.775475708596358
6.62207357859532 0.779296937430132
6.65551839464883 0.783071324384818
6.68896321070234 0.786798822291238
6.72240802675585 0.79047940772013
6.75585284280936 0.794113080411156
6.78929765886288 0.797699862690011
6.82274247491639 0.801239798875078
6.8561872909699 0.804732954674997
6.88963210702341 0.808179416578512
6.92307692307692 0.811579291237921
6.95652173913043 0.814932704847384
6.98996655518395 0.818239802517356
7.02341137123746 0.821500747646309
7.05685618729097 0.824715721290921
7.09030100334448 0.827884921535807
7.12374581939799 0.831008562863877
7.1571906354515 0.834086875528316
7.19063545150502 0.837120104927147
7.22408026755853 0.840108510981307
7.25752508361204 0.843052367517089
7.29096989966555 0.845951961653771
7.32441471571906 0.848807593197212
7.35785953177257 0.851619574040125
7.39130434782609 0.854388227569716
7.4247491638796 0.857113888083308
7.45819397993311 0.859796900212543
7.49163879598662 0.862437618356689
7.52508361204013 0.865036406125563
7.55852842809364 0.867593635792507
7.59197324414716 0.870109687757837
7.62541806020067 0.872584950023128
7.65886287625418 0.875019817676671
7.69230769230769 0.877414692390384
7.7257525083612 0.879769981928445
7.75919732441471 0.882086099667857
7.79264214046823 0.884363464131132
7.82608695652174 0.886602498531246
7.85953177257525 0.888803630328995
7.89297658862876 0.890967290802829
7.92642140468227 0.893093914631239
7.95986622073579 0.895183939487731
7.9933110367893 0.897237805648395
8.02675585284281 0.899255955612053
8.06020066889632 0.901238833732968
8.09364548494983 0.903186885866028
8.12709030100334 0.905100559024357
8.16053511705686 0.906980301049239
8.19397993311037 0.908826560292246
8.22742474916388 0.91063978530945
8.26086956521739 0.912420424567562
8.2943143812709 0.914168926161848
8.32775919732441 0.91588573754566
8.36120401337793 0.917571305271376
8.39464882943144 0.919226074742593
8.42809364548495 0.920850489977338
8.46153846153846 0.922444993382115
8.49498327759197 0.924010025536551
8.52842809364548 0.925546024988433
8.561872909699 0.927053428058904
8.59531772575251 0.928532668657578
8.62876254180602 0.929984178107346
8.66220735785953 0.931408384978629
8.69565217391304 0.932805714932837
8.72909698996656 0.934176590574782
8.76254180602007 0.935521431313815
8.79598662207358 0.936840653233421
8.82943143812709 0.938134668969043
8.8628762541806 0.939403887593872
8.89632107023411 0.940648714512378
8.92976588628762 0.941869551361314
8.96321070234114 0.943066795917968
8.99665551839465 0.944240842015423
9.03010033444816 0.945392079464567
9.06354515050167 0.946520893982646
9.09698996655518 0.947627667128106
9.1304347826087 0.948712776241502
9.16387959866221 0.949776594392255
9.19732441471572 0.950819490331021
9.23076923076923 0.951841828447469
9.26421404682274 0.952843968733245
9.29765886287625 0.953826266749911
9.33110367892977 0.954789073601667
9.36454849498328 0.955732735912631
9.39799331103679 0.956657595808514
9.4314381270903 0.95756399090246
9.46488294314381 0.9584522542849
9.49832775919732 0.959322714517211
9.53177257525084 0.960175695629018
9.56521739130435 0.961011517118956
9.59866220735786 0.961830493958738
9.63210702341137 0.962632936600344
9.66555183946488 0.9634191509862
9.69899665551839 0.964189438562163
9.73244147157191 0.964944096293193
9.76588628762542 0.965683416681544
9.79933110367893 0.966407687787346
9.83277591973244 0.967117193251441
9.86622073578595 0.96781221232034
9.89966555183946 0.96849301987318
9.93311036789298 0.96915988645055
9.96655518394649 0.969813078285078
10 0.970452857333662
