0.0734656397774392 -0.0275496149165398
0.0734656397774392 -0.0275496149165398
0.0734656397774392 -0.0275496149165398
0.0734656397774392 -0.0275496149165398
0.0734656397774392 -0.0275496149165398
0.0734656397774392 -0.0275496149165398
0.0734656397774392 -0.0275496149165398
0.0734656397774392 -0.0275496149165398
0.0734656397774392 -0.0275496149165398
0.0734656397774392 -0.0275496149165398
0.0734656397774392 -0.0275496149165398
0.0685679304589432 -0.0240864114451507
0.0619866335622143 -0.0194327317804717
0.0583403609997311 -0.0168544277254854
0.05617960688863 -0.0153265438410491
0.0550992298330794 -0.0145626018988309
0.053429556201774 -0.0107867107726722
0.0456678301319216 -0.0052983416349672
0.04446604512845 -0.00444855130948411
0.043682272300099 -0.00389434022764732
0.0428549565368395 -0.00330933964126404
0.0410543281109219 -0.00203610307090042
0.0410543281109219 -0.00203610307090042
0.0398813473077527 -0.00120668039077784
0.0398813473077527 -0.00120668039077784
0.0377823290283973 0.000277549668388882
0.0357400409728083 0.00172166540163218
0.0357400409728083 0.00172166540163218
0.034799513578787 0.00238671869983633
0.034799513578787 0.00238671869983633
0.034799513578787 0.00238671869983633
0.034799513578787 0.00238671869983633
0.034799513578787 0.00238671869983633
0.0339072183588181 0.00301766670069668
0.0339072183588181 0.00301766670069668
0.0339072183588181 0.00301766670069668
0.0339072183588181 0.00301766670069668
0.0339072183588181 0.00561292027979099
0.0339072183588181 0.00561292027979099
0.0339072183588181 0.00561292027979099
0.0339072183588181 0.00561292027979099
0.0339072183588181 0.00561292027979099
0.0339072183588181 0.00561292027979099
0.0330595378998476 0.00621232088060832
0.0322532077071684 0.00678248242772725
0.0322532077071684 0.00678248242772725
0.0314852741903311 0.00732549342498338
0.0314852741903311 0.00732549342498338
0.0307530585114862 0.00784324809678572
0.0307530585114862 0.00784324809678572
0.0307530585114862 0.00784324809678572
0.0307530585114862 0.00784324809678572
0.0307530585114862 0.00784324809678572
0.0307530585114862 0.00784324809678572
0.0300541253634979 0.00833746846532432
0.0300541253634979 0.00833746846532432
0.0300541253634979 0.00833746846532432
0.0293862559109757 0.0088097234841501
0.0287474242607371 0.0092614456760704
0.0287474242607371 0.0092614456760704
0.0271843255420682 0.00556091439334129
0.0271843255420682 0.00556091439334129
0.0271843255420682 0.00556091439334129
0.0265726782173716 0.00599341436432882
0.0255872464164717 0.00669021987314207
0.0255872464164717 0.00669021987314207
0.0250095794987027 0.00709869206796362
0.0250095794987027 0.00709869206796362
0.0250095794987027 0.00709869206796362
0.0250095794987027 0.00709869206796362
0.0244559820358408 0.00749014458800094
0.0229254478738108 0.00857239567281001
0.0224256816168214 0.00892578378213543
0.0224256816168214 0.00892578378213543
0.0224256816168214 0.00892578378213543
0.0224256816168214 0.00892578378213543
0.0224256816168214 0.00892578378213543
0.0213949137117808 0.00965464675761908
0.0213949137117808 0.00965464675761908
0.0198643795497509 0.0107368978424282
0.0198643795497509 0.0107368978424282
0.0198643795497509 0.0107368978424282
0.0198643795497509 0.0107368978424282
0.018757184624027 0.0115198028825028
0.018757184624027 0.0115198028825028
0.018757184624027 0.0115198028825028
0.018757184624027 0.0115198028825028
0.018757184624027 0.0115198028825028
0.018757184624027 0.0115198028825028
0.018757184624027 0.0115198028825028
0.018757184624027 0.0115198028825028
0.018757184624027 0.0115198028825028
0.018757184624027 0.0115198028825028
0.018757184624027 0.0115198028825028
0.018757184624027 0.0115198028825028
0.018757184624027 0.0115198028825028
0.018757184624027 0.0115198028825028
0.018757184624027 0.0115198028825028
0.018757184624027 0.0115198028825028
0.018757184624027 0.0115198028825028
0.018757184624027 0.0115198028825028
0.018757184624027 0.0115198028825028
0.018757184624027 0.0115198028825028
0.018757184624027 0.0115198028825028
0.017259215018636 0.00786532483742514
0.017259215018636 0.00786532483742514
0.017259215018636 0.00786532483742514
0.017259215018636 0.00786532483742514
0.017259215018636 0.00786532483742514
0.017259215018636 0.00786532483742514
0.017259215018636 0.00786532483742514
0.017259215018636 0.00786532483742514
0.017259215018636 0.00786532483742514
0.017259215018636 0.00786532483742514
0.017259215018636 0.00786532483742514
0.017259215018636 0.00786532483742514
0.017259215018636 0.00786532483742514
0.017259215018636 0.00786532483742514
0.017259215018636 0.00786532483742514
0.017259215018636 0.00786532483742514
0.017259215018636 0.00786532483742514
0.017259215018636 0.00786532483742514
0.017259215018636 0.00786532483742514
0.017259215018636 0.00786532483742514
0.017259215018636 0.00786532483742514
0.017259215018636 0.00786532483742514
0.017259215018636 0.00786532483742514
0.017259215018636 0.00786532483742514
0.017259215018636 0.00786532483742514
0.017259215018636 0.00786532483742514
0.017259215018636 0.00786532483742514
0.017259215018636 0.00786532483742514
0.017259215018636 0.00786532483742514
0.017259215018636 0.00786532483742514
0.017259215018636 0.00786532483742514
0.017259215018636 0.00786532483742514
0.017259215018636 0.00786532483742514
0.017259215018636 0.00786532483742514
0.017259215018636 0.00786532483742514
0.017259215018636 0.00786532483742514
0.017259215018636 0.00786532483742514
0.017259215018636 0.00786532483742514
0.017259215018636 0.00786532483742514
0.017259215018636 0.00786532483742514
0.017259215018636 0.00786532483742514
0.017259215018636 0.00786532483742514
0.017259215018636 0.00786532483742514
0.017259215018636 0.00786532483742514
0.0168358757823298 0.00816467088215956
0.0168358757823298 0.00816467088215956
0.0168358757823298 0.00816467088215956
0.0168358757823298 0.00816467088215956
0.0168358757823298 0.00816467088215956
0.0168358757823298 0.00816467088215956
0.0168358757823298 0.00816467088215956
0.0168358757823298 0.00816467088215956
0.0168358757823298 0.00816467088215956
0.0168358757823298 0.00816467088215956
0.016429815698526 0.00845179872098646
0.016429815698526 0.00845179872098646
0.016429815698526 0.00845179872098646
0.016429815698526 0.00845179872098646
0.016429815698526 0.00845179872098646
0.016429815698526 0.00845179872098646
0.016429815698526 0.00845179872098646
0.016429815698526 0.00845179872098646
0.0160399980180742 0.00872744144626028
0.0160399980180742 0.00872744144626028
0.0156654673054834 0.00899227465289591
0.0156654673054834 0.00899227465289591
0.0156654673054834 0.00899227465289591
0.0156654673054834 0.00899227465289591
0.0156654673054834 0.00899227465289591
0.0153053416202998 0.00924692196696864
0.0153053416202998 0.00924692196696864
0.0153053416202998 0.00924692196696864
0.0153053416202998 0.00924692196696864
0.0153053416202998 0.00924692196696864
0.0153053416202998 0.00924692196696864
0.0153053416202998 0.00924692196696864
0.0153053416202998 0.00924692196696864
0.0153053416202998 0.00924692196696864
0.0153053416202998 0.00924692196696864
0.0153053416202998 0.00924692196696864
0.0153053416202998 0.00924692196696864
0.0153053416202998 0.00924692196696864
0.0153053416202998 0.00924692196696864
0.0153053416202998 0.00924692196696864
0.0153053416202998 0.00924692196696864
0.0153053416202998 0.00924692196696864
0.0153053416202998 0.00924692196696864
0.0153053416202998 0.00924692196696864
0.015240212507022 0.0117961223084115
0.0151722516931668 0.0143433203351739
0.0151722516931668 0.0143433203351739
0.0151722516931668 0.0143433203351739
0.0151722516931668 0.0143433203351739
0.0151722516931668 0.0143433203351739
0.0151722516931668 0.0143433203351739
0.0151722516931668 0.0143433203351739
0.0151722516931668 0.0143433203351739
0.0151722516931668 0.0143433203351739
0.0151722516931668 0.0143433203351739
0.0151722516931668 0.0143433203351739
0.0151012703986959 0.0168883825596104
0.0151012703986959 0.0168883825596104
0.0151012703986959 0.0168883825596104
0.0151012703986959 0.0168883825596104
0.0151012703986959 0.0168883825596104
0.0151012703986959 0.0168883825596104
0.0151012703986959 0.0168883825596104
0.0151012703986959 0.0168883825596104
0.0151012703986959 0.0168883825596104
0.0151012703986959 0.0168883825596104
0.0151012703986959 0.0168883825596104
0.0151012703986959 0.0168883825596104
0.0151012703986959 0.0168883825596104
0.0151012703986959 0.0168883825596104
0.0151012703986959 0.0168883825596104
0.0151012703986959 0.0168883825596104
0.0151012703986959 0.0168883825596104
0.0151012703986959 0.0168883825596104
0.0151012703986959 0.0168883825596104
0.0151012703986959 0.0168883825596104
0.0151012703986959 0.0168883825596104
0.0151012703986959 0.0168883825596104
0.0151012703986959 0.0168883825596104
0.0151012703986959 0.0168883825596104
0.0151012703986959 0.0168883825596104
0.0151012703986959 0.0168883825596104
0.0151012703986959 0.0168883825596104
0.0151012703986959 0.0168883825596104
0.0151012703986959 0.0168883825596104
0.0151012703986959 0.0168883825596104
0.0151012703986959 0.0168883825596104
0.0151012703986959 0.0168883825596104
0.0151012703986959 0.0168883825596104
0.0151012703986959 0.0168883825596104
0.0151012703986959 0.0168883825596104
0.0151012703986959 0.0168883825596104
0.0151012703986959 0.0168883825596104
0.0151012703986959 0.0168883825596104
0.0151012703986959 0.0168883825596104
0.0151012703986959 0.0168883825596104
0.0151012703986959 0.0168883825596104
0.0151012703986959 0.0168883825596104
0.0151012703986959 0.0168883825596104
0.0151012703986959 0.0168883825596104
0.0151012703986959 0.0168883825596104
0.0151012703986959 0.0168883825596104
0.0151012703986959 0.0168883825596104
0.0151012703986959 0.0168883825596104
0.0151012703986959 0.0168883825596104
0.0140208933431453 0.0176523245018285
0.0140208933431453 0.0176523245018285
0.0140208933431453 0.0176523245018285
0.0140208933431453 0.0176523245018285
0.0140208933431453 0.0176523245018285
0.0140208933431453 0.0176523245018285
0.0140208933431453 0.0176523245018285
0.0140208933431453 0.0176523245018285
0.0140208933431453 0.0176523245018285
0.0140208933431453 0.0176523245018285
0.0140208933431453 0.0176523245018285
0.0140208933431453 0.0176523245018285
0.0140208933431453 0.0176523245018285
0.0140208933431453 0.0176523245018285
0.0140208933431453 0.0176523245018285
0.0140208933431453 0.0176523245018285
0.0140208933431453 0.0176523245018285
0.0140208933431453 0.0176523245018285
0.0140208933431453 0.0176523245018285
0.0140208933431453 0.0176523245018285
0.0140208933431453 0.0176523245018285
0.0140208933431453 0.0176523245018285
0.0140208933431453 0.0176523245018285
0.0140208933431453 0.0176523245018285
0.0140208933431453 0.0176523245018285
0.0139466856261984 0.0201951053010533
0.0139466856261984 0.0201951053010533
0.0139466856261984 0.0201951053010533
0.0139466856261984 0.0201951053010533
0.0139466856261984 0.0201951053010533
0.0139466856261984 0.0201951053010533
0.0139466856261984 0.0201951053010533
0.0139466856261984 0.0201951053010533
0.0139466856261984 0.0201951053010533
0.0139466856261984 0.0201951053010533
0.0139466856261984 0.0201951053010533
0.0139466856261984 0.0201951053010533
0.0139466856261984 0.0201951053010533
0.0139466856261984 0.0201951053010533
0.0139466856261984 0.0201951053010533
0.0139466856261984 0.0201951053010533
0.0139466856261984 0.0201951053010533
0.0139466856261984 0.0201951053010533
0.0139466856261984 0.0201951053010533
0.0139466856261984 0.0201951053010533
0.013869026387533 0.0227354455058656
0.013869026387533 0.0227354455058656
0.0127454342497604 0.0235299451257725
0.0127454342497604 0.0235299451257725
0.0127454342497604 0.0235299451257725
0.0127454342497604 0.0235299451257725
0.012664076952111 0.0260676704079999
0.012664076952111 0.0260676704079999
0.012664076952111 0.0260676704079999
0.012664076952111 0.0260676704079999
0.012664076952111 0.0260676704079999
0.012664076952111 0.0260676704079999
0.012664076952111 0.0260676704079999
0.0114092979644406 0.029429517607665
0.0114092979644406 0.029429517607665
0.0114092979644406 0.029429517607665
0.0114092979644406 0.029429517607665
0.0114092979644406 0.029429517607665
0.0114092979644406 0.029429517607665
0.0101911177130289 0.0302909011241457
0.0101911177130289 0.0302909011241457
0.00852726175988137 0.0265191237176631
0.00567077674679889 0.023700106483867
0.00567077674679889 0.023700106483867
0.00567077674679889 0.023700106483867
0.00567077674679889 0.023700106483867
0.00567077674679889 0.023700106483867
0.00567077674679889 0.023700106483867
0.00567077674679889 0.023700106483867
0.00567077674679889 0.023700106483867
0.00567077674679889 0.023700106483867
0.00567077674679889 0.023700106483867
0.00567077674679889 0.023700106483867
0.00567077674679889 0.023700106483867
0.00567077674679889 0.023700106483867
0.00567077674679889 0.023700106483867
0.00434554087662307 0.0246371897543399
0.00283118572264838 0.0209711253767453
0.00263703762598495 0.0234290955201345
0.00263703762598495 0.0234290955201345
0.00263703762598495 0.0234290955201345
0.00263703762598495 0.0234290955201345
0.00263703762598495 0.0234290955201345
0.00263703762598495 0.0234290955201345
0.00263703762598495 0.0234290955201345
0.00263703762598495 0.0234290955201345
0.00263703762598495 0.0234290955201345
0.00263703762598495 0.0234290955201345
0.00263703762598495 0.0234290955201345
0.00263703762598495 0.0234290955201345
0.00263703762598495 0.0234290955201345
0.00263703762598495 0.0234290955201345
0.00263703762598495 0.0234290955201345
0.00263703762598495 0.0234290955201345
0.00263703762598495 0.0234290955201345
0.00263703762598495 0.0234290955201345
0.00263703762598495 0.0234290955201345
0.00263703762598495 0.0234290955201345
0.00263703762598495 0.0234290955201345
0.00263703762598495 0.0234290955201345
0.00125290238380132 0.0244078269359618
0.00125290238380132 0.0244078269359618
0.00125290238380132 0.0244078269359618
-0.000194148096663393 0.0254310461434176
-0.000194148096663393 0.0254310461434176
-0.000194148096663393 0.0254310461434176
-0.000194148096663393 0.0254310461434176
-0.000194148096663393 0.0254310461434176
-0.000194148096663393 0.0254310461434176
-0.000194148096663393 0.0254310461434176
-0.000194148096663393 0.0254310461434176
-0.000194148096663393 0.0254310461434176
-0.000194148096663393 0.0254310461434176
-0.000397541340786978 0.0278824789803446
-0.000397541340786978 0.0278824789803446
-0.000397541340786978 0.0278824789803446
-0.000397541340786978 0.0278824789803446
-0.000397541340786978 0.0278824789803446
-0.000397541340786978 0.0278824789803446
-0.000397541340786978 0.0278824789803446
-0.000397541340786978 0.0278824789803446
-0.000397541340786978 0.0278824789803446
-0.000397541340786978 0.0278824789803446
-0.000397541340786978 0.0278824789803446
-0.000397541340786978 0.0278824789803446
-0.000397541340786978 0.0278824789803446
-0.000397541340786978 0.0278824789803446
-0.000397541340786978 0.0278824789803446
-0.000397541340786978 0.0278824789803446
-0.000397541340786978 0.0278824789803446
-0.000397541340786978 0.0278824789803446
-0.000397541340786978 0.0278824789803446
-0.000397541340786978 0.0278824789803446
-0.000397541340786978 0.0278824789803446
-0.000397541340786978 0.0278824789803446
-0.000397541340786978 0.0278824789803446
-0.000397541340786978 0.0278824789803446
-0.000397541340786978 0.0278824789803446
-0.000397541340786978 0.0278824789803446
-0.000397541340786978 0.0278824789803446
-0.000397541340786978 0.0278824789803446
-0.000583060633154253 0.0280136609300185
-0.000583060633154253 0.0280136609300185
-0.000583060633154253 0.0280136609300185
-0.000583060633154253 0.0280136609300185
-0.000583060633154253 0.0280136609300185
-0.000583060633154253 0.0280136609300185
-0.000583060633154253 0.0280136609300185
-0.000583060633154253 0.0280136609300185
-0.000583060633154253 0.0280136609300185
-0.000583060633154253 0.0280136609300185
-0.000583060633154253 0.0280136609300185
-0.000583060633154253 0.0280136609300185
-0.000796375498942403 0.0304580781209861
-0.000796375498942403 0.0304580781209861
-0.000796375498942403 0.0304580781209861
-0.000796375498942403 0.0304580781209861
-0.00228052983788056 0.0315075337183767
-0.00228052983788056 0.0315075337183767
-0.00228052983788056 0.0315075337183767
-0.00228052983788056 0.0315075337183767
-0.00228052983788056 0.0315075337183767
-0.00228052983788056 0.0315075337183767
-0.00228052983788056 0.0315075337183767
-0.00228052983788056 0.0315075337183767
-0.00228052983788056 0.0315075337183767
-0.00228052983788056 0.0315075337183767
-0.00228052983788056 0.0315075337183767
-0.00228052983788056 0.0315075337183767
-0.00228052983788056 0.0315075337183767
-0.00228052983788056 0.0315075337183767
-0.00228052983788056 0.0315075337183767
-0.00381639687155525 0.0278262581447701
-0.00381639687155525 0.0278262581447701
-0.00381639687155525 0.0278262581447701
-0.00381639687155525 0.0278262581447701
-0.00381639687155525 0.0278262581447701
-0.00381639687155525 0.0278262581447701
-0.00381639687155525 0.0278262581447701
-0.00381639687155525 0.0278262581447701
-0.00407237471050104 0.0302405080581124
-0.00407237471050104 0.0302405080581124
-0.00407237471050104 0.0302405080581124
-0.00407237471050104 0.0302405080581124
-0.00407237471050104 0.0302405080581124
-0.00407237471050104 0.0302405080581124
-0.00407237471050104 0.0302405080581124
-0.0043411514413941 0.0326457077881671
-0.0043411514413941 0.0326457077881671
-0.0043411514413941 0.0326457077881671
-0.0043411514413941 0.0326457077881671
-0.0043411514413941 0.0326457077881671
-0.0043411514413941 0.0326457077881671
-0.0043411514413941 0.0326457077881671
-0.0043411514413941 0.0326457077881671
-0.0043411514413941 0.0326457077881671
-0.0058642195831215 0.0289734823978481
-0.0058642195831215 0.0289734823978481
-0.0058642195831215 0.0289734823978481
-0.00601263501701532 0.0290784279575872
-0.00601263501701532 0.0290784279575872
-0.00601263501701532 0.0290784279575872
-0.00601263501701532 0.0290784279575872
-0.00601263501701532 0.0290784279575872
-0.00746317610437474 0.0254574869392313
-0.00746317610437474 0.0254574869392313
-0.00746317610437474 0.0254574869392313
-0.00746317610437474 0.0254574869392313
-0.00746317610437474 0.0254574869392313
-0.00780447988963577 0.0278114022973229
-0.00780447988963577 0.0278114022973229
-0.00921235800383757 0.0242206285565924
-0.00935432059277949 0.024321011265908
-0.00935432059277949 0.024321011265908
-0.00935432059277949 0.024321011265908
-0.00935432059277949 0.024321011265908
-0.00935432059277949 0.024321011265908
-0.00935432059277949 0.024321011265908
-0.00935432059277949 0.024321011265908
-0.00949024222048983 0.0244171223705719
-0.00949024222048983 0.0244171223705719
-0.00949024222048983 0.0244171223705719
-0.00962050044704558 0.0245092288458748
-0.00962050044704558 0.0245092288458748
-0.00962050044704558 0.0245092288458748
-0.00962050044704558 0.0245092288458748
-0.00962050044704558 0.0245092288458748
-0.00962050044704558 0.0245092288458748
-0.00962050044704558 0.0245092288458748
-0.00962050044704558 0.0245092288458748
-0.00962050044704558 0.0245092288458748
-0.0100044672054642 0.0268329769263411
-0.0100044672054642 0.0268329769263411
-0.0100044672054642 0.0268329769263411
-0.0100044672054642 0.0268329769263411
-0.0100044672054642 0.0268329769263411
-0.0104076323018038 0.0291431497318759
-0.0104076323018038 0.0291431497318759
-0.0105325738660512 0.0292314967592073
-0.0105325738660512 0.0292314967592073
-0.0119212536423321 0.0256542982934081
-0.0119212536423321 0.0256542982934081
-0.0119212536423321 0.0256542982934081
-0.0119212536423321 0.0256542982934081
-0.0119212536423321 0.0256542982934081
-0.0119212536423321 0.0256542982934081
-0.0119212536423321 0.0256542982934081
-0.0119212536423321 0.0256542982934081
-0.0119212536423321 0.0256542982934081
-0.0119212536423321 0.0256542982934081
-0.0119212536423321 0.0256542982934081
-0.0119212536423321 0.0256542982934081
-0.0119212536423321 0.0256542982934081
-0.0119212536423321 0.0256542982934081
-0.0119212536423321 0.0256542982934081
-0.0119212536423321 0.0256542982934081
-0.0119212536423321 0.0256542982934081
-0.0119212536423321 0.0256542982934081
-0.0119212536423321 0.0256542982934081
-0.0119212536423321 0.0256542982934081
-0.0119212536423321 0.0256542982934081
-0.0119212536423321 0.0256542982934081
-0.0119212536423321 0.0256542982934081
-0.0119212536423321 0.0256542982934081
-0.0120411975440095 0.0257391114396463
-0.0120411975440095 0.0257391114396463
-0.0120411975440095 0.0257391114396463
-0.0120411975440095 0.0257391114396463
-0.0121564377632682 0.0258205985801495
-0.0121564377632682 0.0258205985801495
-0.0121564377632682 0.0258205985801495
-0.0121564377632682 0.0258205985801495
-0.0121564377632682 0.0258205985801495
-0.0121564377632682 0.0258205985801495
-0.0121564377632682 0.0258205985801495
-0.0121564377632682 0.0258205985801495
-0.0121564377632682 0.0258205985801495
-0.0121564377632682 0.0258205985801495
-0.0134789899311548 0.0222901593946697
-0.0134789899311548 0.0222901593946697
-0.0134789899311548 0.0222901593946697
-0.0134789899311548 0.0222901593946697
-0.0134789899311548 0.0222901593946697
-0.0134789899311548 0.0222901593946697
-0.0134789899311548 0.0222901593946697
-0.0134789899311548 0.0222901593946697
-0.0134789899311548 0.0222901593946697
-0.0134789899311548 0.0222901593946697
-0.0134789899311548 0.0222901593946697
-0.0134789899311548 0.0222901593946697
-0.0134789899311548 0.0222901593946697
-0.0134789899311548 0.0222901593946697
-0.0134789899311548 0.0222901593946697
-0.0134789899311548 0.0222901593946697
-0.0134789899311548 0.0222901593946697
-0.0134789899311548 0.0222901593946697
-0.0134789899311548 0.0222901593946697
-0.0134789899311548 0.0222901593946697
-0.0148330625074448 0.0232476332955831
-0.0148330625074448 0.0232476332955831
-0.0148330625074448 0.0232476332955831
-0.0148330625074448 0.0232476332955831
-0.0148330625074448 0.0232476332955831
-0.0148330625074448 0.0232476332955831
-0.0148330625074448 0.0232476332955831
-0.0148330625074448 0.0232476332955831
-0.0148330625074448 0.0232476332955831
-0.0148330625074448 0.0232476332955831
-0.0148330625074448 0.0232476332955831
-0.0148330625074448 0.0232476332955831
-0.0148330625074448 0.0232476332955831
-0.0148330625074448 0.0232476332955831
-0.0148330625074448 0.0232476332955831
-0.0148330625074448 0.0232476332955831
-0.0148330625074448 0.0232476332955831
-0.0148330625074448 0.0232476332955831
-0.0148330625074448 0.0232476332955831
-0.0148330625074448 0.0232476332955831
-0.0148330625074448 0.0232476332955831
-0.0160941006210111 0.0197606911150514
-0.0160941006210111 0.0197606911150514
-0.0160941006210111 0.0197606911150514
-0.0160941006210111 0.0197606911150514
-0.0160941006210111 0.0197606911150514
-0.0161805307854551 0.0198218064704289
-0.0161805307854551 0.0198218064704289
-0.0161805307854551 0.0198218064704289
-0.0161805307854551 0.0198218064704289
-0.0161805307854551 0.0198218064704289
-0.0161805307854551 0.0198218064704289
-0.0161805307854551 0.0198218064704289
-0.0161805307854551 0.0198218064704289
-0.0161805307854551 0.0198218064704289
-0.0161805307854551 0.0198218064704289
-0.0161805307854551 0.0198218064704289
-0.0161805307854551 0.0198218064704289
-0.0161805307854551 0.0198218064704289
-0.0161805307854551 0.0198218064704289
-0.0161805307854551 0.0198218064704289
-0.0161805307854551 0.0198218064704289
-0.0161805307854551 0.0198218064704289
-0.0161805307854551 0.0198218064704289
-0.0161805307854551 0.0198218064704289
-0.0161805307854551 0.0198218064704289
-0.0161805307854551 0.0198218064704289
-0.0161805307854551 0.0198218064704289
-0.0161805307854551 0.0198218064704289
-0.0173842489847683 0.0163753955899625
-0.0173842489847683 0.0163753955899625
-0.0173842489847683 0.0163753955899625
-0.0173842489847683 0.0163753955899625
-0.0173842489847683 0.0163753955899625
-0.0173842489847683 0.0163753955899625
-0.0185344685974454 0.0129668139228905
-0.0185344685974454 0.0129668139228905
-0.0185344685974454 0.0129668139228905
-0.0185344685974454 0.0129668139228905
-0.0185344685974454 0.0129668139228905
-0.0185344685974454 0.0129668139228905
-0.0190539226160738 0.0151947580428981
-0.0190539226160738 0.0151947580428981
-0.0190539226160738 0.0151947580428981
-0.0190539226160738 0.0151947580428981
-0.0190539226160738 0.0151947580428981
-0.0190539226160738 0.0151947580428981
-0.0190539226160738 0.0151947580428981
-0.0190539226160738 0.0151947580428981
-0.0190539226160738 0.0151947580428981
-0.0190539226160738 0.0151947580428981
-0.0190539226160738 0.0151947580428981
-0.0190539226160738 0.0151947580428981
-0.0190539226160738 0.0151947580428981
-0.0190539226160738 0.0151947580428981
-0.0190539226160738 0.0151947580428981
-0.0201670383702774 0.0118124127657608
-0.0201670383702774 0.0118124127657608
-0.0201670383702774 0.0118124127657608
-0.0201670383702774 0.0118124127657608
-0.0201670383702774 0.0118124127657608
-0.0201670383702774 0.0118124127657608
-0.0201670383702774 0.0118124127657608
-0.0201670383702774 0.0118124127657608
-0.0201670383702774 0.0118124127657608
-0.0201670383702774 0.0118124127657608
-0.0201670383702774 0.0118124127657608
-0.0201670383702774 0.0118124127657608
-0.0201670383702774 0.0118124127657608
-0.0201670383702774 0.0118124127657608
-0.0201670383702774 0.0118124127657608
-0.0201670383702774 0.0118124127657608
-0.0207235962473792 0.0140141204958336
-0.0207235962473792 0.0140141204958336
-0.0207235962473792 0.0140141204958336
-0.0213060405373695 0.0161975237678124
-0.0223932698786846 0.0128334829487692
-0.0223932698786846 0.0128334829487692
-0.0223932698786846 0.0128334829487692
-0.0223932698786846 0.0128334829487692
-0.0223932698786846 0.0128334829487692
-0.0234321779159413 0.00950361045150143
-0.0234321779159413 0.00950361045150143
-0.0234321779159413 0.00950361045150143
-0.0234321779159413 0.00950361045150143
-0.0234321779159413 0.00950361045150143
-0.0234321779159413 0.00950361045150143
-0.0234321779159413 0.00950361045150143
-0.0234321779159413 0.00950361045150143
-0.0234321779159413 0.00950361045150143
-0.0234321779159413 0.00950361045150143
-0.0234321779159413 0.00950361045150143
-0.0234321779159413 0.00950361045150143
-0.0234321779159413 0.00950361045150143
-0.0234321779159413 0.00950361045150143
-0.0234321779159413 0.00950361045150143
-0.0234321779159413 0.00950361045150143
-0.0234321779159413 0.00950361045150143
-0.0234321779159413 0.00950361045150143
-0.0234321779159413 0.00950361045150143
-0.0234321779159413 0.00950361045150143
-0.0234321779159413 0.00950361045150143
-0.0234321779159413 0.00950361045150143
-0.0234321779159413 0.00950361045150143
-0.0234321779159413 0.00950361045150143
-0.0234321779159413 0.00950361045150143
-0.0234321779159413 0.00950361045150143
-0.0234321779159413 0.00950361045150143
-0.0234321779159413 0.00950361045150143
-0.0234321779159413 0.00950361045150143
-0.0234321779159413 0.00950361045150143
-0.0234321779159413 0.00950361045150143
-0.0234321779159413 0.00950361045150143
-0.0234321779159413 0.00950361045150143
-0.0234321779159413 0.00950361045150143
-0.0234321779159413 0.00950361045150143
-0.0234321779159413 0.00950361045150143
-0.0234321779159413 0.00950361045150143
-0.0234321779159413 0.00950361045150143
-0.0240629435099901 0.0116528454017047
-0.0240629435099901 0.0116528454017047
-0.0240629435099901 0.0116528454017047
-0.0240629435099901 0.0116528454017047
-0.0240629435099901 0.0116528454017047
-0.0240629435099901 0.0116528454017047
-0.0240629435099901 0.0116528454017047
-0.0240629435099901 0.0116528454017047
-0.0240629435099901 0.0116528454017047
-0.0240629435099901 0.0116528454017047
-0.0240629435099901 0.0116528454017047
-0.0240629435099901 0.0116528454017047
-0.0240629435099901 0.0116528454017047
-0.0240629435099901 0.0116528454017047
-0.0240629435099901 0.0116528454017047
-0.0240629435099901 0.0116528454017047
-0.0241460494373401 0.0117116101664908
-0.0248061529659958 0.0138401000641875
-0.0248061529659958 0.0138401000641875
-0.0254976899960159 0.0159463631199129
-0.0254976899960159 0.0159463631199129
-0.0254976899960159 0.0159463631199129
-0.0254976899960159 0.0159463631199129
-0.0268550868094 0.0169061876114178
-0.0268550868094 0.0169061876114178
-0.0268550868094 0.0169061876114178
-0.0268550868094 0.0169061876114178
-0.0268550868094 0.0169061876114178
-0.0268550868094 0.0169061876114178
-0.0268550868094 0.0169061876114178
-0.0268550868094 0.0169061876114178
-0.0268550868094 0.0169061876114178
-0.0268550868094 0.0169061876114178
-0.0275803573530797 0.0189885974708814
-0.0275803573530797 0.0189885974708814
-0.0283418914239434 0.0210453651443634
-0.0283418914239434 0.0210453651443634
-0.0283418914239434 0.0210453651443634
-0.0291424785240822 0.0230745181560191
-0.0291424785240822 0.0230745181560191
-0.0291424785240822 0.0230745181560191
-0.0291424785240822 0.0230745181560191
-0.0291424785240822 0.0230745181560191
-0.0291424785240822 0.0230745181560191
-0.0291424785240822 0.0230745181560191
-0.0291424785240822 0.0230745181560191
-0.0291424785240822 0.0230745181560191
-0.0291424785240822 0.0230745181560191
-0.0291424785240822 0.0230745181560191
-0.0291424785240822 0.0230745181560191
-0.0291424785240822 0.0230745181560191
-0.0291424785240822 0.0230745181560191
-0.0291424785240822 0.0230745181560191
-0.0291424785240822 0.0230745181560191
-0.0291424785240822 0.0230745181560191
-0.0291424785240822 0.0230745181560191
-0.0291424785240822 0.0230745181560191
-0.0291424785240822 0.0230745181560191
-0.0291424785240822 0.0230745181560191
-0.0291424785240822 0.0230745181560191
-0.0291424785240822 0.0230745181560191
-0.0291424785240822 0.0230745181560191
-0.0291424785240822 0.0230745181560191
-0.0291424785240822 0.0230745181560191
-0.0301785324183794 0.0197466638425925
-0.0301785324183794 0.0197466638425925
-0.0310262128773498 0.0217425168208695
-0.0310262128773498 0.0217425168208695
-0.0310262128773498 0.0217425168208695
-0.0310262128773498 0.0217425168208695
-0.0310262128773498 0.0217425168208695
-0.0310262128773498 0.0217425168208695
-0.0310262128773498 0.0217425168208695
-0.0310262128773498 0.0217425168208695
-0.0310262128773498 0.0217425168208695
-0.0310262128773498 0.0217425168208695
-0.0310262128773498 0.0217425168208695
-0.0310262128773498 0.0217425168208695
-0.0310262128773498 0.0217425168208695
-0.0310262128773498 0.0217425168208695
-0.0310262128773498 0.0217425168208695
-0.0310262128773498 0.0217425168208695
-0.0310262128773498 0.0217425168208695
-0.0310262128773498 0.0217425168208695
-0.0310262128773498 0.0217425168208695
-0.0310262128773498 0.0217425168208695
-0.0310262128773498 0.0217425168208695
-0.0310262128773498 0.0217425168208695
-0.0320151734128154 0.0184479625408216
-0.0320151734128154 0.0184479625408216
-0.0329558919709411 0.0151875204900885
-0.0329558919709411 0.0151875204900885
-0.0329558919709411 0.0151875204900885
-0.0329558919709411 0.0151875204900885
-0.0329558919709411 0.0151875204900885
-0.0329558919709411 0.0151875204900885
-0.0329558919709411 0.0151875204900885
-0.0329558919709411 0.0151875204900885
-0.0329558919709411 0.0151875204900885
-0.0329558919709411 0.0151875204900885
-0.0329558919709411 0.0151875204900885
-0.0329558919709411 0.0151875204900885
-0.0329558919709411 0.0151875204900885
-0.0329558919709411 0.0151875204900885
-0.0329558919709411 0.0151875204900885
-0.0329558919709411 0.0151875204900885
-0.0329558919709411 0.0151875204900885
-0.0329558919709411 0.0151875204900885
-0.0329558919709411 0.0151875204900885
-0.0329558919709411 0.0151875204900885
-0.0338518144072513 0.0171492612390507
-0.0338518144072513 0.0171492612390507
-0.0338518144072513 0.0171492612390507
-0.0338518144072513 0.0171492612390507
-0.0338518144072513 0.0171492612390507
-0.0338518144072513 0.0171492612390507
-0.0347936815838852 0.0190785141505702
-0.0347936815838852 0.0190785141505702
-0.0347936815838852 0.0190785141505702
-0.035785120717184 0.0209727143953753
-0.035785120717184 0.0209727143953753
-0.035785120717184 0.0209727143953753
-0.0366774159371529 0.0177465128154206
-0.0366774159371529 0.0177465128154206
-0.0366774159371529 0.0177465128154206
-0.0366774159371529 0.0177465128154206
-0.0366774159371529 0.0177465128154206
-0.0366774159371529 0.0177465128154206
-0.0366774159371529 0.0177465128154206
-0.0366774159371529 0.0177465128154206
-0.0366774159371529 0.0177465128154206
-0.0366774159371529 0.0177465128154206
-0.0366774159371529 0.0177465128154206
-0.0375250963961233 0.0145518586355089
-0.0375250963961233 0.0145518586355089
-0.0375250963961233 0.0145518586355089
-0.0383314265888025 0.0113864435092957
-0.0383314265888025 0.0113864435092957
-0.0383314265888025 0.0113864435092957
-0.0383868305403692 0.011425620019153
-0.0383868305403692 0.011425620019153
-0.0383868305403692 0.011425620019153
-0.0383868305403692 0.011425620019153
-0.039417141342126 0.0132923338435954
-0.039417141342126 0.0132923338435954
-0.039417141342126 0.0132923338435954
-0.039417141342126 0.0132923338435954
-0.0401786754129897 0.0101585943588888
-0.0401786754129897 0.0101585943588888
-0.0409039459566694 0.00705049706016366
-0.0409039459566694 0.00705049706016366
-0.0415954829866896 0.00396625295770046
-0.0415954829866896 0.00396625295770046
-0.0415954829866896 0.00396625295770046
-0.0415954829866896 0.00396625295770046
-0.0415954829866896 0.00396625295770046
-0.0426531278561322 0.00581363867752472
-0.0426531278561322 0.00581363867752472
-0.0426531278561322 0.00581363867752472
-0.0426531278561322 0.00581363867752472
-0.0440382266452996 0.00679305142395827
-0.0440382266452996 0.00679305142395827
-0.0440382266452996 0.00679305142395827
-0.0440382266452996 0.00679305142395827
-0.0440382266452996 0.00679305142395827
-0.0440382266452996 0.00679305142395827
-0.0440382266452996 0.00679305142395827
-0.0440382266452996 0.00679305142395827
-0.0440382266452996 0.00679305142395827
-0.0440382266452996 0.00679305142395827
-0.0440382266452996 0.00679305142395827
-0.0440382266452996 0.00679305142395827
-0.0454787293860337 0.00781164068024916
-0.0454787293860337 0.00781164068024916
-0.0461295877672292 0.00475616072621942
-0.0472279112854966 0.00657478229761022
-0.0472279112854966 0.00657478229761022
-0.0472279112854966 0.00657478229761022
-0.0472279112854966 0.00657478229761022
-0.0472279112854966 0.00657478229761022
-0.0472279112854966 0.00657478229761022
-0.0472279112854966 0.00657478229761022
-0.0472279112854966 0.00657478229761022
-0.0472279112854966 0.00657478229761022
-0.0472279112854966 0.00657478229761022
-0.0472279112854966 0.00657478229761022
-0.0472279112854966 0.00657478229761022
-0.0472279112854966 0.00657478229761022
-0.0472279112854966 0.00657478229761022
-0.0472279112854966 0.00657478229761022
-0.0472279112854966 0.00657478229761022
-0.0472279112854966 0.00657478229761022
-0.0472279112854966 0.00657478229761022
-0.0472279112854966 0.00657478229761022
-0.0472279112854966 0.00657478229761022
-0.0472279112854966 0.00657478229761022
-0.0472279112854966 0.00657478229761022
-0.0472279112854966 0.00657478229761022
-0.0472279112854966 0.00657478229761022
-0.0472279112854966 0.00657478229761022
-0.0472279112854966 0.00657478229761022
-0.0472279112854966 0.00657478229761022
-0.0472279112854966 0.00657478229761022
-0.0472279112854966 0.00657478229761022
-0.0472279112854966 0.00657478229761022
-0.0472279112854966 0.00657478229761022
-0.0478380910178673 0.00354806649201395
-0.0478380910178673 0.00354806649201395
-0.0478380910178673 0.00354806649201395
-0.0489770931849594 0.00533792391497128
-0.0495465942685055 0.00233997225780848
-0.0495465942685055 0.00233997225780848
-0.050090208939163 -0.000639674941260315
-0.050090208939163 -0.000639674941260315
-0.0512550975191436 0.001131878023603
-0.0524754569838851 0.00286420714969341
-0.0524754569838851 0.00286420714969341
-0.0524754569838851 0.00286420714969341
-0.053755346178614 0.00455444240002753
-0.0550992298330793 0.00619942673392364
-0.0565120305980301 0.00779567931165574
-0.0565120305980301 0.00779567931165574
-0.0565120305980301 0.00779567931165574
-0.0579991892979782 0.00933935288931614
-0.0595667349546804 0.0108261843047369
-0.0595667349546804 0.0108261843047369
-0.0595667349546804 0.0108261843047369
-0.0595667349546804 0.0108261843047369
-0.0595667349546804 0.0108261843047369
-0.0595667349546804 0.0108261843047369
-0.0595667349546804 0.0108261843047369
-0.0599324956079109 0.00797229888745206
-0.0615522927865031 0.009422182897417
-0.0632620786972392 0.0108084352646525
-0.0632620786972392 0.0108084352646525
-0.0632620786972392 0.0108084352646525
-0.0632620786972392 0.0108084352646525
-0.0632620786972392 0.0108084352646525
-0.0632620786972392 0.0108084352646525
-0.0650695666600175 0.0121256018483533
-0.0653027909132792 0.00936543381824045
-0.0671685849393729 0.0106413717891866
-0.0712394082690319 0.0129533721659609
-0.0712394082690319 0.0129533721659609
-0.0712394082690319 0.0129533721659609
-0.0712394082690319 0.0129533721659609
-0.0712394082690319 0.0129533721659609
-0.0712394082690319 0.0129533721659609
-0.0712394082690319 0.0129533721659609
-0.0712394082690319 0.0129533721659609
-0.0734656397774391 0.0139744423489693
-0.0734656397774391 0.0139744423489693
-0.0734656397774391 0.0139744423489693
-0.0734656397774391 0.011379188769875
-0.0734656397774391 0.011379188769875
-0.0734656397774391 0.011379188769875
-0.0734656397774391 0.011379188769875
-0.0734656397774391 0.011379188769875
-0.0734656397774391 0.011379188769875
-0.0734656397774391 0.011379188769875
-0.0734656397774391 0.011379188769875
-0.0734656397774391 0.011379188769875
-0.0734656397774391 0.011379188769875
-0.0734656397774391 0.011379188769875
-0.0734656397774391 0.011379188769875
-0.0734656397774391 0.011379188769875
-0.0734656397774391 0.011379188769875
-0.0734656397774391 0.011379188769875
-0.0734656397774391 0.011379188769875
-0.0734656397774391 0.011379188769875
-0.0734656397774391 0.011379188769875
-0.0734656397774391 0.011379188769875
-0.0734656397774391 0.00878393519078071
-0.0734656397774391 0.00878393519078071
-0.0734656397774391 0.00878393519078071
-0.0734656397774391 0.00618868161168639
-0.0734656397774391 0.00359342803259207
-0.0734656397774391 0.000998174453497752
-0.0734656397774391 -0.00419233270469088
-0.0734656397774391 -0.00419233270469088
-0.0734656397774391 -0.00938283986287952
-0.0734656397774391 -0.00938283986287952
-0.0734656397774391 -0.00938283986287952
-0.0734656397774391 -0.00938283986287952
-0.0734656397774391 -0.0145733470210682
-0.0734656397774391 -0.0145733470210682
-0.0734656397774391 -0.0145733470210682
-0.0734656397774391 -0.0171686006001625
-0.0734656397774391 -0.0249543613374454
-0.0734656397774391 -0.0249543613374454
-0.0734656397774391 -0.0249543613374454
-0.0734656397774391 -0.0275496149165398
-0.0734656397774391 -0.0275496149165398
-0.0734656397774391 -0.0275496149165398
-0.0734656397774391 -0.0275496149165398
-0.0734656397774391 -0.0275496149165398
-0.0734656397774391 -0.0275496149165398
-0.0734656397774391 -0.0275496149165398
-0.0734656397774391 -0.0275496149165398
-0.0734656397774391 -0.0275496149165398
-0.0734656397774391 -0.0275496149165398
-0.0734656397774391 -0.0275496149165398
-0.0734656397774391 -0.0275496149165398
-0.0734656397774391 -0.0275496149165398
-0.0734656397774391 -0.0275496149165398
