0 0.0337948060703144
0.0334448160535117 0.0345711052962765
0.0668896321070234 0.0353645841718494
0.100334448160535 0.0361755926186632
0.133779264214047 0.0370044862826154
0.167224080267559 0.0378516265606263
0.20066889632107 0.0387173806238139
0.234113712374582 0.0396021214368685
0.267558528428094 0.0405062277733977
0.301003344481605 0.0414300842270056
0.334448160535117 0.0423740812178637
0.367892976588629 0.04333861499452
0.40133779264214 0.0443240876306866
0.434782608695652 0.0453309070167405
0.468227424749164 0.0463594868456586
0.501672240802676 0.0474102465931068
0.535117056856187 0.0484836114913895
0.568561872909699 0.049580012496963
0.602006688963211 0.0506998862512035
0.635451505016722 0.0518436750341188
0.668896321070234 0.0530118267106804
0.702341137123746 0.0542047946694478
0.735785953177257 0.0554230377531508
0.769230769230769 0.056667020180887
0.802675585284281 0.0579372114615871
0.836120401337793 0.0592340862983933
0.869565217391304 0.0605581244835919
0.903010033444816 0.0619098107837347
0.936454849498328 0.0632896348145814
0.969899665551839 0.0646980909054883
1.00334448160535 0.0661356779528669
1.03678929765886 0.0676028992623347
1.07023411371237 0.0691002623791739
1.10367892976589 0.0706282789067182
1.1371237458194 0.0721874643122821
1.17056856187291 0.0737783377202518
1.20401337792642 0.0754014216919562
1.23745819397993 0.0770572419919379
1.27090301003344 0.078746327340252
1.30434782608696 0.0804692091504193
1.33779264214047 0.0822264212526721
1.37123745819398 0.0840184996021353
1.40468227424749 0.0858459819715945
1.438127090301 0.0877094076285142
1.47157190635451 0.0896093169959803
1.50501672240803 0.0915462512972558
1.53846153846154 0.0935207521836512
1.57190635451505 0.0955333613454328
1.60535117056856 0.0975846201055066
1.63879598662207 0.0996750689956389
1.67224080267559 0.101805247314998
1.7056856187291 0.103975692670825
1.73913043478261 0.10618694050107
1.77257525083612 0.108439523578862
1.80602006688963 0.110733971498705
1.83946488294314 0.113070810144335
1.87290969899666 0.115450561138215
1.90635451505017 0.117873741272656
1.93979933110368 0.120340861922634
1.97324414715719 0.122852428440386
2.0066889632107 0.125408939531926
2.04013377926421 0.128010886615672
2.07357859531773 0.130658753163427
2.10702341137124 0.133353014024007
2.14046822742475 0.136094134729867
2.17391304347826 0.138882570787138
2.20735785953177 0.141718766949554
2.24080267558528 0.144603156476795
2.2742474916388 0.147536160377857
2.30769230769231 0.150518186640114
2.34113712374582 0.153549629444828
2.37458193979933 0.156630868369903
2.40802675585284 0.159762267580776
2.44147157190635 0.162944175010424
2.47491638795987 0.166176921529503
2.50836120401338 0.169460820107752
2.54180602006689 0.172796164967854
2.5752508361204 0.176183230733035
2.60869565217391 0.179622271569746
2.64214046822742 0.183113520326874
2.67558528428094 0.186657187672986
2.70903010033445 0.190253461233215
2.74247491638796 0.193902504727434
2.77591973244147 0.197604457111491
2.80936454849498 0.201359431723306
2.84280936454849 0.205167515435732
2.87625418060201 0.20902876781814
2.90969899665552 0.21294322030876
2.94314381270903 0.216910875399855
2.97658862876254 0.220931705837898
3.01003344481605 0.225005653840938
3.04347826086956 0.229132630335407
3.07692307692308 0.233312514214679
3.11036789297659 0.237545151621688
3.1438127090301 0.241830355257986
3.17725752508361 0.246167903721619
3.21070234113712 0.25055754087622
3.24414715719064 0.254998975253735
3.27759197324415 0.259491879493181
3.31103678929766 0.264035889817848
3.34448160535117 0.268630605553309
3.37792642140468 0.273275588688615
3.41137123745819 0.277970363482961
3.44481605351171 0.282714416120121
3.47826086956522 0.287507194412831
3.51170568561873 0.292348107559288
3.54515050167224 0.297236525953802
3.57859531772575 0.302171781053593
3.61204013377926 0.307153165303579
3.64548494983278 0.312179932120934
3.67892976588629 0.317251295941037
3.7123745819398 0.322366432326321
3.74581939799331 0.327524478139374
3.77926421404682 0.332724531781507
3.81270903010033 0.337965653497825
3.84615384615385 0.343246865749672
3.87959866220736 0.348567153655143
3.91304347826087 0.353925465498175
3.94648829431438 0.3593207133065
3.97993311036789 0.364751773498595
4.0133779264214 0.370217487599499
4.04682274247492 0.375716663025204
4.08026755852843 0.381248073935072
4.11371237458194 0.386810462151531
4.14715719063545 0.392402538146076
4.18060200668896 0.398022982090374
4.21404682274247 0.403670444971063
4.24749163879599 0.409343549766587
4.2809364548495 0.41504089268422
4.31438127090301 0.420761044455192
4.34782608695652 0.426502551685634
4.38127090301003 0.432263938260848
4.41471571906354 0.438043706800202
4.44816053511706 0.443840340159782
4.48160535117057 0.449652302979712
4.51505016722408 0.455478043272933
4.54849498327759 0.461315994052025
4.5819397993311 0.46716457499053
4.61538461538461 0.473022194115106
4.64882943143813 0.478887249524697
4.68227424749164 0.484758131132814
4.71571906354515 0.490633222428931
4.74916387959866 0.496510902254913
4.78260869565217 0.502389546592334
4.81605351170569 0.508267530356513
4.8494983277592 0.514143229193054
4.88294314381271 0.520015021272667
4.91638795986622 0.525881289080064
4.94983277591973 0.53174042119274
4.98327759197324 0.537590814045495
5.01672240802676 0.54343087367659
5.05016722408027 0.549259017451548
5.08361204013378 0.555073675760651
5.11705685618729 0.560873293686309
5.1505016722408 0.566656332636619
5.18394648829431 0.57242127194151
5.21739130434783 0.578166610408081
5.25083612040134 0.583890867831837
5.28428093645485 0.589592586460746
5.31772575250836 0.59527033240919
5.35117056856187 0.600922697019077
5.38461538461538 0.606548298165586
5.4180602006689 0.61214578150523
5.45150501672241 0.617713821664093
5.48494983277592 0.623251123364362
5.51839464882943 0.628756422487463
5.55183946488294 0.634228487072338
5.58528428093645 0.639666118247621
5.61872909698997 0.645068151096707
5.65217391304348 0.650433455454911
5.68561872909699 0.655760936638142
5.7190635451505 0.661049536102748
5.75250836120401 0.666298232036377
5.78595317725753 0.671506039879928
5.81939799331104 0.676672012780854
5.85284280936455 0.6817952419783
5.88628762541806 0.686874857120708
5.91973244147157 0.691910026516755
5.95317725752508 0.696899957320606
5.9866220735786 0.701843895652691
6.02006688963211 0.706741126657302
6.05351170568562 0.711590974498514
6.08695652173913 0.716392802296029
6.12040133779264 0.721146012002672
6.15384615384615 0.725850044225406
6.18729096989967 0.7305043779918
6.22073578595318 0.735108530464003
6.25418060200669 0.739662056602354
6.2876254180602 0.744164548780814
6.32107023411371 0.748615636356488
6.35451505016722 0.753014985195538
6.38795986622074 0.757362297157837
6.42140468227425 0.761657309542734
6.45484949832776 0.765899794498339
6.48829431438127 0.770089558396722
6.52173913043478 0.774226441177446
6.55518394648829 0.778310315661832
6.58862876254181 0.782341086840344
6.62207357859532 0.786318691135469
6.65551839464883 0.790243095642417
6.68896321070234 0.79411429734995
6.72240802675585 0.797932322343606
6.75585284280936 0.801697224993514
6.78929765886288 0.805409087128977
6.82274247491639 0.809068017201907
6.8561872909699 0.812674149441171
6.88963210702341 0.816227642999809
6.92307692307692 0.819728681097029
6.95652173913043 0.823177470156831
6.98996655518395 0.826574238944994
7.02341137123746 0.829919237706134
7.05685618729097 0.833212737302431
7.09030100334448 0.836455028355545
7.12374581939799 0.839646420393198
7.1571906354515 0.842787241001756
7.19063545150502 0.845877834986132
7.22408026755853 0.848918563538208
7.25752508361204 0.851909803414908
7.29096989966555 0.854851946126979
7.32441471571906 0.857745397139463
7.35785953177257 0.860590575084748
7.39130434782609 0.863387910989041
7.4247491638796 0.866137847513009
7.45819397993311 0.868840838207274
7.49163879598662 0.871497346783377
7.52508361204013 0.874107846400772
7.55852842809364 0.876672818970308
7.59197324414716 0.879192754474656
7.62541806020067 0.881668150306011
7.65886287625418 0.884099510621409
7.69230769230769 0.886487345715872
7.7257525083612 0.888832171413615
7.75919732441471 0.891134508477443
7.79264214046823 0.893394882036449
7.82608695652174 0.895613821032064
7.85953177257525 0.897791857682483
7.89297658862876 0.899929526965437
7.92642140468227 0.902027366119248
7.95986622073579 0.904085914162082
7.9933110367893 0.90610571142925
8.02675585284281 0.908087299128428
8.06020066889632 0.910031218912584
8.09364548494983 0.911938012470413
8.12709030100334 0.91380822113404
8.16053511705686 0.915642385503745
8.19397993311037 0.917441045089413
8.22742474916388 0.919204737968439
8.26086956521739 0.920934000459761
8.2943143812709 0.922629366813709
8.32775919732441 0.924291368917331
8.36120401337793 0.925920536014843
8.39464882943144 0.927517394442864
8.42809364548495 0.929082467380056
8.46153846153846 0.93061627461081
8.49498327759197 0.932119332302605
8.52842809364548 0.933592152796652
8.561872909699 0.935035244411453
8.59531772575251 0.936449111258884
8.62876254180602 0.937834253072427
8.66220735785953 0.939191165047165
8.69565217391304 0.940520337691149
8.72909698996656 0.941822256687776
8.76254180602007 0.943097402768782
8.79598662207358 0.944346251597492
8.82943143812709 0.945569273661939
8.8628762541806 0.946766934177511
8.89632107023411 0.947939692998738
8.92976588628762 0.949088004539883
8.96321070234114 0.950212317703987
8.99665551839465 0.951313075820008
9.03010033444816 0.952390716587742
9.06354515050167 0.953445672030175
9.09698996655518 0.95447836845296
9.1304347826087 0.955489226410688
9.16387959866221 0.956478660679657
9.19732441471572 0.957447080236837
9.23076923076923 0.958394888244733
9.26421404682274 0.959322482041866
9.29765886287625 0.960230253138589
9.33110367892977 0.961118587217981
9.36454849498328 0.961987864141547
9.39799331103679 0.962838457959468
9.4314381270903 0.96367073692517
9.46488294314381 0.964485063513963
9.49832775919732 0.965281794445518
9.53177257525084 0.966061280709975
9.56521739130435 0.966823867597446
9.59866220735786 0.967569894730725
9.63210702341137 0.968299696100996
9.66555183946488 0.969013600106349
9.69899665551839 0.969711929592914
9.73244147157191 0.970395001898444
9.76588628762542 0.971063128898171
9.79933110367893 0.971716617052771
9.83277591973244 0.972355767458271
9.86622073578595 0.972980875897773
9.89966555183946 0.973592232894815
9.93311036789298 0.974190123768258
9.96655518394649 0.974774828688551
10 0.975346622735258
