0 0.0412527544883168
0.0334448160535117 0.0421429257002109
0.0668896321070234 0.0430514429054784
0.100334448160535 0.0439786466701061
0.133779264214047 0.0449248822485738
0.167224080267559 0.0458904995745141
0.20066889632107 0.0468758532472173
0.234113712374582 0.0478813025137819
0.267558528428094 0.0489072112467098
0.301003344481605 0.0499539479167379
0.334448160535117 0.051021885560694
0.367892976588629 0.0521114017441601
0.40133779264214 0.0532228785187204
0.434782608695652 0.0543567023735685
0.468227424749164 0.0555132641812429
0.501672240802676 0.0566929591372547
0.535117056856187 0.0578961866933699
0.568561872909699 0.0591233504843019
0.602006688963211 0.0603748582475694
0.635451505016722 0.0616511217362677
0.668896321070234 0.0629525566245036
0.702341137123746 0.0642795824052352
0.735785953177257 0.0656326222802616
0.769230769230769 0.0670121030421019
0.802675585284281 0.0684184549475023
0.836120401337793 0.0698521115823095
0.869565217391304 0.0713135097174482
0.903010033444816 0.0728030891557406
0.936454849498328 0.0743212925693051
0.969899665551839 0.0758685653272749
1.00334448160535 0.0774453553135773
1.03678929765886 0.0790521127345188
1.07023411371237 0.0806892899159221
1.10367892976589 0.0823573410895681
1.1371237458194 0.0840567221686994
1.17056856187291 0.0857878905123473
1.20401337792642 0.0875513046782527
1.23745819397993 0.0893474241641587
1.27090301003344 0.091176709137259
1.30434782608696 0.0930396201516011
1.33779264214047 0.0949366178532497
1.37123745819398 0.0968681626730299
1.40468227424749 0.0988347145066835
1.438127090301 0.100836732382286
1.47157190635451 0.102874674114784
1.50501672240803 0.104948995947545
1.53846153846154 0.1070601521808
1.57190635451505 0.109208594786914
1.60535117056856 0.111394773012423
1.63879598662207 0.113619132966791
1.67224080267559 0.11588211719789
1.7056856187291 0.1181841642542
1.73913043478261 0.120525708233789
1.77257525083612 0.122907178320126
1.80602006688963 0.125328998304843
1.83946488294314 0.127791586097565
1.87290969899666 0.130295353222993
1.90635451505017 0.132840704305419
1.93979933110368 0.135428036540934
1.97324414715719 0.138057739157595
2.0066889632107 0.140730192863867
2.04013377926421 0.143445769285702
2.07357859531773 0.146204830392661
2.10702341137124 0.149007727913509
2.14046822742475 0.151854802741788
2.17391304347826 0.154746384331898
2.20735785953177 0.157682790086269
2.24080267558528 0.160664324734257
2.2742474916388 0.163691279703447
2.30769230769231 0.166763932484098
2.34113712374582 0.1698825459875
2.37458193979933 0.173047367899096
2.40802675585284 0.176258630027232
2.44147157190635 0.179516547648497
2.47491638795987 0.182821318850614
2.50836120401338 0.186173123873948
2.54180602006689 0.189572124452701
2.5752508361204 0.193018463156952
2.60869565217391 0.196512262736721
2.64214046822742 0.200053625469301
2.67558528428094 0.203642632511144
2.70903010033445 0.207279343255634
2.74247491638796 0.210963794698117
2.77591973244147 0.214696000809614
2.80936454849498 0.218475951920661
2.84280936454849 0.222303614116776
2.87625418060201 0.226178928647075
2.90969899665552 0.230101811347593
2.94314381270903 0.234072152080893
2.97658862876254 0.238089814193566
3.01003344481605 0.242154633993236
3.04347826086956 0.246266420246729
3.07692307692308 0.250424953701026
3.11036789297659 0.254629986628674
3.1438127090301 0.258881242399283
3.17725752508361 0.263178415078774
3.21070234113712 0.267521169057994
3.24414715719064 0.271909138712324
3.27759197324415 0.27634192809386
3.31103678929766 0.280819110657743
3.34448160535117 0.285340229024142
3.37792642140468 0.289904794777393
3.41137123745819 0.294512288303715
3.44481605351171 0.299162158668885
3.47826086956522 0.30385382353718
3.51170568561873 0.308586669132839
3.54515050167224 0.313360050245219
3.57859531772575 0.31817329027871
3.61204013377926 0.323025681348444
3.64548494983278 0.327916484422664
3.67892976588629 0.332844929512592
3.7123745819398 0.337810215910461
3.74581939799331 0.342811512476323
3.77926421404682 0.347847957974083
3.81270903010033 0.352918661457105
3.84615384615385 0.358022702703622
3.87959866220736 0.363159132702019
3.91304347826087 0.368326974185957
3.94648829431438 0.37352522221914
3.97993311036789 0.378752844829415
4.0133779264214 0.384008783691721
4.04682274247492 0.38929195485929
4.08026755852843 0.39460124954234
4.11371237458194 0.399935534933356
4.14715719063545 0.405293655077916
4.18060200668896 0.410674431789882
4.21404682274247 0.416076665609613
4.24749163879599 0.42149913680374
4.2809364548495 0.426940606404898
4.31438127090301 0.432399817289674
4.34782608695652 0.43787549529291
4.38127090301003 0.443366350356365
4.41471571906354 0.448871077709635
4.44816053511706 0.454388359081126
4.48160535117057 0.459916863936728
4.51505016722408 0.465455250743805
4.54849498327759 0.471002168257973
4.5819397993311 0.476556256830088
4.61538461538461 0.482116149730773
4.64882943143813 0.48768047448978
4.68227424749164 0.493247854247394
4.71571906354515 0.498816909115064
4.74916387959866 0.504386257542419
4.78260869565217 0.509954517687779
4.81605351170569 0.515520308789283
4.8494983277592 0.521082252533742
4.88294314381271 0.526638974420334
4.91638795986622 0.532189105116272
4.94983277591973 0.537731281801627
4.98327759197324 0.543264149500489
5.01672240802676 0.548786362395741
5.05016722408027 0.554296585124741
5.08361204013378 0.559793494053301
5.11705685618729 0.565275778525424
5.1505016722408 0.570742142086333
5.18394648829431 0.576191303676432
5.21739130434783 0.581621998793942
5.25083612040134 0.587032980624048
5.28428093645485 0.592423021132531
5.31772575250836 0.597790912121951
5.35117056856187 0.603135466248605
5.38461538461538 0.608455517998584
5.4180602006689 0.613749924621415
5.45150501672241 0.619017567019884
5.48494983277592 0.624257350594806
5.51839464882943 0.629468206043629
5.55183946488294 0.634649090111913
5.58528428093645 0.63979898629686
5.61872909698997 0.644916905502235
5.65217391304348 0.650001886644139
5.68561872909699 0.655052997207253
5.7190635451505 0.660069333751314
5.75250836120401 0.665050022367707
5.78595317725753 0.66999421908621
5.81939799331104 0.674901110232059
5.85284280936455 0.679769912733613
5.88628762541806 0.68459987438105
5.91973244147157 0.689390274036613
5.95317725752508 0.694140421797072
5.9866220735786 0.698849659109147
6.02006688963211 0.703517358838765
6.05351170568562 0.708142925295106
6.08695652173913 0.712725794210481
6.12040133779264 0.717265432677203
6.15384615384615 0.721761339042627
6.18729096989967 0.726213042763685
6.22073578595318 0.730620104222238
6.25418060200669 0.734982114502669
6.2876254180602 0.739298695133174
6.32107023411371 0.743569497792264
6.35451505016722 0.74779420398202
6.38795986622074 0.751972524669676
6.42140468227425 0.756104199899147
6.45484949832776 0.760188998374116
6.48829431438127 0.764226717014325
6.52173913043478 0.76821718048672
6.55518394648829 0.772160240713094
6.58862876254181 0.776055776355886
6.62207357859532 0.779903692283769
6.65551839464883 0.783703919018659
6.68896321070234 0.787456412165768
6.72240802675585 0.791161151828266
6.75585284280936 0.794818142008155
6.78929765886288 0.798427409994862
6.82274247491639 0.801989005743072
6.8561872909699 0.805503001241275
6.88963210702341 0.808969489872449
6.92307692307692 0.812388585768283
6.95652173913043 0.815760423158282
6.98996655518395 0.81908515571507
7.02341137123746 0.822362955897138
7.05685618729097 0.825594014290255
7.09030100334448 0.828778538948708
7.12374581939799 0.831916754737476
7.1571906354515 0.835008902676405
7.19063545150502 0.838055239287393
7.22408026755853 0.841056035945542
7.25752508361204 0.844011578235184
7.29096989966555 0.846922165311647
7.32441471571906 0.849788109269547
7.35785953177257 0.852609734518372
7.39130434782609 0.855387377166061
7.4247491638796 0.858121384411224
7.45819397993311 0.860812113944613
7.49163879598662 0.863459933360399
7.52508361204013 0.866065219577763
7.55852842809364 0.868628358273268
7.59197324414716 0.87114974332443
7.62541806020067 0.873629776264858
7.65886287625418 0.876068865751316
7.69230769230769 0.878467427042973
7.7257525083612 0.880825881493121
7.75919732441471 0.883144656053568
7.79264214046823 0.885424182791888
7.82608695652174 0.887664898421673
7.85953177257525 0.889867243845911
7.89297658862876 0.892031663713561
7.92642140468227 0.894158605989388
7.95986622073579 0.896248521537083
7.9933110367893 0.898301863715653
8.02675585284281 0.900319087989081
8.06020066889632 0.902300651549183
8.09364548494983 0.904247012951594
8.12709030100334 0.906158631764806
8.16053511705686 0.908035968232128
8.19397993311037 0.909879482946446
8.22742474916388 0.911689636537639
8.26086956521739 0.91346688937249
8.2943143812709 0.915211701266905
8.32775919732441 0.916924531210277
8.36120401337793 0.918605837101765
8.39464882943144 0.920256075498307
8.42809364548495 0.921875701374121
8.46153846153846 0.9234651678915
8.49498327759197 0.925024926182625
8.52842809364548 0.926555425142196
8.561872909699 0.928057111230605
8.59531772575251 0.929530428287417
8.62876254180602 0.930975817354895
8.66220735785953 0.932393716511321
8.69565217391304 0.933784560713846
8.72909698996656 0.935148781650601
8.76254180602007 0.936486807601832
8.79598662207358 0.937799063309768
8.82943143812709 0.939085969856972
8.8628762541806 0.940347944552922
8.89632107023411 0.941585400828542
8.92976588628762 0.942798748138447
8.96321070234114 0.943988391870622
8.99665551839465 0.945154733263307
9.03010033444816 0.94629816932881
9.06354515050167 0.947419092784023
9.09698996655518 0.948517891987383
9.1304347826087 0.94959495088204
9.16387959866221 0.950650648944999
9.19732441471572 0.951685361142
9.23076923076923 0.952699457887907
9.26421404682274 0.953693305012384
9.29765886287625 0.954667263730642
9.33110367892977 0.955621690619032
9.36454849498328 0.956556937595289
9.39799331103679 0.957473351903207
9.4314381270903 0.958371276101563
9.46488294314381 0.959251048057074
9.49832775919732 0.96011300094122
9.53177257525084 0.960957463230731
9.56521739130435 0.961784758711568
9.59866220735786 0.962595206486224
9.63210702341137 0.963389120984165
9.66555183946488 0.964166811975272
9.69899665551839 0.964928584586089
9.73244147157191 0.965674739318758
9.76588628762542 0.966405572072475
9.79933110367893 0.967121374167315
9.83277591973244 0.967822432370312
9.86622073578595 0.968509028923635
9.89966555183946 0.969181441574743
9.93311036789298 0.969839943608392
9.96655518394649 0.97048480388037
10 0.971116286852851
