0 0.046877459333039
0.0334448160535117 0.0478258479367367
0.0668896321070234 0.0487924413790398
0.100334448160535 0.0497775490692253
0.133779264214047 0.0507814840419422
0.167224080267559 0.051804562929812
0.20066889632107 0.0528471059322301
0.234113712374582 0.0539094367802175
0.267558528428094 0.0549918826971689
0.301003344481605 0.0560947743553428
0.334448160535117 0.0572184458279337
0.367892976588629 0.0583632345365664
0.40133779264214 0.059529481194048
0.434782608695652 0.0607175297422139
0.468227424749164 0.061927727284699
0.501672240802676 0.0631604240144654
0.535117056856187 0.0644159731359156
0.568561872909699 0.0656947307814195
0.602006688963211 0.0669970559220815
0.635451505016722 0.068323310272574
0.668896321070234 0.0696738581898613
0.702341137123746 0.0710490665656413
0.735785953177257 0.0724493047123269
0.769230769230769 0.0738749442423959
0.802675585284281 0.0753263589409325
0.836120401337793 0.0768039246311895
0.869565217391304 0.0783080190330003
0.903010033444816 0.0798390216138697
0.936454849498328 0.0813973134325791
0.969899665551839 0.0829832769751411
1.00334448160535 0.0845972959829432
1.03678929765886 0.0862397552729248
1.07023411371237 0.0879110405496362
1.10367892976589 0.0896115382090318
1.1371237458194 0.0913416351338583
1.17056856187291 0.0931017184805022
1.20401337792642 0.0948921754571703
1.23745819397993 0.0967133930932836
1.27090301003344 0.0985657579999733
1.30434782608696 0.100449656121577
1.33779264214047 0.102365472478044
1.37123745819398 0.104313590898171
1.40468227424749 0.106294393743588
1.438127090301 0.10830826162346
1.47157190635451 0.110355573099831
1.50501672240803 0.11243670438361
1.53846153846154 0.114552029021162
1.57190635451505 0.116701917571518
1.60535117056856 0.118886737274221
1.63879598662207 0.12110685170784
1.67224080267559 0.123362620439207
1.7056856187291 0.125654398663454
1.73913043478261 0.12798253683495
1.77257525083612 0.130347380289238
1.80602006688963 0.132749268856129
1.83946488294314 0.135188536464102
1.87290969899666 0.137665510736206
1.90635451505017 0.140180512577667
1.93979933110368 0.142733855755439
1.97324414715719 0.14532584646997
2.0066889632107 0.147956782919463
2.04013377926421 0.150626954856957
2.07357859531773 0.153336643140585
2.10702341137124 0.156086119277371
2.14046822742475 0.158875644960982
2.17391304347826 0.161705471603887
2.20735785953177 0.164575839864366
2.24080267558528 0.1674869791689
2.2742474916388 0.170439107230458
2.30769230769231 0.173432429563258
2.34113712374582 0.17646713899459
2.37458193979933 0.179543415174348
2.40802675585284 0.182661424082924
2.44147157190635 0.185821317538163
2.47491638795987 0.18902323270211
2.50836120401338 0.192267291588309
2.54180602006689 0.195553600570442
2.5752508361204 0.198882249893138
2.60869565217391 0.202253313185792
2.64214046822742 0.205666846980288
2.67558528428094 0.209122890233527
2.70903010033445 0.21262146385569
2.74247491638796 0.21616257024521
2.77591973244147 0.219746192831424
2.80936454849498 0.223372295625917
2.84280936454849 0.227040822783583
2.87625418060201 0.230751698174445
2.90969899665552 0.234504824967291
2.94314381270903 0.238300085226212
2.97658862876254 0.242137339521107
3.01003344481605 0.246016426553263
3.04347826086956 0.2499371627971
3.07692307692308 0.25389934215919
3.11036789297659 0.257902735655638
3.1438127090301 0.261947091108934
3.17725752508361 0.266032132865359
3.21070234113712 0.270157561534027
3.24414715719064 0.274323053748629
3.27759197324415 0.278528261952921
3.31103678929766 0.282772814210996
3.34448160535117 0.287056314043322
3.37792642140468 0.291378340289533
3.41137123745819 0.29573844699891
3.44481605351171 0.300136163349447
3.47826086956522 0.304570993596369
3.51170568561873 0.309042417050918
3.54515050167224 0.31354988809017
3.57859531772575 0.31809283619861
3.61204013377926 0.322670666042106
3.64548494983278 0.327282757574898
3.67892976588629 0.331928466180124
3.7123745819398 0.336607122844363
3.74581939799331 0.341318034366582
3.77926421404682 0.346060483601813
3.81270903010033 0.350833729739821
3.84615384615385 0.35563700861891
3.87959866220736 0.360469533074973
3.91304347826087 0.365330493325774
3.94648829431438 0.370219057390398
3.97993311036789 0.375134371543675
4.0133779264214 0.380075560805341
4.04682274247492 0.38504172946357
4.08026755852843 0.390031961632455
4.11371237458194 0.395045321842883
4.14715719063545 0.400080855666208
4.18060200668896 0.405137590369992
4.21404682274247 0.410214535605014
4.24749163879599 0.415310684122664
4.2809364548495 0.420425012521732
4.31438127090301 0.425556482023529
4.34782608695652 0.430704039274199
4.38127090301003 0.435866617172983
4.41471571906354 0.441043135725132
4.44816053511706 0.44623250291808
4.48160535117057 0.451433615619438
4.51505016722408 0.45664536049527
4.54849498327759 0.461866614947075
4.5819397993311 0.467096248065838
4.61538461538461 0.472333121601442
4.64882943143813 0.477576090945703
4.68227424749164 0.482824006127243
4.71571906354515 0.488075712816367
4.74916387959866 0.49333005333809
4.78260869565217 0.498585867691436
4.81605351170569 0.50384199457309
4.8494983277592 0.509097272403509
4.88294314381271 0.514350540353536
4.91638795986622 0.519600639369615
4.94983277591973 0.524846413195672
4.98327759197324 0.530086709389751
5.01672240802676 0.53532038033351
5.05016722408027 0.540546284232705
5.08361204013378 0.54576328610682
5.11705685618729 0.55097025876603
5.1505016722408 0.55616608377373
5.18394648829431 0.561349652392909
5.21739130434783 0.566519866514693
5.25083612040134 0.571675639567447
5.28428093645485 0.576815897404871
5.31772575250836 0.581939579171607
5.35117056856187 0.587045638144937
5.38461538461538 0.592133042551211
5.4180602006689 0.597200776355749
5.45150501672241 0.602247840025018
5.48494983277592 0.607273251259962
5.51839464882943 0.612276045699481
5.55183946488294 0.617255277593105
5.58528428093645 0.622210020442011
5.61872909698997 0.627139367607633
5.65217391304348 0.632042432887182
5.68561872909699 0.636918351055506
5.7190635451505 0.641766278372794
5.75250836120401 0.646585393057732
5.78595317725753 0.651374895725795
5.81939799331104 0.65613400979247
5.85284280936455 0.660861981841269
5.88628762541806 0.665558081956492
5.91973244147157 0.67022160402079
5.95317725752508 0.674851865977639
5.9866220735786 0.679448210058942
6.02006688963211 0.684010002978041
6.05351170568562 0.68853663608849
6.08695652173913 0.69302752550903
6.12040133779264 0.697482112215254
6.15384615384615 0.701899862098541
6.18729096989967 0.706280265992874
6.22073578595318 0.71062283967023
6.25418060200669 0.71492712380529
6.2876254180602 0.719192683910245
6.32107023411371 0.723419110240549
6.35451505016722 0.727606017672494
6.38795986622074 0.731753045553531
6.42140468227425 0.735859857526273
6.45484949832776 0.739926141327203
6.48829431438127 0.743951608561056
6.52173913043478 0.747935994451955
6.55518394648829 0.751879057572317
6.58862876254181 0.755780579550634
6.62207357859532 0.759640364759195
6.65551839464883 0.763458239982849
6.68896321070234 0.767234054069906
6.72240802675585 0.770967677566278
6.75585284280936 0.774659002333964
6.78929765886288 0.778307941154964
6.82274247491639 0.781914427321721
6.8561872909699 0.785478414215174
6.88963210702341 0.788999874871469
6.92307692307692 0.79247880153841
6.95652173913043 0.795915205222657
6.98996655518395 0.799309115228709
7.02341137123746 0.802660578690654
7.05685618729097 0.805969660097667
7.09030100334448 0.809236440814206
7.12374581939799 0.812461018595814
7.1571906354515 0.815643507101446
7.19063545150502 0.818784035403169
7.22408026755853 0.821882747494081
7.25752508361204 0.824939801795261
7.29096989966555 0.827955370662515
7.32441471571906 0.830929639893684
7.35785953177257 0.833862808237201
7.39130434782609 0.836755086902606
7.4247491638796 0.839606699073649
7.45819397993311 0.842417879424605
7.49163879598662 0.84518887364039
7.52508361204013 0.84791993794102
7.55852842809364 0.850611338610937
7.59197324414716 0.853263351533696
7.62541806020067 0.855876261732456
7.65886287625418 0.858450362916714
7.69230769230769 0.860985957035665
7.7257525083612 0.863483353838564
7.75919732441471 0.865942870442414
7.79264214046823 0.868364830907288
7.82608695652174 0.870749565819578
7.85953177257525 0.873097411883402
7.89297658862876 0.875408711520406
7.92642140468227 0.877683812478158
7.95986622073579 0.879923067447312
7.9933110367893 0.882126833687681
8.02675585284281 0.884295472663368
8.06020066889632 0.886429349687042
8.09364548494983 0.888528833573448
8.12709030100334 0.890594296302233
8.16053511705686 0.892626112690107
8.19397993311037 0.894624660072391
8.22742474916388 0.896590317993943
8.26086956521739 0.898523467909473
8.2943143812709 0.900424492893214
8.32775919732441 0.902293777357916
8.36120401337793 0.904131706783116
8.39464882943144 0.905938667452614
8.42809364548495 0.907715046201092
8.46153846153846 0.90946123016978
8.49498327759197 0.91117760657107
8.52842809364548 0.912864562461989
8.561872909699 0.914522484526395
8.59531772575251 0.916151758865786
8.62876254180602 0.91775277079859
8.66220735785953 0.919325904667791
8.69565217391304 0.920871543656757
8.72909698996656 0.92239006961312
8.76254180602007 0.923881862880541
8.79598662207358 0.925347302138223
8.82943143812709 0.926786764247996
8.8628762541806 0.928200624108804
8.89632107023411 0.929589254518447
8.92976588628762 0.930953026042386
8.96321070234114 0.932292306889451
8.99665551839465 0.933607462794276
9.03010033444816 0.934898856906287
9.06354515050167 0.936166849685066
9.09698996655518 0.93741179880192
9.1304347826087 0.938634059047475
9.16387959866221 0.939833982245127
9.19732441471572 0.941011917170172
9.23076923076923 0.942168209474439
9.26421404682274 0.943303201616262
9.29765886287625 0.944417232795616
9.33110367892977 0.94551063889425
9.36454849498328 0.946583752420651
9.39799331103679 0.947636902459672
9.4314381270903 0.948670414626664
9.46488294314381 0.949684611025954
9.49832775919732 0.950679810213508
9.53177257525084 0.951656327163623
9.56521739130435 0.952614473239506
9.59866220735786 0.953554556167577
9.63210702341137 0.95447688001536
9.66555183946488 0.955381745172816
9.69899665551839 0.956269448336975
9.73244147157191 0.957140282499732
9.76588628762542 0.957994536938682
9.79933110367893 0.958832497210841
9.83277591973244 0.959654445149152
9.86622073578595 0.960460658861629
9.89966555183946 0.961251412733039
9.93311036789298 0.962026977428983
9.96655518394649 0.962787619902279
10 0.963533603401522
