1 1
1 1
1 1
1 1
1 1
1 1
1 1
1 1
1 1
1 1
1 1
1 1
1 1
1 1
1 1
1 1
1 1
1 1
1 1
1 1
1 1
1 1
1 1
1 1
1 1
1 1
1 1
1 1
1 1
1 1
1 1
1 1
1 1
1 1
1 1
1 1
0.980392156862745 1
0.980392156862745 1
0.980392156862745 1
0.96078431372549 1
0.96078431372549 1
0.96078431372549 1
0.96078431372549 1
0.96078431372549 1
0.96078431372549 1
0.96078431372549 1
0.96078431372549 1
0.941176470588235 1
0.941176470588235 1
0.92156862745098 1
0.92156862745098 1
0.92156862745098 1
0.92156862745098 1
0.92156862745098 1
0.92156862745098 1
0.92156862745098 1
0.92156862745098 1
0.92156862745098 1
0.92156862745098 1
0.92156862745098 1
0.901960784313726 1
0.882352941176471 1
0.882352941176471 1
0.882352941176471 1
0.882352941176471 1
0.862745098039216 1
0.843137254901961 1
0.843137254901961 1
0.843137254901961 1
0.843137254901961 1
0.843137254901961 1
0.823529411764706 1
0.823529411764706 1
0.823529411764706 1
0.823529411764706 1
0.823529411764706 1
0.823529411764706 1
0.823529411764706 1
0.803921568627451 1
0.803921568627451 1
0.803921568627451 1
0.803921568627451 1
0.803921568627451 1
0.784313725490196 1
0.784313725490196 1
0.784313725490196 1
0.784313725490196 1
0.784313725490196 1
0.784313725490196 1
0.784313725490196 1
0.784313725490196 1
0.784313725490196 1
0.784313725490196 1
0.784313725490196 1
0.784313725490196 1
0.764705882352941 1
0.745098039215686 1
0.745098039215686 1
0.745098039215686 1
0.725490196078431 1
0.725490196078431 1
0.705882352941177 1
0.705882352941177 1
0.705882352941177 1
0.705882352941177 1
0.705882352941177 1
0.705882352941177 1
0.686274509803922 1
0.686274509803922 1
0.686274509803922 1
0.686274509803922 1
0.686274509803922 1
0.686274509803922 1
0.686274509803922 1
0.686274509803922 1
0.686274509803922 1
0.686274509803922 1
0.686274509803922 1
0.686274509803922 1
0.686274509803922 1
0.686274509803922 1
0.686274509803922 1
0.686274509803922 1
0.686274509803922 1
0.666666666666667 1
0.666666666666667 1
0.666666666666667 1
0.666666666666667 1
0.666666666666667 1
0.666666666666667 1
0.666666666666667 1
0.666666666666667 1
0.647058823529412 1
0.647058823529412 1
0.627450980392157 1
0.627450980392157 1
0.627450980392157 1
0.627450980392157 1
0.627450980392157 1
0.627450980392157 1
0.627450980392157 1
0.627450980392157 1
0.627450980392157 1
0.627450980392157 1
0.627450980392157 1
0.627450980392157 1
0.627450980392157 1
0.627450980392157 1
0.627450980392157 1
0.627450980392157 1
0.627450980392157 1
0.627450980392157 1
0.627450980392157 1
0.627450980392157 1
0.627450980392157 1
0.627450980392157 1
0.627450980392157 1
0.627450980392157 1
0.627450980392157 1
0.627450980392157 1
0.627450980392157 1
0.627450980392157 1
0.627450980392157 1
0.607843137254902 1
0.607843137254902 1
0.607843137254902 1
0.588235294117647 1
0.588235294117647 1
0.588235294117647 1
0.588235294117647 1
0.588235294117647 1
0.588235294117647 1
0.588235294117647 1
0.588235294117647 1
0.588235294117647 1
0.588235294117647 1
0.588235294117647 1
0.588235294117647 1
0.588235294117647 1
0.588235294117647 1
0.568627450980392 1
0.568627450980392 1
0.568627450980392 1
0.568627450980392 1
0.568627450980392 1
0.568627450980392 1
0.568627450980392 1
0.568627450980392 1
0.568627450980392 1
0.568627450980392 1
0.568627450980392 1
0.568627450980392 1
0.568627450980392 1
0.568627450980392 1
0.568627450980392 1
0.568627450980392 1
0.568627450980392 1
0.568627450980392 1
0.568627450980392 1
0.568627450980392 1
0.568627450980392 1
0.568627450980392 1
0.568627450980392 1
0.568627450980392 1
0.568627450980392 1
0.568627450980392 1
0.568627450980392 1
0.568627450980392 1
0.568627450980392 1
0.568627450980392 1
0.568627450980392 1
0.568627450980392 1
0.568627450980392 1
0.568627450980392 1
0.568627450980392 1
0.568627450980392 1
0.568627450980392 1
0.568627450980392 1
0.568627450980392 1
0.549019607843137 1
0.549019607843137 1
0.549019607843137 1
0.549019607843137 1
0.549019607843137 1
0.529411764705882 1
0.529411764705882 1
0.529411764705882 1
0.529411764705882 1
0.529411764705882 1
0.529411764705882 1
0.529411764705882 1
0.529411764705882 1
0.529411764705882 1
0.509803921568627 0.979591836734694
0.509803921568627 0.979591836734694
0.509803921568627 0.979591836734694
0.509803921568627 0.979591836734694
0.509803921568627 0.979591836734694
0.509803921568627 0.979591836734694
0.509803921568627 0.979591836734694
0.509803921568627 0.979591836734694
0.509803921568627 0.979591836734694
0.509803921568627 0.979591836734694
0.509803921568627 0.979591836734694
0.509803921568627 0.979591836734694
0.509803921568627 0.979591836734694
0.509803921568627 0.979591836734694
0.509803921568627 0.979591836734694
0.509803921568627 0.979591836734694
0.490196078431373 0.979591836734694
0.490196078431373 0.979591836734694
0.490196078431373 0.959183673469388
0.490196078431373 0.959183673469388
0.490196078431373 0.959183673469388
0.490196078431373 0.959183673469388
0.490196078431373 0.959183673469388
0.470588235294118 0.959183673469388
0.470588235294118 0.959183673469388
0.470588235294118 0.959183673469388
0.470588235294118 0.959183673469388
0.470588235294118 0.959183673469388
0.470588235294118 0.959183673469388
0.470588235294118 0.959183673469388
0.470588235294118 0.959183673469388
0.470588235294118 0.959183673469388
0.470588235294118 0.959183673469388
0.470588235294118 0.959183673469388
0.470588235294118 0.959183673469388
0.470588235294118 0.959183673469388
0.470588235294118 0.959183673469388
0.470588235294118 0.959183673469388
0.470588235294118 0.959183673469388
0.470588235294118 0.959183673469388
0.470588235294118 0.959183673469388
0.470588235294118 0.959183673469388
0.470588235294118 0.959183673469388
0.470588235294118 0.959183673469388
0.470588235294118 0.959183673469388
0.470588235294118 0.938775510204082
0.470588235294118 0.938775510204082
0.470588235294118 0.938775510204082
0.470588235294118 0.938775510204082
0.470588235294118 0.938775510204082
0.470588235294118 0.938775510204082
0.470588235294118 0.918367346938776
0.470588235294118 0.897959183673469
0.470588235294118 0.897959183673469
0.470588235294118 0.897959183673469
0.470588235294118 0.897959183673469
0.470588235294118 0.897959183673469
0.470588235294118 0.897959183673469
0.470588235294118 0.897959183673469
0.470588235294118 0.897959183673469
0.470588235294118 0.897959183673469
0.470588235294118 0.897959183673469
0.470588235294118 0.897959183673469
0.470588235294118 0.897959183673469
0.470588235294118 0.897959183673469
0.470588235294118 0.897959183673469
0.470588235294118 0.897959183673469
0.470588235294118 0.897959183673469
0.450980392156863 0.897959183673469
0.450980392156863 0.897959183673469
0.431372549019608 0.897959183673469
0.431372549019608 0.897959183673469
0.411764705882353 0.897959183673469
0.411764705882353 0.897959183673469
0.411764705882353 0.897959183673469
0.411764705882353 0.897959183673469
0.411764705882353 0.897959183673469
0.411764705882353 0.897959183673469
0.411764705882353 0.897959183673469
0.411764705882353 0.897959183673469
0.411764705882353 0.897959183673469
0.411764705882353 0.897959183673469
0.411764705882353 0.897959183673469
0.411764705882353 0.897959183673469
0.411764705882353 0.897959183673469
0.411764705882353 0.897959183673469
0.411764705882353 0.897959183673469
0.411764705882353 0.897959183673469
0.411764705882353 0.897959183673469
0.411764705882353 0.897959183673469
0.411764705882353 0.897959183673469
0.411764705882353 0.897959183673469
0.411764705882353 0.897959183673469
0.411764705882353 0.897959183673469
0.411764705882353 0.897959183673469
0.411764705882353 0.897959183673469
0.411764705882353 0.897959183673469
0.411764705882353 0.897959183673469
0.411764705882353 0.897959183673469
0.411764705882353 0.897959183673469
0.411764705882353 0.897959183673469
0.411764705882353 0.897959183673469
0.411764705882353 0.897959183673469
0.411764705882353 0.897959183673469
0.411764705882353 0.897959183673469
0.411764705882353 0.897959183673469
0.411764705882353 0.897959183673469
0.411764705882353 0.897959183673469
0.411764705882353 0.897959183673469
0.411764705882353 0.897959183673469
0.411764705882353 0.897959183673469
0.411764705882353 0.897959183673469
0.411764705882353 0.897959183673469
0.411764705882353 0.897959183673469
0.392156862745098 0.897959183673469
0.392156862745098 0.897959183673469
0.392156862745098 0.897959183673469
0.392156862745098 0.897959183673469
0.392156862745098 0.897959183673469
0.392156862745098 0.897959183673469
0.392156862745098 0.897959183673469
0.392156862745098 0.877551020408163
0.392156862745098 0.877551020408163
0.392156862745098 0.877551020408163
0.392156862745098 0.877551020408163
0.392156862745098 0.877551020408163
0.392156862745098 0.877551020408163
0.392156862745098 0.877551020408163
0.392156862745098 0.877551020408163
0.392156862745098 0.877551020408163
0.372549019607843 0.877551020408163
0.372549019607843 0.877551020408163
0.372549019607843 0.877551020408163
0.372549019607843 0.877551020408163
0.372549019607843 0.877551020408163
0.372549019607843 0.877551020408163
0.372549019607843 0.857142857142857
0.352941176470588 0.857142857142857
0.352941176470588 0.857142857142857
0.352941176470588 0.857142857142857
0.352941176470588 0.857142857142857
0.352941176470588 0.857142857142857
0.352941176470588 0.857142857142857
0.352941176470588 0.857142857142857
0.352941176470588 0.857142857142857
0.352941176470588 0.857142857142857
0.352941176470588 0.857142857142857
0.352941176470588 0.857142857142857
0.352941176470588 0.857142857142857
0.352941176470588 0.857142857142857
0.352941176470588 0.857142857142857
0.352941176470588 0.857142857142857
0.352941176470588 0.857142857142857
0.352941176470588 0.857142857142857
0.352941176470588 0.857142857142857
0.352941176470588 0.857142857142857
0.352941176470588 0.857142857142857
0.352941176470588 0.857142857142857
0.352941176470588 0.857142857142857
0.352941176470588 0.857142857142857
0.352941176470588 0.857142857142857
0.352941176470588 0.857142857142857
0.352941176470588 0.857142857142857
0.352941176470588 0.857142857142857
0.352941176470588 0.857142857142857
0.352941176470588 0.857142857142857
0.352941176470588 0.857142857142857
0.352941176470588 0.836734693877551
0.352941176470588 0.836734693877551
0.352941176470588 0.836734693877551
0.352941176470588 0.836734693877551
0.352941176470588 0.836734693877551
0.352941176470588 0.836734693877551
0.352941176470588 0.836734693877551
0.352941176470588 0.836734693877551
0.352941176470588 0.836734693877551
0.352941176470588 0.836734693877551
0.352941176470588 0.836734693877551
0.352941176470588 0.836734693877551
0.352941176470588 0.836734693877551
0.352941176470588 0.836734693877551
0.352941176470588 0.836734693877551
0.352941176470588 0.836734693877551
0.352941176470588 0.836734693877551
0.352941176470588 0.836734693877551
0.352941176470588 0.836734693877551
0.333333333333333 0.836734693877551
0.333333333333333 0.836734693877551
0.333333333333333 0.836734693877551
0.333333333333333 0.836734693877551
0.333333333333333 0.836734693877551
0.333333333333333 0.836734693877551
0.333333333333333 0.836734693877551
0.333333333333333 0.836734693877551
0.333333333333333 0.836734693877551
0.333333333333333 0.836734693877551
0.333333333333333 0.836734693877551
0.333333333333333 0.836734693877551
0.333333333333333 0.836734693877551
0.333333333333333 0.836734693877551
0.333333333333333 0.836734693877551
0.333333333333333 0.836734693877551
0.333333333333333 0.836734693877551
0.333333333333333 0.836734693877551
0.333333333333333 0.836734693877551
0.333333333333333 0.836734693877551
0.333333333333333 0.836734693877551
0.333333333333333 0.836734693877551
0.333333333333333 0.836734693877551
0.333333333333333 0.836734693877551
0.333333333333333 0.836734693877551
0.333333333333333 0.836734693877551
0.333333333333333 0.836734693877551
0.333333333333333 0.836734693877551
0.333333333333333 0.836734693877551
0.333333333333333 0.836734693877551
0.333333333333333 0.836734693877551
0.333333333333333 0.836734693877551
0.333333333333333 0.836734693877551
0.333333333333333 0.836734693877551
0.333333333333333 0.836734693877551
0.333333333333333 0.836734693877551
0.333333333333333 0.836734693877551
0.333333333333333 0.836734693877551
0.313725490196078 0.836734693877551
0.313725490196078 0.836734693877551
0.313725490196078 0.836734693877551
0.313725490196078 0.836734693877551
0.313725490196078 0.836734693877551
0.313725490196078 0.836734693877551
0.313725490196078 0.836734693877551
0.313725490196078 0.836734693877551
0.313725490196078 0.836734693877551
0.313725490196078 0.836734693877551
0.313725490196078 0.836734693877551
0.313725490196078 0.836734693877551
0.313725490196078 0.816326530612245
0.313725490196078 0.816326530612245
0.313725490196078 0.816326530612245
0.313725490196078 0.816326530612245
0.313725490196078 0.816326530612245
0.313725490196078 0.816326530612245
0.313725490196078 0.816326530612245
0.313725490196078 0.816326530612245
0.313725490196078 0.816326530612245
0.313725490196078 0.816326530612245
0.313725490196078 0.816326530612245
0.313725490196078 0.816326530612245
0.313725490196078 0.816326530612245
0.313725490196078 0.816326530612245
0.313725490196078 0.816326530612245
0.313725490196078 0.816326530612245
0.313725490196078 0.816326530612245
0.313725490196078 0.816326530612245
0.313725490196078 0.816326530612245
0.313725490196078 0.816326530612245
0.313725490196078 0.816326530612245
0.313725490196078 0.816326530612245
0.313725490196078 0.816326530612245
0.313725490196078 0.816326530612245
0.313725490196078 0.816326530612245
0.313725490196078 0.816326530612245
0.313725490196078 0.816326530612245
0.313725490196078 0.816326530612245
0.313725490196078 0.816326530612245
0.313725490196078 0.816326530612245
0.313725490196078 0.816326530612245
0.313725490196078 0.816326530612245
0.313725490196078 0.816326530612245
0.313725490196078 0.816326530612245
0.313725490196078 0.816326530612245
0.313725490196078 0.816326530612245
0.313725490196078 0.816326530612245
0.313725490196078 0.816326530612245
0.313725490196078 0.816326530612245
0.313725490196078 0.816326530612245
0.313725490196078 0.816326530612245
0.313725490196078 0.816326530612245
0.313725490196078 0.816326530612245
0.313725490196078 0.816326530612245
0.313725490196078 0.816326530612245
0.313725490196078 0.816326530612245
0.313725490196078 0.816326530612245
0.313725490196078 0.816326530612245
0.313725490196078 0.816326530612245
0.313725490196078 0.816326530612245
0.313725490196078 0.816326530612245
0.313725490196078 0.816326530612245
0.313725490196078 0.816326530612245
0.313725490196078 0.816326530612245
0.313725490196078 0.816326530612245
0.313725490196078 0.816326530612245
0.313725490196078 0.816326530612245
0.313725490196078 0.816326530612245
0.313725490196078 0.816326530612245
0.313725490196078 0.816326530612245
0.313725490196078 0.816326530612245
0.313725490196078 0.816326530612245
0.313725490196078 0.816326530612245
0.313725490196078 0.816326530612245
0.313725490196078 0.816326530612245
0.313725490196078 0.816326530612245
0.313725490196078 0.816326530612245
0.313725490196078 0.816326530612245
0.313725490196078 0.816326530612245
0.313725490196078 0.816326530612245
0.313725490196078 0.816326530612245
0.313725490196078 0.816326530612245
0.313725490196078 0.816326530612245
0.313725490196078 0.816326530612245
0.313725490196078 0.816326530612245
0.313725490196078 0.816326530612245
0.313725490196078 0.816326530612245
0.313725490196078 0.816326530612245
0.313725490196078 0.816326530612245
0.313725490196078 0.816326530612245
0.313725490196078 0.816326530612245
0.313725490196078 0.816326530612245
0.313725490196078 0.816326530612245
0.313725490196078 0.816326530612245
0.313725490196078 0.816326530612245
0.313725490196078 0.816326530612245
0.313725490196078 0.816326530612245
0.313725490196078 0.816326530612245
0.313725490196078 0.816326530612245
0.313725490196078 0.816326530612245
0.313725490196078 0.816326530612245
0.313725490196078 0.816326530612245
0.294117647058824 0.816326530612245
0.294117647058824 0.816326530612245
0.294117647058824 0.816326530612245
0.294117647058824 0.816326530612245
0.294117647058824 0.816326530612245
0.294117647058824 0.795918367346939
0.294117647058824 0.795918367346939
0.294117647058824 0.795918367346939
0.294117647058824 0.795918367346939
0.294117647058824 0.795918367346939
0.294117647058824 0.795918367346939
0.294117647058824 0.795918367346939
0.294117647058824 0.795918367346939
0.294117647058824 0.795918367346939
0.294117647058824 0.795918367346939
0.294117647058824 0.795918367346939
0.294117647058824 0.795918367346939
0.274509803921569 0.795918367346939
0.274509803921569 0.795918367346939
0.274509803921569 0.775510204081633
0.274509803921569 0.775510204081633
0.274509803921569 0.775510204081633
0.274509803921569 0.775510204081633
0.274509803921569 0.775510204081633
0.274509803921569 0.775510204081633
0.274509803921569 0.775510204081633
0.274509803921569 0.775510204081633
0.274509803921569 0.775510204081633
0.274509803921569 0.775510204081633
0.274509803921569 0.775510204081633
0.274509803921569 0.775510204081633
0.274509803921569 0.775510204081633
0.274509803921569 0.775510204081633
0.274509803921569 0.775510204081633
0.274509803921569 0.775510204081633
0.274509803921569 0.775510204081633
0.274509803921569 0.775510204081633
0.274509803921569 0.775510204081633
0.274509803921569 0.775510204081633
0.274509803921569 0.775510204081633
0.274509803921569 0.775510204081633
0.274509803921569 0.775510204081633
0.274509803921569 0.775510204081633
0.274509803921569 0.775510204081633
0.274509803921569 0.775510204081633
0.274509803921569 0.775510204081633
0.274509803921569 0.775510204081633
0.274509803921569 0.775510204081633
0.274509803921569 0.775510204081633
0.274509803921569 0.775510204081633
0.274509803921569 0.775510204081633
0.274509803921569 0.775510204081633
0.274509803921569 0.775510204081633
0.274509803921569 0.775510204081633
0.274509803921569 0.775510204081633
0.274509803921569 0.775510204081633
0.274509803921569 0.775510204081633
0.274509803921569 0.775510204081633
0.274509803921569 0.775510204081633
0.254901960784314 0.775510204081633
0.254901960784314 0.775510204081633
0.254901960784314 0.775510204081633
0.254901960784314 0.775510204081633
0.235294117647059 0.775510204081633
0.235294117647059 0.775510204081633
0.235294117647059 0.775510204081633
0.235294117647059 0.775510204081633
0.235294117647059 0.775510204081633
0.235294117647059 0.775510204081633
0.235294117647059 0.775510204081633
0.235294117647059 0.775510204081633
0.215686274509804 0.775510204081633
0.196078431372549 0.775510204081633
0.196078431372549 0.775510204081633
0.196078431372549 0.755102040816326
0.196078431372549 0.755102040816326
0.196078431372549 0.755102040816326
0.196078431372549 0.755102040816326
0.196078431372549 0.73469387755102
0.196078431372549 0.73469387755102
0.196078431372549 0.73469387755102
0.196078431372549 0.73469387755102
0.196078431372549 0.73469387755102
0.196078431372549 0.73469387755102
0.196078431372549 0.73469387755102
0.196078431372549 0.73469387755102
0.196078431372549 0.73469387755102
0.196078431372549 0.73469387755102
0.196078431372549 0.73469387755102
0.196078431372549 0.73469387755102
0.176470588235294 0.73469387755102
0.176470588235294 0.73469387755102
0.176470588235294 0.73469387755102
0.176470588235294 0.73469387755102
0.176470588235294 0.73469387755102
0.176470588235294 0.73469387755102
0.176470588235294 0.73469387755102
0.156862745098039 0.73469387755102
0.156862745098039 0.73469387755102
0.156862745098039 0.73469387755102
0.156862745098039 0.73469387755102
0.156862745098039 0.73469387755102
0.156862745098039 0.73469387755102
0.137254901960784 0.73469387755102
0.137254901960784 0.73469387755102
0.137254901960784 0.73469387755102
0.137254901960784 0.73469387755102
0.137254901960784 0.73469387755102
0.137254901960784 0.73469387755102
0.137254901960784 0.73469387755102
0.137254901960784 0.73469387755102
0.137254901960784 0.73469387755102
0.137254901960784 0.714285714285714
0.137254901960784 0.714285714285714
0.137254901960784 0.714285714285714
0.137254901960784 0.714285714285714
0.137254901960784 0.714285714285714
0.137254901960784 0.714285714285714
0.137254901960784 0.714285714285714
0.137254901960784 0.714285714285714
0.137254901960784 0.714285714285714
0.137254901960784 0.714285714285714
0.137254901960784 0.714285714285714
0.117647058823529 0.714285714285714
0.117647058823529 0.714285714285714
0.117647058823529 0.714285714285714
0.117647058823529 0.714285714285714
0.117647058823529 0.714285714285714
0.117647058823529 0.714285714285714
0.117647058823529 0.714285714285714
0.117647058823529 0.714285714285714
0.117647058823529 0.714285714285714
0.117647058823529 0.714285714285714
0.117647058823529 0.714285714285714
0.0980392156862745 0.714285714285714
0.0980392156862745 0.714285714285714
0.0784313725490196 0.714285714285714
0.0784313725490196 0.714285714285714
0.0784313725490196 0.714285714285714
0.0784313725490196 0.714285714285714
0.0784313725490196 0.714285714285714
0.0784313725490196 0.714285714285714
0.0784313725490196 0.714285714285714
0.0784313725490196 0.714285714285714
0.0784313725490196 0.714285714285714
0.0784313725490196 0.693877551020408
0.0784313725490196 0.693877551020408
0.0784313725490196 0.693877551020408
0.0588235294117647 0.693877551020408
0.0588235294117647 0.693877551020408
0.0588235294117647 0.693877551020408
0.0588235294117647 0.693877551020408
0.0588235294117647 0.693877551020408
0.0588235294117647 0.693877551020408
0.0588235294117647 0.693877551020408
0.0588235294117647 0.693877551020408
0.0588235294117647 0.693877551020408
0.0588235294117647 0.693877551020408
0.0588235294117647 0.693877551020408
0.0588235294117647 0.693877551020408
0.0588235294117647 0.693877551020408
0.0588235294117647 0.693877551020408
0.0588235294117647 0.693877551020408
0.0588235294117647 0.693877551020408
0.0588235294117647 0.693877551020408
0.0588235294117647 0.693877551020408
0.0588235294117647 0.693877551020408
0.0588235294117647 0.693877551020408
0.0588235294117647 0.693877551020408
0.0588235294117647 0.693877551020408
0.0588235294117647 0.693877551020408
0.0588235294117647 0.693877551020408
0.0588235294117647 0.693877551020408
0.0588235294117647 0.693877551020408
0.0588235294117647 0.693877551020408
0.0588235294117647 0.693877551020408
0.0588235294117647 0.693877551020408
0.0588235294117647 0.693877551020408
0.0588235294117647 0.693877551020408
0.0588235294117647 0.673469387755102
0.0588235294117647 0.673469387755102
0.0588235294117647 0.673469387755102
0.0588235294117647 0.653061224489796
0.0588235294117647 0.653061224489796
0.0588235294117647 0.653061224489796
0.0588235294117647 0.653061224489796
0.0588235294117647 0.653061224489796
0.0588235294117647 0.653061224489796
0.0588235294117647 0.653061224489796
0.0588235294117647 0.653061224489796
0.0588235294117647 0.653061224489796
0.0588235294117647 0.653061224489796
0.0588235294117647 0.653061224489796
0.0588235294117647 0.653061224489796
0.0588235294117647 0.653061224489796
0.0588235294117647 0.653061224489796
0.0588235294117647 0.653061224489796
0.0588235294117647 0.653061224489796
0.0588235294117647 0.653061224489796
0.0588235294117647 0.653061224489796
0.0588235294117647 0.653061224489796
0.0588235294117647 0.653061224489796
0.0588235294117647 0.653061224489796
0.0588235294117647 0.653061224489796
0.0588235294117647 0.653061224489796
0.0588235294117647 0.653061224489796
0.0588235294117647 0.653061224489796
0.0588235294117647 0.653061224489796
0.0588235294117647 0.653061224489796
0.0588235294117647 0.653061224489796
0.0588235294117647 0.653061224489796
0.0588235294117647 0.653061224489796
0.0588235294117647 0.653061224489796
0.0588235294117647 0.653061224489796
0.0588235294117647 0.653061224489796
0.0588235294117647 0.653061224489796
0.0588235294117647 0.653061224489796
0.0588235294117647 0.653061224489796
0.0588235294117647 0.653061224489796
0.0588235294117647 0.653061224489796
0.0588235294117647 0.653061224489796
0.0588235294117647 0.653061224489796
0.0588235294117647 0.653061224489796
0.0588235294117647 0.653061224489796
0.0588235294117647 0.653061224489796
0.0588235294117647 0.63265306122449
0.0588235294117647 0.63265306122449
0.0588235294117647 0.63265306122449
0.0588235294117647 0.63265306122449
0.0588235294117647 0.63265306122449
0.0588235294117647 0.63265306122449
0.0392156862745098 0.63265306122449
0.0392156862745098 0.63265306122449
0.0392156862745098 0.63265306122449
0.0392156862745098 0.612244897959184
0.0392156862745098 0.612244897959184
0.0392156862745098 0.612244897959184
0.0392156862745098 0.612244897959184
0.0392156862745098 0.612244897959184
0.0392156862745098 0.612244897959184
0.0196078431372549 0.612244897959184
0.0196078431372549 0.612244897959184
0.0196078431372549 0.612244897959184
0.0196078431372549 0.612244897959184
0.0196078431372549 0.612244897959184
0.0196078431372549 0.612244897959184
0.0196078431372549 0.612244897959184
0.0196078431372549 0.591836734693878
0.0196078431372549 0.591836734693878
0.0196078431372549 0.591836734693878
0.0196078431372549 0.591836734693878
0.0196078431372549 0.591836734693878
0.0196078431372549 0.591836734693878
0.0196078431372549 0.591836734693878
0.0196078431372549 0.591836734693878
0.0196078431372549 0.591836734693878
0.0196078431372549 0.591836734693878
0.0196078431372549 0.591836734693878
0 0.571428571428571
0 0.571428571428571
0 0.571428571428571
0 0.571428571428571
0 0.551020408163265
0 0.551020408163265
0 0.551020408163265
0 0.551020408163265
0 0.551020408163265
0 0.551020408163265
0 0.551020408163265
0 0.551020408163265
0 0.551020408163265
0 0.530612244897959
0 0.530612244897959
0 0.530612244897959
0 0.530612244897959
0 0.510204081632653
0 0.510204081632653
0 0.510204081632653
0 0.510204081632653
0 0.510204081632653
0 0.510204081632653
0 0.510204081632653
0 0.510204081632653
0 0.510204081632653
0 0.510204081632653
0 0.510204081632653
0 0.510204081632653
0 0.510204081632653
0 0.510204081632653
0 0.489795918367347
0 0.489795918367347
0 0.489795918367347
0 0.489795918367347
0 0.489795918367347
0 0.489795918367347
0 0.469387755102041
0 0.469387755102041
0 0.469387755102041
0 0.469387755102041
0 0.469387755102041
0 0.469387755102041
0 0.469387755102041
0 0.469387755102041
0 0.469387755102041
0 0.448979591836735
0 0.448979591836735
0 0.448979591836735
0 0.448979591836735
0 0.448979591836735
0 0.448979591836735
0 0.448979591836735
0 0.448979591836735
0 0.448979591836735
0 0.428571428571429
0 0.428571428571429
0 0.428571428571429
0 0.428571428571429
0 0.428571428571429
0 0.428571428571429
0 0.428571428571429
0 0.408163265306122
0 0.387755102040816
0 0.387755102040816
0 0.387755102040816
0 0.387755102040816
0 0.387755102040816
0 0.387755102040816
0 0.387755102040816
0 0.387755102040816
0 0.387755102040816
0 0.387755102040816
0 0.387755102040816
0 0.387755102040816
0 0.387755102040816
0 0.387755102040816
0 0.387755102040816
0 0.387755102040816
0 0.387755102040816
0 0.387755102040816
0 0.387755102040816
0 0.387755102040816
0 0.387755102040816
0 0.387755102040816
0 0.387755102040816
0 0.387755102040816
0 0.387755102040816
0 0.387755102040816
0 0.387755102040816
0 0.387755102040816
0 0.36734693877551
0 0.36734693877551
0 0.36734693877551
0 0.36734693877551
0 0.36734693877551
0 0.36734693877551
0 0.36734693877551
0 0.36734693877551
0 0.36734693877551
0 0.36734693877551
0 0.346938775510204
0 0.346938775510204
0 0.326530612244898
0 0.326530612244898
0 0.326530612244898
0 0.326530612244898
0 0.326530612244898
0 0.306122448979592
0 0.26530612244898
0 0.26530612244898
0 0.244897959183673
0 0.244897959183673
0 0.244897959183673
0 0.244897959183673
0 0.224489795918367
0 0.224489795918367
0 0.224489795918367
0 0.224489795918367
0 0.204081632653061
0 0.204081632653061
0 0.204081632653061
0 0.204081632653061
0 0.183673469387755
0 0.183673469387755
0 0.183673469387755
0 0.183673469387755
0 0.163265306122449
0 0.163265306122449
0 0.163265306122449
0 0.163265306122449
0 0.163265306122449
0 0.142857142857143
0 0.122448979591837
0 0.122448979591837
0 0.122448979591837
0 0.122448979591837
0 0.122448979591837
0 0.122448979591837
0 0.102040816326531
0 0.0816326530612245
0 0.0816326530612245
0 0.0816326530612245
0 0.0816326530612245
0 0.0816326530612245
0 0.0816326530612245
0 0.0816326530612245
0 0.0816326530612245
0 0.0816326530612245
0 0.0816326530612245
0 0.0816326530612245
0 0.0816326530612245
0 0.0816326530612245
0 0.0408163265306122
0 0.0204081632653061
0 0
0 0
0 0
0 0
0 0
0 0
0 0
0 0
0 0
0 0
0 0
0 0
0 0
0 0
0 0
0 0
0 0
0 0
0 0
0 0
0 0
0 0
0 0
0 0
0 0
0 0
