0 0.00932237429373524
0.0334448160535117 0.00957187339406843
0.0668896321070234 0.00982798371296992
0.100334448160535 0.0100908768433719
0.133779264214047 0.0103607286373003
0.167224080267559 0.0106377193009939
0.20066889632107 0.0109220334915582
0.234113712374582 0.0112138604151444
0.267558528428094 0.0115133939266378
0.301003344481605 0.0118208326308422
0.334448160535117 0.0121363799851389
0.367892976588629 0.0124602444035984
0.40133779264214 0.0127926393625181
0.434782608695652 0.0131337835073572
0.468227424749164 0.0134839007610325
0.501672240802676 0.0138432204335393
0.535117056856187 0.0142119773328531
0.568561872909699 0.0145904118770658
0.602006688963211 0.0149787702077025
0.635451505016722 0.0153773043041634
0.668896321070234 0.0157862720992253
0.702341137123746 0.0162059375955352
0.735785953177257 0.0166365709830203
0.769230769230769 0.0170784487571325
0.802675585284281 0.0175318538378387
0.836120401337793 0.0179970756892618
0.869565217391304 0.0184744104398689
0.903010033444816 0.0189641610030947
0.936454849498328 0.019466637198282
0.969899665551839 0.0199821558718107
1.00334448160535 0.0205110410182777
1.03678929765886 0.0210536239015812
1.07023411371237 0.0216102431757536
1.10367892976589 0.0221812450053752
1.1371237458194 0.0227669831853911
1.17056856187291 0.0233678192601432
1.20401337792642 0.0239841226414153
1.23745819397993 0.0246162707252794
1.27090301003344 0.0252646490075179
1.30434782608696 0.025929651197382
1.33779264214047 0.0266116793294347
1.37123745819398 0.0273111438732124
1.40468227424749 0.0280284638404229
1.438127090301 0.0287640668893843
1.47157190635451 0.0295183894263932
1.50501672240803 0.0302918767036936
1.53846153846154 0.0310849829137019
1.57190635451505 0.0318981712791269
1.60535117056856 0.0327319141386047
1.63879598662207 0.0335866930274518
1.67224080267559 0.0344629987531196
1.7056856187291 0.0353613314649162
1.73913043478261 0.0362822007175404
1.77257525083612 0.037226125527955
1.80602006688963 0.0381936344251032
1.83946488294314 0.0391852654919557
1.87290969899666 0.0402015663993511
1.90635451505017 0.0412430944310737
1.93979933110368 0.0423104164995914
1.97324414715719 0.0434041091518532
2.0066889632107 0.0445247585645266
2.04013377926421 0.0456729605280322
2.07357859531773 0.0468493204187107
2.10702341137124 0.0480544531584387
2.14046822742475 0.0492889831609848
2.17391304347826 0.0505535442643793
2.20735785953177 0.0518487796485493
2.24080267558528 0.0531753417374501
2.2742474916388 0.0545338920849059
2.30769230769231 0.0559251012433519
2.34113712374582 0.0573496486146536
2.37458193979933 0.0588082222821614
2.40802675585284 0.0603015188231431
2.44147157190635 0.0618302431007207
2.47491638795987 0.063395108034428
2.50836120401338 0.0649968343484902
2.54180602006689 0.06663615029692
2.5752508361204 0.0683137913645159
2.60869565217391 0.0700304999428426
2.64214046822742 0.0717870249802707
2.67558528428094 0.0735841216051541
2.70903010033445 0.0754225507212225
2.74247491638796 0.0773030785742768
2.77591973244147 0.0792264762892804
2.80936454849498 0.0811935193769545
2.84280936454849 0.083204987209001
2.87625418060201 0.0852616624610983
2.90969899665552 0.0873643305228407
2.94314381270903 0.0895137788738212
2.97658862876254 0.0917107964250933
3.01003344481605 0.0939561728252888
3.04347826086956 0.096250697730712
3.07692307692308 0.0985951600387857
3.11036789297659 0.100990347084279
3.1438127090301 0.103437043797813
3.17725752508361 0.105936031826217
3.21070234113712 0.108488088614364
3.24414715719064 0.111093986448239
3.27759197324415 0.113754491459036
3.31103678929766 0.116470362588224
3.34448160535117 0.119242350513603
3.37792642140468 0.122071196536486
3.41137123745819 0.124957631430287
3.44481605351171 0.127902374250896
3.47826086956522 0.130906131109391
3.51170568561873 0.133969593907748
3.54515050167224 0.137093439038407
3.57859531772575 0.140278326048661
3.61204013377926 0.143524896271068
3.64548494983278 0.14683377142119
3.67892976588629 0.150205552164216
3.7123745819398 0.153640816652154
3.74581939799331 0.157140119033527
3.77926421404682 0.160703987937654
3.81270903010033 0.164332924935862
3.84615384615385 0.168027402982129
3.87959866220736 0.171787864835902
3.91304347826087 0.175614721470058
3.94648829431438 0.179508350467153
3.97993311036789 0.183469094407374
4.0133779264214 0.187497259251774
4.04682274247492 0.191593112724631
4.08026755852843 0.195756882698945
4.11371237458194 0.199988755589331
4.14715719063545 0.204288874756728
4.18060200668896 0.208657338929574
4.21404682274247 0.213094200646263
4.24749163879599 0.217599464723868
4.2809364548495 0.22217308675831
4.31438127090301 0.226814971661241
4.34782608695652 0.231524972239111
4.38127090301003 0.236302887819952
4.41471571906354 0.24114846293353
4.44816053511706 0.246061386050583
4.48160535117057 0.251041288386924
4.51505016722408 0.256087742778211
4.54849498327759 0.261200262631181
4.5819397993311 0.26637830095713
4.61538461538461 0.27162124949338
4.64882943143813 0.276928437918345
4.68227424749164 0.28229913316576
4.71571906354515 0.287732538843432
4.74916387959866 0.29322779476173
4.78260869565217 0.298783976576813
4.81605351170569 0.30440009555333
4.8494983277592 0.310075098451089
4.88294314381271 0.315807867539837
4.91638795986622 0.321597220745983
4.94983277591973 0.327441911934697
4.98327759197324 0.333340631330429
5.01672240802676 0.339292006078444
5.05016722408027 0.345294600949502
5.08361204013378 0.351346919189333
5.11705685618729 0.357447403514017
5.1505016722408 0.363594437251877
5.18394648829431 0.369786345631883
5.21739130434783 0.376021397218048
5.25083612040134 0.382297805488654
5.28428093645485 0.388613730558592
5.31772575250836 0.394967281042452
5.35117056856187 0.401356516055438
5.38461538461538 0.407779447348521
5.4180602006689 0.41423404157369
5.45150501672241 0.420718222674518
5.48494983277592 0.427229874396731
5.51839464882943 0.433766842912841
5.55183946488294 0.440326939554415
5.58528428093645 0.446907943644992
5.61872909698997 0.453507605426186
5.65217391304348 0.460123649069051
5.68561872909699 0.466753775762349
5.7190635451505 0.473395666868988
5.75250836120401 0.480046987141543
5.78595317725753 0.486705387987476
5.81939799331104 0.493368510774414
5.85284280936455 0.500033990165642
5.88628762541806 0.506699457475803
5.91973244147157 0.513362544036714
5.95317725752508 0.52002088456312
5.9866220735786 0.526672120508247
6.02006688963211 0.53331390339903
6.05351170568562 0.539943898141038
6.08695652173913 0.546559786283231
6.12040133779264 0.55315926923293
6.15384615384615 0.559740071411598
6.18729096989967 0.566299943342374
6.22073578595318 0.572836664660608
6.25418060200669 0.57934804703905
6.2876254180602 0.585831937019782
6.32107023411371 0.592286218745418
6.35451505016722 0.598708816582614
6.38795986622074 0.605097697631432
6.42140468227425 0.611450874114661
6.45484949832776 0.617766405641761
6.48829431438127 0.62404240134267
6.52173913043478 0.630277021867326
6.55518394648829 0.636468481247338
6.58862876254181 0.642615048616879
6.62207357859532 0.64871504979044
6.65551839464883 0.654766868695741
6.68896321070234 0.660768948660648
6.72240802675585 0.666719793553563
6.75585284280936 0.672617968777318
6.78929765886288 0.678462102117165
6.82274247491639 0.684250884443987
6.8561872909699 0.689983070274383
6.88963210702341 0.695657478189762
6.92307692307692 0.701272991117045
6.95652173913043 0.706828556474023
6.98996655518395 0.712323186182816
7.02341137123746 0.717755956555246
7.05685618729097 0.723126008054309
7.09030100334448 0.728432544936196
7.12374581939799 0.733674834777644
7.1571906354515 0.738852207893597
7.19063545150502 0.743964056650389
7.22408026755853 0.749009834679834
7.25752508361204 0.753989055999766
7.29096989966555 0.758901294046645
7.32441471571906 0.76374618062599
7.35785953177257 0.768523404786397
7.39130434782609 0.773232711622947
7.4247491638796 0.777873901015815
7.45819397993311 0.782446826309852
7.49163879598662 0.786951392940851
7.52508361204013 0.791387557014153
7.55852842809364 0.795755323841134
7.59197324414716 0.800054746439026
7.62541806020067 0.804285923999341
7.65886287625418 0.808449000330092
7.69230769230769 0.812544162276773
7.7257525083612 0.816571638126927
7.75919732441471 0.820531696002937
7.79264214046823 0.824424642247476
7.82608695652174 0.828250819805847
7.85953177257525 0.832010606609257
7.89297658862876 0.835704413962827
7.92642140468227 0.83933268494195
7.95986622073579 0.842895892800383
7.9933110367893 0.846394539393234
8.02675585284281 0.849829153617806
8.06020066889632 0.853200289875022
8.09364548494983 0.856508526553964
8.12709030100334 0.859754464541832
8.16053511705686 0.862938725761431
8.19397993311037 0.8660619517381
8.22742474916388 0.869124802197781
8.26086956521739 0.872127953697765
8.2943143812709 0.875072098291439
8.32775919732441 0.877957942228215
8.36120401337793 0.880786204689612
8.39464882943144 0.883557616562351
8.42809364548495 0.886272919249115
8.46153846153846 0.888932863517528
8.49498327759197 0.891538208387737
8.52842809364548 0.894089720058862
8.561872909699 0.896588170874458
8.59531772575251 0.899034338327017
8.62876254180602 0.901429004101424
8.66220735785953 0.903772953157192
8.69565217391304 0.906066972849211
8.72909698996656 0.908311852086635
8.76254180602007 0.910508380529496
8.79598662207358 0.912657347822526
8.82943143812709 0.914759542865623
8.8628762541806 0.916815753120328
8.89632107023411 0.91882676395165
8.92976588628762 0.920793358004493
8.96321070234114 0.92271631461394
8.99665551839465 0.924596409248579
9.03010033444816 0.926434412986053
9.06354515050167 0.928231092019967
9.09698996655518 0.929987207197291
9.1304347826087 0.931703513585346
9.16387959866221 0.933380760067491
9.19732441471572 0.935019688966575
9.23076923076923 0.936621035695247
9.26421404682274 0.938185528432196
9.29765886287625 0.939713887823401
9.33110367892977 0.941206826707465
9.36454849498328 0.94266504986413
9.39799331103679 0.944089253785056
9.4314381270903 0.945480126465968
9.46488294314381 0.946838347219299
9.49832775919732 0.948164586506436
9.53177257525084 0.949459505788725
9.56521739130435 0.950723757396398
9.59866220735786 0.951957984414578
9.63210702341137 0.953162820585573
9.66555183946488 0.954338890226667
9.69899665551839 0.955486808162639
9.73244147157191 0.956607179672249
9.76588628762542 0.957700600447995
9.79933110367893 0.958767656568398
9.83277591973244 0.959808924482159
9.86622073578595 0.960824971003503
9.89966555183946 0.961816353318082
9.93311036789298 0.962783618998814
9.96655518394649 0.96372730603105
10 0.9646479428465
