0 0.0425555357985882
0.0334448160535117 0.0434657014454097
0.0668896321070234 0.0443944308460463
0.100334448160535 0.0453420637004102
0.133779264214047 0.046308944245555
0.167224080267559 0.0472954212408569
0.20066889632107 0.0483018479489488
0.234113712374582 0.0493285821122125
0.267558528428094 0.0503759859246299
0.301003344481605 0.0514444259987904
0.334448160535117 0.0525342733278453
0.367892976588629 0.0536459032421982
0.40133779264214 0.0547796953607135
0.434782608695652 0.0559360335362232
0.468227424749164 0.0571153057951068
0.501672240802676 0.0583179042707163
0.535117056856187 0.0595442251304137
0.568561872909699 0.0607946684959874
0.602006688963211 0.0620696383572067
0.635451505016722 0.0633695424782771
0.668896321070234 0.0646947922969494
0.702341137123746 0.0660458028160402
0.735785953177257 0.0674229924871158
0.769230769230769 0.0688267830860908
0.802675585284281 0.0702575995804939
0.836120401337793 0.07171586998815
0.869565217391304 0.0732020252270317
0.903010033444816 0.0747164989560294
0.936454849498328 0.0762597274063962
0.969899665551839 0.0778321492036196
1.00334448160535 0.0794342051794814
1.03678929765886 0.0810663381740633
1.07023411371237 0.0827289928274668
1.10367892976589 0.0844226153610161
1.1371237458194 0.0861476533477205
1.17056856187291 0.0879045554717791
1.20401337792642 0.0896937712769187
1.23745819397993 0.0915157509033625
1.27090301003344 0.0933709448132401
1.30434782608696 0.0952598035042557
1.33779264214047 0.0971827772114474
1.37123745819398 0.0991403155968794
1.40468227424749 0.101132867427126
1.438127090301 0.103160880238422
1.47157190635451 0.105224799989358
1.50501672240803 0.107325070701052
1.53846153846154 0.109462134084692
1.57190635451505 0.111636429156421
1.60535117056856 0.113848391839523
1.63879598662207 0.116098454553896
1.67224080267559 0.118387045792846
1.7056856187291 0.12071458968722
1.73913043478261 0.123081505556971
1.77257525083612 0.125488207450238
1.80602006688963 0.127935103670071
1.83946488294314 0.13042259628898
1.87290969899666 0.132951080651471
1.90635451505017 0.135520944864833
1.93979933110368 0.138132569278409
1.97324414715719 0.14078632595168
2.0066889632107 0.143482578111484
2.04013377926421 0.146221679598769
2.07357859531773 0.149003974305288
2.10702341137124 0.151829795600712
2.14046822742475 0.154699465750668
2.17391304347826 0.157613295326251
2.20735785953177 0.160571582605624
2.24080267558528 0.163574612968336
2.2742474916388 0.166622658283063
2.30769230769231 0.169715976289509
2.34113712374582 0.17285480997526
2.37458193979933 0.176039386948423
2.40802675585284 0.179269918806948
2.44147157190635 0.182546600505556
2.47491638795987 0.185869609721267
2.50836120401338 0.18923910621856
2.54180602006689 0.192655231215234
2.5752508361204 0.196118106750109
2.60869565217391 0.199627835053738
2.64214046822742 0.20318449792334
2.67558528428094 0.206788156103215
2.70903010033445 0.210438848671947
2.74247491638796 0.214136592437734
2.77591973244147 0.217881381343218
2.80936454849498 0.22167318588123
2.84280936454849 0.225511952522892
2.87625418060201 0.229397603159554
2.90969899665552 0.23333003456005
2.94314381270903 0.237309117844813
2.97658862876254 0.241334697978369
3.01003344481605 0.245406593281767
3.04347826086956 0.249524594966518
3.07692307692308 0.253688466691588
3.11036789297659 0.257897944145035
3.1438127090301 0.262152734651835
3.17725752508361 0.26645251680946
3.21070234113712 0.270796940152742
3.24414715719064 0.275185624849535
3.27759197324415 0.279618161428674
3.31103678929766 0.284094110541679
3.34448160535117 0.288613002759627
3.37792642140468 0.293174338406562
3.41137123745819 0.297777587430773
3.44481605351171 0.302422189315189
3.47826086956522 0.307107553028117
3.51170568561873 0.311833057015434
3.54515050167224 0.316598049235301
3.57859531772575 0.321401847236371
3.61204013377926 0.326243738280375
3.64548494983278 0.331122979509898
3.67892976588629 0.336038798162007
3.7123745819398 0.340990391828363
3.74581939799331 0.345976928762265
3.77926421404682 0.350997548233017
3.81270903010033 0.356051360927863
3.84615384615385 0.361137449401607
3.87959866220736 0.366254868573948
3.91304347826087 0.371402646274371
3.94648829431438 0.376579783834373
3.97993311036789 0.381785256726601
4.0133779264214 0.387018015250403
4.04682274247492 0.392276985263115
4.08026755852843 0.397561068956297
4.11371237458194 0.402869145675975
4.14715719063545 0.408200072785833
4.18060200668896 0.413552686572137
4.21404682274247 0.418925803189063
4.24749163879599 0.424318219642969
4.2809364548495 0.429728714814008
4.31438127090301 0.435156050513369
4.34782608695652 0.440598972574331
4.38127090301003 0.446056211975155
4.41471571906354 0.451526485991784
4.44816053511706 0.457008499378186
4.48160535117057 0.462500945572089
4.51505016722408 0.468002507923775
4.54849498327759 0.473511860945507
4.5819397993311 0.479027671579114
4.61538461538461 0.484548600479157
4.64882943143813 0.490073303309091
4.68227424749164 0.495600432047748
4.71571906354515 0.501128636303467
4.74916387959866 0.506656564633139
4.78260869565217 0.512182865863434
4.81605351170569 0.517706190411472
4.8494983277592 0.523225191602189
4.88294314381271 0.528738526979673
4.91638795986622 0.534244859609753
4.94983277591973 0.539742859371175
4.98327759197324 0.545231204232723
5.01672240802676 0.550708581513685
5.05016722408027 0.55617368912516
5.08361204013378 0.56162523678972
5.11705685618729 0.56706194723706
5.1505016722408 0.572482557373316
5.18394648829431 0.577885819421848
5.21739130434783 0.58327050203338
5.25083612040134 0.588635391363471
5.28428093645485 0.593979292115426
5.31772575250836 0.599301028546862
5.35117056856187 0.604599445438263
5.38461538461538 0.609873409021982
5.4180602006689 0.615121807870278
5.45150501672241 0.620343553741111
5.48494983277592 0.625537582380533
5.51839464882943 0.630702854280678
5.55183946488294 0.635838355392466
5.58528428093645 0.64094309779227
5.61872909698997 0.64601612030196
5.65217391304348 0.651056489061835
5.68561872909699 0.656063298056128
5.7190635451505 0.661035669590858
5.75250836120401 0.665972754723975
5.78595317725753 0.670873733647854
5.81939799331104 0.675737816024297
5.85284280936455 0.680564241272364
5.88628762541806 0.685352278809442
5.91973244147157 0.690101228246074
5.95317725752508 0.694810419535192
5.9866220735786 0.69947921307648
6.02006688963211 0.704106999776716
6.05351170568562 0.708693201066996
6.08695652173913 0.71323726887787
6.12040133779264 0.717738685573466
6.15384615384615 0.722196963845766
6.18729096989967 0.726611646570263
6.22073578595318 0.730982306624289
6.25418060200669 0.735308546669365
6.2876254180602 0.739589998898944
6.32107023411371 0.743826324753012
6.35451505016722 0.748017214600989
6.38795986622074 0.752162387394452
6.42140468227425 0.756261590291197
6.45484949832776 0.760314598252178
6.48829431438127 0.7643212136129
6.52173913043478 0.768281265630803
6.55518394648829 0.772194610010233
6.58862876254181 0.776061128406541
6.62207357859532 0.779880727910889
6.65551839464883 0.783653340517294
6.68896321070234 0.787378922573448
6.72240802675585 0.791057454216828
6.75585284280936 0.794688938797569
6.78929765886288 0.798273402289591
6.82274247491639 0.801810892691372
6.8561872909699 0.805301479417798
6.88963210702341 0.808745252684436
6.92307692307692 0.812142322885556
6.95652173913043 0.815492819967191
6.98996655518395 0.81879689279647
7.02341137123746 0.822054708528435
7.05685618729097 0.825266451971479
7.09030100334448 0.828432324952532
7.12374581939799 0.831552545683031
7.1571906354515 0.83462734812672
7.19063545150502 0.837656981370206
7.22408026755853 0.840641708997221
7.25752508361204 0.843581808467436
7.29096989966555 0.846477570500654
7.32441471571906 0.849329298467151
7.35785953177257 0.852137307784883
7.39130434782609 0.854901925324245
7.4247491638796 0.85762348882099
7.45819397993311 0.860302346297912
7.49163879598662 0.862938855495813
7.52508361204013 0.865533383314244
7.55852842809364 0.868086305262492
7.59197324414716 0.870598004921184
7.62541806020067 0.873068873414903
7.65886287625418 0.875499308896128
7.69230769230769 0.877889716040784
7.7257525083612 0.880240505555664
7.75919732441471 0.88255209369792
7.79264214046823 0.88482490180682
7.82608695652174 0.887059355847912
7.85953177257525 0.88925588596971
7.89297658862876 0.891414926072988
7.92642140468227 0.893536913392749
7.95986622073579 0.895622288092889
7.9933110367893 0.897671492873566
8.02675585284281 0.899684972591267
8.06020066889632 0.901663173891506
8.09364548494983 0.903606544854125
8.12709030100334 0.905515534651082
8.16053511705686 0.907390593216658
8.19397993311037 0.909232170929936
8.22742474916388 0.911040718309443
8.26086956521739 0.912816685719788
8.2943143812709 0.914560523090149
8.32775919732441 0.916272679644421
8.36120401337793 0.917953603642853
8.39464882943144 0.919603742134972
8.42809364548495 0.921223540723583
8.46153846153846 0.922813443339648
8.49498327759197 0.924373892027808
8.52842809364548 0.925905326742329
8.561872909699 0.927408185153248
8.59531772575251 0.928882902462462
8.62876254180602 0.930329911229537
8.66220735785953 0.931749641206999
8.69565217391304 0.933142519184831
8.72909698996656 0.934508968843969
8.76254180602007 0.935849410618512
8.79598662207358 0.937164261566426
8.82943143812709 0.938453935248471
8.8628762541806 0.939718841615115
8.89632107023411 0.940959386901183
8.92976588628762 0.942175973527996
8.96321070234114 0.943369000012751
8.99665551839465 0.944538860884911
9.03010033444816 0.94568594660935
9.06354515050167 0.946810643516028
9.09698996655518 0.947913333735956
9.1304347826087 0.948994395143226
9.16387959866221 0.950054201302868
9.19732441471572 0.95109312142433
9.23076923076923 0.952111520320336
9.26421404682274 0.953109758370936
9.29765886287625 0.95408819149251
9.33110367892977 0.955047171111543
9.36454849498328 0.955987044142954
9.39799331103679 0.956908152972784
9.4314381270903 0.957810835445062
9.46488294314381 0.958695424852643
9.49832775919732 0.959562249931855
9.53177257525084 0.960411634860757
9.56521739130435 0.961243899260854
9.59866220735786 0.962059358202086
9.63210702341137 0.962858322210933
9.66555183946488 0.963641097281482
9.69899665551839 0.964407984889287
9.73244147157191 0.965159282007899
9.76588628762542 0.965895281127889
9.79933110367893 0.966616270278249
9.83277591973244 0.96732253305003
9.86622073578595 0.968014348622078
9.89966555183946 0.968691991788746
9.93311036789298 0.969355732989473
9.96655518394649 0.970005838340085
10 0.970642569665739
