0 0.0294144778599429
0.0334448160535117 0.0301213447334342
0.0668896321070234 0.0308446586722922
0.100334448160535 0.0315847761515258
0.133779264214047 0.0323420601007547
0.167224080267559 0.0331168799579661
0.20066889632107 0.0339096117201973
0.234113712374582 0.034720637990912
0.267558528428094 0.0355503480238248
0.301003344481605 0.0363991377629205
0.334448160535117 0.037267409878405
0.367892976588629 0.038155573798311
0.40133779264214 0.0390640457354777
0.434782608695652 0.0399932487096061
0.468227424749164 0.0409436125640863
0.501672240802676 0.0419155739772788
0.535117056856187 0.0429095764679243
0.568561872909699 0.043926070394343
0.602006688963211 0.0449655129470739
0.635451505016722 0.0460283681345955
0.668896321070234 0.0471151067617571
0.702341137123746 0.0482262064005377
0.735785953177257 0.0493621513527431
0.769230769230769 0.0505234326042359
0.802675585284281 0.0517105477702869
0.836120401337793 0.0529240010316251
0.869565217391304 0.0541643030607517
0.903010033444816 0.0554319709380776
0.936454849498328 0.056727528057431
0.969899665551839 0.0580515040204767
1.00334448160535 0.0594044345195766
1.03678929765886 0.0607868612086176
1.07023411371237 0.0621993315613216
1.10367892976589 0.0636423987165503
1.1371237458194 0.0651166213101088
1.17056856187291 0.0666225632925502
1.20401337792642 0.0681607937324761
1.23745819397993 0.0697318866048302
1.27090301003344 0.0713364205636767
1.30434782608696 0.072974978698956
1.33779264214047 0.0746481482767143
1.37123745819398 0.076356520462301
1.40468227424749 0.0781006900260367
1.438127090301 0.0798812550308585
1.47157190635451 0.0816988165014561
1.50501672240803 0.0835539780744232
1.53846153846154 0.0854473456289597
1.57190635451505 0.0873795268976721
1.60535117056856 0.0893511310570393
1.63879598662207 0.0913627682971238
1.67224080267559 0.0934150493701335
1.7056856187291 0.0955085851174605
1.73913043478261 0.097643985974848
1.77257525083612 0.0998218614553686
1.80602006688963 0.102042819609925
1.83946488294314 0.10430746646502
1.87290969899666 0.106616405437586
1.90635451505017 0.108970236726691
1.93979933110368 0.111369556682
1.97324414715719 0.113814957148909
2.0066889632107 0.116307024790313
2.04013377926421 0.118846340385045
2.07357859531773 0.121433478103055
2.10702341137124 0.124069004757485
2.14046822742475 0.126753479033844
2.17391304347826 0.129487450696557
2.20735785953177 0.132271459773254
2.24080267558528 0.135106035717213
2.2742474916388 0.137991696548474
2.30769230769231 0.140928947974209
2.34113712374582 0.143918282489034
2.37458193979933 0.146960178456029
2.40802675585284 0.150055099169317
2.44147157190635 0.153203491899182
2.47491638795987 0.15640578692076
2.50836120401338 0.159662396527474
2.54180602006689 0.162973714030473
2.5752508361204 0.166340112745437
2.60869565217391 0.169761944968229
2.64214046822742 0.173239540940972
2.67558528428094 0.17677320781024
2.70903010033445 0.180363228579174
2.74247491638796 0.184009861055429
2.77591973244147 0.187713336796962
2.80936454849498 0.191473860057812
2.84280936454849 0.195291606736085
2.87625418060201 0.199166723326491
2.90969899665552 0.203099325879877
2.94314381270903 0.20708949897229
2.97658862876254 0.211137294686201
3.01003344481605 0.215242731606611
3.04347826086956 0.21940579383485
3.07692307692308 0.223626430022943
3.11036789297659 0.227904552431495
3.1438127090301 0.23224003601412
3.17725752508361 0.236632717531465
3.21070234113712 0.241082394697967
3.24414715719064 0.245588825364463
3.27759197324415 0.25015172673986
3.31103678929766 0.254770774655015
3.34448160535117 0.259445602872054
3.37792642140468 0.264175802442267
3.41137123745819 0.268960921115766
3.44481605351171 0.273800462805999
3.47826086956522 0.278693887112197
3.51170568561873 0.283640608902741
3.54515050167224 0.288639997962376
3.57859531772575 0.293691378706072
3.61204013377926 0.298794029962268
3.64548494983278 0.303947184828048
3.67892976588629 0.309150030598711
3.7123745819398 0.314401708773998
3.74581939799331 0.319701315143088
3.77926421404682 0.325047899950282
3.81270903010033 0.330440468143091
3.84615384615385 0.335877979704212
3.87959866220736 0.341359350068685
3.91304347826087 0.34688345062723
3.94648829431438 0.352449109316553
3.97993311036789 0.35805511129712
4.0133779264214 0.363700199718622
4.04682274247492 0.36938307657309
4.08026755852843 0.375102403635303
4.11371237458194 0.380856803489852
4.14715719063545 0.386644860643911
4.18060200668896 0.392465122724463
4.21404682274247 0.398316101758434
4.24749163879599 0.404196275533851
4.2809364548495 0.410104089039873
4.31438127090301 0.416037955983203
4.34782608695652 0.421996260378135
4.38127090301003 0.42797735820715
4.41471571906354 0.433979579148742
4.44816053511706 0.44000122836884
4.48160535117057 0.446040588371973
4.51505016722408 0.452095920908038
4.54849498327759 0.458165468930331
4.5819397993311 0.46424745860027
4.61538461538461 0.470340101334047
4.64882943143813 0.476441595886258
4.68227424749164 0.482550130465416
4.71571906354515 0.488663884876107
4.74916387959866 0.494781032682426
4.78260869565217 0.500899743387258
4.81605351170569 0.507018184621874
4.8494983277592 0.513134524340295
4.88294314381271 0.51924693301283
4.91638795986622 0.525353585813217
4.94983277591973 0.531452664793811
4.98327759197324 0.537542361043328
5.01672240802676 0.543620876821709
5.05016722408027 0.549686427666805
5.08361204013378 0.555737244467647
5.11705685618729 0.561771575499277
5.1505016722408 0.567787688414224
5.18394648829431 0.573783872185923
5.21739130434783 0.579758438999577
5.25083612040134 0.585709726086162
5.28428093645485 0.591636097495545
5.31772575250836 0.597535945804896
5.35117056856187 0.603407693758873
5.38461538461538 0.60924979583832
5.4180602006689 0.615060739754486
5.45150501672241 0.620839047866108
5.48494983277592 0.626583278516955
5.51839464882943 0.632292027291751
5.55183946488294 0.637963928188719
5.58528428093645 0.64359765470726
5.61872909698997 0.64919192084962
5.65217391304348 0.654745482035675
5.68561872909699 0.660257135930296
5.7190635451505 0.665725723183015
5.75250836120401 0.671150128080044
5.78595317725753 0.676529279108933
5.81939799331104 0.681862149436478
5.85284280936455 0.687147757300705
5.88628762541806 0.692385166318037
5.91973244147157 0.69757348570698
5.95317725752508 0.702711870429891
5.9866220735786 0.707799521254602
6.02006688963211 0.712835684737876
6.05351170568562 0.717819653132855
6.08695652173913 0.722750764222823
6.12040133779264 0.72762840108377
6.15384615384615 0.732451991778365
6.18729096989967 0.737221008984102
6.22073578595318 0.74193496955844
6.25418060200669 0.746593434043898
6.2876254180602 0.75119600611612
6.32107023411371 0.755742331977978
6.35451505016722 0.760232099702862
6.38795986622074 0.764665038530297
6.42140468227425 0.769040918117085
6.45484949832776 0.77335954774715
6.48829431438127 0.777620775503285
6.52173913043478 0.781824487403949
6.55518394648829 0.785970606508269
6.58862876254181 0.790059091992349
6.62207357859532 0.794089938199924
6.65551839464883 0.798063173670377
6.68896321070234 0.801978860147036
6.72240802675585 0.805837091568621
6.75585284280936 0.809637993046606
6.78929765886288 0.813381719831218
6.82274247491639 0.817068456268645
6.8561872909699 0.820698414751993
6.88963210702341 0.824271834668383
6.92307692307692 0.827788981344499
6.95652173913043 0.831250144992807
6.98996655518395 0.834655639660511
7.02341137123746 0.838005802183271
7.05685618729097 0.841300991145525
7.09030100334448 0.844541585849218
7.12374581939799 0.847727985292567
7.1571906354515 0.850860607160439
7.19063545150502 0.853939886827765
7.22408026755853 0.856966276377337
7.25752508361204 0.859940243633216
7.29096989966555 0.862862271210877
7.32441471571906 0.865732855585118
7.35785953177257 0.868552506176668
7.39130434782609 0.871321744458321
7.4247491638796 0.874041103081341
7.45819397993311 0.876711125022791
7.49163879598662 0.879332362754352
7.52508361204013 0.881905377433116
7.55852842809364 0.884430738114756
7.59197324414716 0.886909020989414
7.62541806020067 0.889340808640543
7.65886287625418 0.891726689326924
7.69230769230769 0.894067256287952
7.7257525083612 0.896363107072282
7.75919732441471 0.898614842889824
7.79264214046823 0.900823067987053
7.82608695652174 0.902988389045532
7.85953177257525 0.905111414603506
7.89297658862876 0.90719275450038
7.92642140468227 0.909233019343862
7.95986622073579 0.911232819999494
7.9933110367893 0.913192767102286
8.02675585284281 0.915113470590125
8.06020066889632 0.916995539258593
8.09364548494983 0.918839580336823
8.12709030100334 0.920646199083995
8.16053511705686 0.922415998406029
8.19397993311037 0.924149578492057
8.22742474916388 0.925847536470206
8.26086956521739 0.927510466082228
8.2943143812709 0.929138957376496
8.32775919732441 0.930733596418879
8.36120401337793 0.932294965020997
8.39464882943144 0.933823640485369
8.42809364548495 0.935320195366928
8.46153846153846 0.936785197250419
8.49498327759197 0.938219208543155
8.52842809364548 0.939622786282638
8.561872909699 0.940996481958531
8.59531772575251 0.942340841348484
8.62876254180602 0.943656404367315
8.66220735785953 0.944943704929052
8.69565217391304 0.946203270821348
8.72909698996656 0.947435623591794
8.76254180602007 0.94864127844564
8.79598662207358 0.949820744154483
8.82943143812709 0.950974522975442
8.8628762541806 0.952103110580379
8.89632107023411 0.953206995994729
8.92976588628762 0.954286661545508
8.96321070234114 0.955342582818075
8.99665551839465 0.95637522862124
9.03010033444816 0.957385060960319
9.06354515050167 0.958372535017752
9.09698996655518 0.95933809914089
9.1304347826087 0.960282194836607
9.16387959866221 0.961205256772358
9.19732441471572 0.962107712783349
9.23076923076923 0.962989983885485
9.26421404682274 0.963852484293768
9.29765886287625 0.964695621445829
9.33110367892977 0.9655197960303
9.36454849498328 0.966325402019725
9.39799331103679 0.967112826707738
9.4314381270903 0.967882450750227
9.46488294314381 0.968634648210228
9.49832775919732 0.969369786606299
9.53177257525084 0.970088226964132
9.56521739130435 0.970790323871168
9.59866220735786 0.971476425533999
9.63210702341137 0.972146873838333
9.66555183946488 0.97280200441134
9.69899665551839 0.97344214668615
9.73244147157191 0.974067623968357
9.76588628762542 0.974678753504308
9.79933110367893 0.975275846551049
9.83277591973244 0.975859208447726
9.86622073578595 0.976429138688321
9.89966555183946 0.976985930995547
9.93311036789298 0.977529873395786
9.96655518394649 0.978061248294916
10 0.978580332554915
