0 0.0315715090568602
0.0334448160535117 0.0323268850640061
0.0668896321070234 0.0330997163893146
0.100334448160535 0.0338903765404129
0.133779264214047 0.0346992455753002
0.167224080267559 0.0355267101457991
0.20066889632107 0.0363731635372567
0.234113712374582 0.0372390057042332
0.267558528428094 0.03812464330191
0.301003344481605 0.0390304897129355
0.334448160535117 0.0399569650694191
0.367892976588629 0.0409044962697721
0.40133779264214 0.0418735169900848
0.434782608695652 0.0428644676897164
0.468227424749164 0.0438777956107667
0.501672240802676 0.0449139547710841
0.535117056856187 0.0459734059504584
0.568561872909699 0.0470566166696311
0.602006688963211 0.0481640611617496
0.635451505016722 0.0492962203358784
0.668896321070234 0.0504535817321719
0.702341137123746 0.0516366394683011
0.735785953177257 0.0528458941767199
0.769230769230769 0.0540818529323421
0.802675585284281 0.0553450291701962
0.836120401337793 0.0566359425926123
0.869565217391304 0.0579551190654881
0.903010033444816 0.0593030905031727
0.936454849498328 0.0606803947415007
0.969899665551839 0.0620875753984994
1.00334448160535 0.0635251817222892
1.03678929765886 0.0649937684256884
1.07023411371237 0.0664938955070322
1.10367892976589 0.0680261280567097
1.1371237458194 0.0695910360489209
1.17056856187291 0.0711891941181556
1.20401337792642 0.0728211813198929
1.23745819397993 0.0744875808750242
1.27090301003344 0.076188979897502
1.30434782608696 0.0779259691047245
1.33779264214047 0.0796991425101662
1.37123745819398 0.0815090970977788
1.40468227424749 0.0833564324776888
1.438127090301 0.085241750522735
1.47157190635451 0.0871656549853986
1.50501672240803 0.0891287510946955
1.53846153846154 0.0911316451326175
1.57190635451505 0.0931749439897294
1.60535117056856 0.0952592546995514
1.63879598662207 0.0973851839513812
1.67224080267559 0.0995533375812372
1.7056856187291 0.101764320040639
1.73913043478261 0.104018733842966
1.77257525083612 0.106317178987188
1.80602006688963 0.108660252358779
1.83946488294314 0.111048547107687
1.87290969899666 0.113482652003282
1.90635451505017 0.115963150766221
1.93979933110368 0.118490621377278
1.97324414715719 0.121065635363185
2.0066889632107 0.12368875705963
2.04013377926421 0.126360542851616
2.07357859531773 0.12908154039143
2.10702341137124 0.131852287794574
2.14046822742475 0.134673312814053
2.17391304347826 0.137545131993528
2.20735785953177 0.140468249799889
2.24080267558528 0.143443157735914
2.2742474916388 0.14647033343374
2.30769230769231 0.149550239730014
2.34113712374582 0.152683323723612
2.37458193979933 0.155870015816988
2.40802675585284 0.159110728742251
2.44147157190635 0.162405856573211
2.47491638795987 0.165755773724726
2.50836120401338 0.169160833940766
2.54180602006689 0.172621369272765
2.5752508361204 0.176137689049878
2.60869565217391 0.179710078842928
2.64214046822742 0.183338799423883
2.67558528428094 0.187024085722854
2.70903010033445 0.190766145784684
2.74247491638796 0.194565159727301
2.77591973244147 0.198421278704148
2.80936454849498 0.202334623873044
2.84280936454849 0.206305285373988
2.87625418060201 0.210333321318458
2.90969899665552 0.214418756792894
2.94314381270903 0.218561582879092
2.97658862876254 0.222761755694344
3.01003344481605 0.227019195454224
3.04347826086956 0.231333785560972
3.07692307692308 0.235705371720491
3.11036789297659 0.240133761091021
3.1438127090301 0.244618721466586
3.17725752508361 0.249159980498334
3.21070234113712 0.253757224956913
3.24414715719064 0.258410100039025
3.27759197324415 0.26311820872129
3.31103678929766 0.267881111164539
3.34448160535117 0.272698324171609
3.37792642140468 0.277569320701676
3.41137123745819 0.282493529444097
3.44481605351171 0.287470334454647
3.47826086956522 0.292499074856956
3.51170568561873 0.297579044611843
3.54515050167224 0.302709492357118
3.57859531772575 0.307889621320281
3.61204013377926 0.313118589306418
3.64548494983278 0.318395508763396
3.67892976588629 0.323719446926294
3.7123745819398 0.329089426042829
3.74581939799331 0.334504423681273
3.77926421404682 0.3399633731222
3.81270903010033 0.345465163835113
3.84615384615385 0.351008642040784
3.87959866220736 0.356592611359872
3.91304347826087 0.362215833548104
3.94648829431438 0.367877029318058
3.97993311036789 0.373574879247261
4.0133779264214 0.379308024772062
4.04682274247492 0.385075069266422
4.08026755852843 0.390874579204456
4.11371237458194 0.396705085405297
4.14715719063545 0.402565084358504
4.18060200668896 0.408453039627964
4.21404682274247 0.414367383331939
4.24749163879599 0.420306517696599
4.2809364548495 0.426268816680109
4.31438127090301 0.43225262766405
4.34782608695652 0.438256273208696
4.38127090301003 0.44427805286839
4.41471571906354 0.450316245063029
4.44816053511706 0.456369109001447
4.48160535117057 0.462434886652233
4.51505016722408 0.468511804757356
4.54849498327759 0.474598076883777
4.5819397993311 0.480691905508057
4.61538461538461 0.486791484128835
4.64882943143813 0.49289499940194
4.68227424749164 0.499000633292783
4.71571906354515 0.505106565240622
4.74916387959866 0.511210974329214
4.78260869565217 0.517312041458382
4.81605351170569 0.523407951510971
4.8494983277592 0.529496895509724
4.88294314381271 0.535577072758646
4.91638795986622 0.54164669296347
4.94983277591973 0.547703978325964
4.98327759197324 0.553747165606893
5.01672240802676 0.559774508152621
5.05016722408027 0.565784277880463
5.08361204013378 0.571774767218091
5.11705685618729 0.577744290992484
5.1505016722408 0.583691188264122
5.18394648829431 0.589613824102359
5.21739130434783 0.595510591298144
5.25083612040134 0.601379912010517
5.28428093645485 0.607220239343573
5.31772575250836 0.613030058850866
5.35117056856187 0.618807889964516
5.38461538461538 0.624552287346546
5.4180602006689 0.630261842160322
5.45150501672241 0.635935183260215
5.48494983277592 0.641570978297951
5.51839464882943 0.647167934744382
5.55183946488294 0.652724800825745
5.58528428093645 0.658240366373733
5.61872909698997 0.663713463589043
5.65217391304348 0.669142967718306
5.68561872909699 0.674527797644621
5.7190635451505 0.679866916392158
5.75250836120401 0.685159331545585
5.78595317725753 0.690404095585295
5.81939799331104 0.695600306139669
5.85284280936455 0.700747106155847
5.88628762541806 0.70584368399065
5.91973244147157 0.710889273423553
5.95317725752508 0.71588315359376
5.9866220735786 0.720824648863604
6.02006688963211 0.725713128610668
6.05351170568562 0.73054800695116
6.08695652173913 0.735328742397187
6.12040133779264 0.740054837450707
6.15384615384615 0.744725838137016
6.18729096989967 0.749341333480722
6.22073578595318 0.753900954927211
6.25418060200669 0.75840437571268
6.2876254180602 0.762851310185829
6.32107023411371 0.767241513084354
6.35451505016722 0.771574778769375
6.38795986622074 0.775850940420939
6.42140468227425 0.780069869197735
6.45484949832776 0.784231473364123
6.48829431438127 0.788335697387546
6.52173913043478 0.792382521009368
6.55518394648829 0.796371958292106
6.58862876254181 0.800304056645972
6.62207357859532 0.804178895837586
6.65551839464883 0.807996586983617
6.68896321070234 0.811757271532066
6.72240802675585 0.815461120233774
6.75585284280936 0.81910833210669
6.78929765886288 0.8226991333953
6.82274247491639 0.826233776527553
6.8561872909699 0.829712539071485
6.88963210702341 0.833135722693668
6.92307692307692 0.836503652121478
6.95652173913043 0.839816674111093
6.98996655518395 0.843075156423003
7.02341137123746 0.846279486806726
7.05685618729097 0.849430071996294
7.09030100334448 0.852527336717992
7.12374581939799 0.855571722711702
7.1571906354515 0.858563687767126
7.19063545150502 0.861503704776028
7.22408026755853 0.864392260801569
7.25752508361204 0.867229856165687
7.29096989966555 0.870017003555392
7.32441471571906 0.87275422714874
7.35785953177257 0.875442061761184
7.39130434782609 0.878081052012883
7.4247491638796 0.880671751517506
7.45819397993311 0.883214722092942
7.49163879598662 0.885710532994298
7.52508361204013 0.888159760169461
7.55852842809364 0.890562985537448
7.59197324414716 0.892920796289693
7.62541806020067 0.895233784214373
7.65886287625418 0.897502545043801
7.69230769230769 0.899727677824864
7.7257525083612 0.901909784312442
7.75919732441471 0.904049468385687
7.79264214046823 0.906147335486994
7.82608695652174 0.908203992083473
7.85953177257525 0.910220045150662
7.89297658862876 0.912196101678224
7.92642140468227 0.91413276819731
7.95986622073579 0.916030650329249
7.9933110367893 0.917890352355209
8.02675585284281 0.91971247680644
8.06020066889632 0.92149762407469
8.09364548494983 0.923246392042378
8.12709030100334 0.924959375732063
8.16053511705686 0.926637166974777
8.19397993311037 0.928280354096741
8.22742474916388 0.929889521623994
8.26086956521739 0.931465250004437
8.2943143812709 0.933008115346828
8.32775919732441 0.934518689176203
8.36120401337793 0.935997538205248
8.39464882943144 0.937445224121107
8.42809364548495 0.93886230338714
8.46153846153846 0.940249327059116
8.49498327759197 0.941606840615366
8.52842809364548 0.942935383800379
8.561872909699 0.944235490481376
8.59531772575251 0.945507688517357
8.62876254180602 0.946752499640162
8.66220735785953 0.94797043934706
8.69565217391304 0.94916201680441
8.72909698996656 0.950327734761942
8.76254180602007 0.9514680894772
8.79598662207358 0.952583570649719
8.82943143812709 0.953674661364493
8.8628762541806 0.95474183804434
8.89632107023411 0.955785570410718
8.92976588628762 0.95680632145263
8.96321070234114 0.957804547403198
8.99665551839465 0.958780697723547
9.03010033444816 0.959735215093623
9.06354515050167 0.960668535409584
9.09698996655518 0.961581087787427
9.1304347826087 0.962473294572506
9.16387959866221 0.963345571354619
9.19732441471572 0.96419832698835
9.23076923076923 0.965031963618355
9.26421404682274 0.965846876709316
9.29765886287625 0.966643455080249
9.33110367892977 0.967422080942929
9.36454849498328 0.968183129944137
9.39799331103679 0.968926971211497
9.4314381270903 0.969653967402647
9.46488294314381 0.970364474757521
9.49832775919732 0.971058843153504
9.53177257525084 0.971737416163259
9.56521739130435 0.972400531115007
9.59866220735786 0.973048519155072
9.63210702341137 0.973681705312497
9.66555183946488 0.97430040856555
9.69899665551839 0.974904941909952
9.73244147157191 0.975495612428654
9.76588628762542 0.976072721363016
9.79933110367893 0.976636564185228
9.83277591973244 0.977187430671843
9.86622073578595 0.977725604978268
9.89966555183946 0.978251365714109
9.93311036789298 0.97876498601922
9.96655518394649 0.979266733640367
10 0.979756871008376
