0 0.0359444628958861
0.0334448160535117 0.0367545892723175
0.0668896321070234 0.0375822627098652
0.100334448160535 0.0384278308955194
0.133779264214047 0.0392916469332552
0.167224080267559 0.040174069359385
0.20066889632107 0.0410754621541195
0.234113712374582 0.0419961947491247
0.267558528428094 0.0429366420308518
0.301003344481605 0.0438971843394111
0.334448160535117 0.0448782074627556
0.367892976588629 0.0458801026259306
0.40133779264214 0.0469032664751403
0.434782608695652 0.0479481010563755
0.468227424749164 0.049015013788339
0.501672240802676 0.0501044174293987
0.535117056856187 0.0512167300382926
0.568561872909699 0.0523523749283026
0.602006688963211 0.0535117806146079
0.635451505016722 0.054695380754523
0.668896321070234 0.055903614080318
0.702341137123746 0.0571369243243164
0.735785953177257 0.0583957601359564
0.769230769230769 0.0596805749904989
0.802675585284281 0.0609918270890604
0.836120401337793 0.0623299792496449
0.869565217391304 0.0636954987888438
0.903010033444816 0.0650888573938714
0.936454849498328 0.0665105309845985
0.969899665551839 0.0679609995652471
1.00334448160535 0.0694407470654049
1.03678929765886 0.0709502611700191
1.07023411371237 0.0724900331380281
1.10367892976589 0.0740605576092909
1.1371237458194 0.0756623323994753
1.17056856187291 0.0772958582825669
1.20401337792642 0.0789616387606675
1.23745819397993 0.080660179820753
1.27090301003344 0.0823919896780672
1.30434782608696 0.0841575785058356
1.33779264214047 0.0859574581509896
1.37123745819398 0.0877921418356032
1.40468227424749 0.0896621438437508
1.438127090301 0.0915679791935115
1.47157190635451 0.0935101632938553
1.50501672240803 0.0954892115861633
1.53846153846154 0.0975056391701503
1.57190635451505 0.0995599604139766
1.60535117056856 0.101652688548357
1.63879598662207 0.103784335244492
1.67224080267559 0.105955410175685
1.7056856187291 0.108166420562506
1.73913043478261 0.11041787070143
1.77257525083612 0.112710261476865
1.80602006688963 0.115044089856561
1.83946488294314 0.117419848370377
1.87290969899666 0.119838024572467
1.90635451505017 0.12229910048695
1.93979933110368 0.124803552037179
1.97324414715719 0.127351848458783
2.0066889632107 0.129944451696669
2.04013377926421 0.132581815786248
2.07357859531773 0.135264386219186
2.10702341137124 0.137992599294023
2.14046822742475 0.140766881452082
2.17391304347826 0.143587648599106
2.20735785953177 0.14645530541317
2.24080267558528 0.149370244639423
2.2742474916388 0.152332846372309
2.30769230769231 0.155343477325968
2.34113712374582 0.158402490093584
2.37458193979933 0.161510222396506
2.40802675585284 0.164666996324044
2.44147157190635 0.167873117564914
2.47491638795987 0.171128874631342
2.50836120401338 0.17443453807697
2.54180602006689 0.17779035970969
2.5752508361204 0.181196571800696
2.60869565217391 0.184653386291034
2.64214046822742 0.188160993997044
2.67558528428094 0.191719563816147
2.70903010033445 0.195329241934492
2.74247491638796 0.198990151038043
2.77591973244147 0.202702389528762
2.80936454849498 0.206466030747597
2.84280936454849 0.210281122206031
2.87625418060201 0.214147684828044
2.90969899665552 0.218065712204348
2.94314381270903 0.222035169860828
2.97658862876254 0.226055994543175
3.01003344481605 0.230128093519716
3.04347826086956 0.234251343904505
3.07692307692308 0.238425592002743
3.11036789297659 0.242650652680659
3.1438127090301 0.246926308761957
3.17725752508361 0.251252310452987
3.21070234113712 0.255628374798775
3.24414715719064 0.260054185172066
3.27759197324415 0.264529390797499
3.31103678929766 0.269053606313056
3.34448160535117 0.27362641137085
3.37792642140468 0.278247350279329
3.41137123745819 0.2829159316889
3.44481605351171 0.287631628322942
3.47826086956522 0.292393876756104
3.51170568561873 0.297202077241724
3.54515050167224 0.302055593590118
3.57859531772575 0.306953753099404
3.61204013377926 0.311895846540422
3.64548494983278 0.316881128197219
3.67892976588629 0.32190881596442
3.7123745819398 0.326978091502726
3.74581939799331 0.332088100453603
3.77926421404682 0.33723795271411
3.81270903010033 0.34242672277266
3.84615384615385 0.347653450106344
3.87959866220736 0.352917139640288
3.91304347826087 0.358216762269342
3.94648829431438 0.363551255442233
3.97993311036789 0.36891952380811
4.0133779264214 0.374320439925246
4.04682274247492 0.379752845031467
4.08026755852843 0.385215549875668
4.11371237458194 0.390707335609622
4.14715719063545 0.396226954739039
4.18060200668896 0.401773132132682
4.21404682274247 0.407344566088143
4.24749163879599 0.412939929452655
4.2809364548495 0.41855787079718
4.31438127090301 0.424197015641786
4.34782608695652 0.429855967730152
4.38127090301003 0.435533310350887
4.41471571906354 0.44122760770314
4.44816053511706 0.446937406303851
4.48160535117057 0.452661236433814
4.51505016722408 0.458397613619603
4.54849498327759 0.464145040148246
4.5819397993311 0.469902006611438
4.61538461538461 0.475666993475952
4.64882943143813 0.481438472676814
4.68227424749164 0.487214909229724
4.71571906354515 0.492994762859122
4.74916387959866 0.498776489638237
4.78260869565217 0.504558543637434
4.81605351170569 0.510339378577092
4.8494983277592 0.516117449481299
4.88294314381271 0.521891214328562
4.91638795986622 0.527659135695829
4.94983277591973 0.533419682392074
4.98327759197324 0.539171331077784
5.01672240802676 0.544912567866708
5.05016722408027 0.550641889906329
5.08361204013378 0.55635780693358
5.11705685618729 0.562058842802416
5.1505016722408 0.567743536979984
5.18394648829431 0.573410446008234
5.21739130434783 0.579058144927949
5.25083612040134 0.58468522866231
5.28428093645485 0.590290313357276
5.31772575250836 0.595872037676191
5.35117056856187 0.601429064046232
5.38461538461538 0.606960079854447
5.4180602006689 0.61246379859135
5.45150501672241 0.61793896094019
5.48494983277592 0.623384335810225
5.51839464882943 0.628798721312518
5.55183946488294 0.634180945676948
5.58528428093645 0.639529868109359
5.61872909698997 0.644844379587925
5.65217391304348 0.650123403598038
5.68561872909699 0.655365896805205
5.7190635451505 0.660570849665617
5.75250836120401 0.665737286974266
5.78595317725753 0.670864268350663
5.81939799331104 0.67595088866236
5.85284280936455 0.680996278386699
5.88628762541806 0.685999603911339
5.91973244147157 0.690960067774289
5.95317725752508 0.695876908844332
5.9866220735786 0.700749402442855
6.02006688963211 0.705576860408249
6.05351170568562 0.710358631104178
6.08695652173913 0.715094099373104
6.12040133779264 0.719782686436619
6.15384615384615 0.724423849744179
6.18729096989967 0.729017082771969
6.22073578595318 0.733561914773706
6.25418060200669 0.738057910485228
6.2876254180602 0.742504669784834
6.32107023411371 0.746901827311351
6.35451505016722 0.751249052041975
6.38795986622074 0.755546046831965
6.42140468227425 0.759792547918296
6.45484949832776 0.763988324389394
6.48829431438127 0.76813317762311
6.52173913043478 0.772226940695057
6.55518394648829 0.776269477759476
6.58862876254181 0.780260683404745
6.62207357859532 0.784200481985671
6.65551839464883 0.788088826934636
6.68896321070234 0.791925700053684
6.72240802675585 0.79571111078957
6.75585284280936 0.799445095493773
6.78929765886288 0.803127716669414
6.82274247491639 0.806759062206988
6.8561872909699 0.810339244610757
6.88963210702341 0.813868400217599
6.92307692307692 0.817346688410046
6.95652173913043 0.820774290825192
6.98996655518395 0.824151410561076
7.02341137123746 0.82747827138209
7.05685618729097 0.830755116924889
7.09030100334448 0.833982209906215
7.12374581939799 0.83715983133398
7.1571906354515 0.840288279722877
7.19063545150502 0.843367870315719
7.22408026755853 0.84639893431165
7.25752508361204 0.849381818102287
7.29096989966555 0.852316882516774
7.32441471571906 0.855204502076705
7.35785953177257 0.858045064261742
7.39130434782609 0.860838968786754
7.4247491638796 0.863586626891168
7.45819397993311 0.866288460641243
7.49163879598662 0.868944902245822
7.52508361204013 0.871556393386153
7.55852842809364 0.87412338456022
7.59197324414716 0.876646334442048
7.62541806020067 0.879125709256342
7.65886287625418 0.881561982168776
7.69230769230769 0.88395563269222
7.7257525083612 0.886307146109121
7.75919732441471 0.888617012910214
7.79264214046823 0.890885728249708
7.82608695652174 0.893113791417026
7.85953177257525 0.895301705325173
7.89297658862876 0.897449976015731
7.92642140468227 0.899559112180469
7.95986622073579 0.901629624699534
7.9933110367893 0.903662026196106
8.02675585284281 0.905656830607451
8.06020066889632 0.907614552772197
8.09364548494983 0.909535708033699
8.12709030100334 0.911420811859295
8.16053511705686 0.91327037947525
8.19397993311037 0.915084925517172
8.22742474916388 0.916864963695648
8.26086956521739 0.918611006476849
8.2943143812709 0.920323564777832
8.32775919732441 0.92200314767625
8.36120401337793 0.92365026213419
8.39464882943144 0.925265412735808
8.42809364548495 0.926849101438477
8.46153846153846 0.9284018273371
8.49498327759197 0.929924086441284
8.52842809364548 0.931416371465032
8.561872909699 0.932879171628614
8.59531772575251 0.934312972472288
8.62876254180602 0.935718255681529
8.66220735785953 0.937095498923422
8.69565217391304 0.938445175693875
8.72909698996656 0.939767755175322
8.76254180602007 0.941063702104563
8.79598662207358 0.942333476650419
8.82943143812709 0.943577534300852
8.8628762541806 0.944796325759232
8.89632107023411 0.945990296849408
8.92976588628762 0.947159888429278
8.96321070234114 0.948305536312523
8.99665551839465 0.949427671198195
9.03010033444816 0.950526718607856
9.06354515050167 0.951603098829952
9.09698996655518 0.952657226871141
9.1304347826087 0.953689512414267
9.16387959866221 0.954700359782702
9.19732441471572 0.955690167910777
9.23076923076923 0.956659330320031
9.26421404682274 0.957608235101008
9.29765886287625 0.958537264900339
9.33110367892977 0.959446796912874
9.36454849498328 0.960337202878595
9.39799331103679 0.961208849084092
9.4314381270903 0.962062096368357
9.46488294314381 0.962897300132676
9.49832775919732 0.963714810354404
9.53177257525084 0.96451497160441
9.56521739130435 0.965298123067979
9.59866220735786 0.966064598568997
9.63210702341137 0.966814726597194
9.66555183946488 0.967548830338298
9.69899665551839 0.968267227706892
9.73244147157191 0.968970231381821
9.76588628762542 0.969658148843973
9.79933110367893 0.970331282416289
9.83277591973244 0.97098992930583
9.86622073578595 0.971634381647769
9.89966555183946 0.972264926551168
9.93311036789298 0.97288184614639
9.96655518394649 0.973485417634029
10 0.974075913335234
