0 0.034246237525846
0.0334448160535117 0.0350325473704186
0.0668896321070234 0.0358362413298748
0.100334448160535 0.036657672688965
0.133779264214047 0.0374972004732456
0.167224080267559 0.0383551894737713
0.20066889632107 0.0392320102680797
0.234113712374582 0.0401280392372405
0.267558528428094 0.0410436585787398
0.301003344481605 0.0419792563149552
0.334448160535117 0.0429352262969759
0.367892976588629 0.0439119682035095
0.40133779264214 0.0449098875346123
0.434782608695652 0.0459293955999702
0.468227424749164 0.0469709095014504
0.501672240802676 0.0480348521096353
0.535117056856187 0.0491216520340444
0.568561872909699 0.0502317435867384
0.602006688963211 0.0513655667389977
0.635451505016722 0.0525235670707535
0.668896321070234 0.0537061957124492
0.702341137123746 0.0549139092789975
0.735785953177257 0.0561471697954954
0.769230769230769 0.0574064446143502
0.802675585284281 0.0586922063234661
0.836120401337793 0.0600049326451335
0.869565217391304 0.0613451063252581
0.903010033444816 0.0627132150125627
0.936454849498328 0.0641097511273908
0.969899665551839 0.0655352117197345
1.00334448160535 0.0669900983161112
1.03678929765886 0.0684749167549058
1.07023411371237 0.0699901770097978
1.10367892976589 0.0715363930008888
1.1371237458194 0.0731140823931491
1.17056856187291 0.0747237663817994
1.20401337792642 0.0763659694642497
1.23745819397993 0.0780412191982173
1.27090301003344 0.0797500459456516
1.30434782608696 0.0814929826020999
1.33779264214047 0.0832705643111532
1.37123745819398 0.0850833281636206
1.40468227424749 0.08693181288109
1.438127090301 0.0888165584835457
1.47157190635451 0.0907381059407232
1.50501672240803 0.0926969968068992
1.53846153846154 0.0946937728388302
1.57190635451505 0.0967289755965702
1.60535117056856 0.0988031460269201
1.63879598662207 0.100916824029282
1.67224080267559 0.103070548003716
1.7056856187291 0.105264854381028
1.73913043478261 0.107500277134733
1.77257525083612 0.109777347274793
1.80602006688963 0.112096592323025
1.83946488294314 0.114458535770157
1.87290969899666 0.116863696514507
1.90635451505017 0.119312588282317
1.93979933110368 0.12180571902983
1.97324414715719 0.124343590327217
2.0066889632107 0.126926696724523
2.04013377926421 0.12955552509987
2.07357859531773 0.132230553990163
2.10702341137124 0.134952252904645
2.14046822742475 0.137721081621686
2.17391304347826 0.14053748946925
2.20735785953177 0.143401914589545
2.24080267558528 0.146314783188446
2.2742474916388 0.149276508770322
2.30769230769231 0.15228749135898
2.34113712374582 0.155348116705523
2.37458193979933 0.158458755483954
2.40802675585284 0.16161976247549
2.44147157190635 0.164831475742569
2.47491638795987 0.168094215793643
2.50836120401338 0.171408284739926
2.54180602006689 0.174773965445338
2.5752508361204 0.178191520670964
2.60869565217391 0.181661192215429
2.64214046822742 0.185183200052683
2.67558528428094 0.188757741468743
2.70903010033445 0.192384990199032
2.74247491638796 0.196065095568045
2.77591973244147 0.19979818163311
2.80936454849498 0.20358434633413
2.84280936454849 0.20742366065122
2.87625418060201 0.211316167772259
2.90969899665552 0.215261882272403
2.94314381270903 0.219260789307709
2.97658862876254 0.223312843825021
3.01003344481605 0.227417969790379
3.04347826086956 0.231576059438209
3.07692307692308 0.235786972543624
3.11036789297659 0.240050535720175
3.1438127090301 0.244366541745436
3.17725752508361 0.24873474891682
3.21070234113712 0.253154880440027
3.24414715719064 0.257626623852539
3.27759197324415 0.262149630484569
3.31103678929766 0.266723514959842
3.34448160535117 0.271347854738594
3.37792642140468 0.276022189705099
3.41137123745819 0.280746021802035
3.44481605351171 0.285518814713904
3.47826086956522 0.29033999360169
3.51170568561873 0.295208944890844
3.54515050167224 0.300125016114609
3.57859531772575 0.305087515814588
3.61204013377926 0.310095713500377
3.64548494983278 0.315148839669933
3.67892976588629 0.320246085892248
3.7123745819398 0.325386604953741
3.74581939799331 0.330569511069639
3.77926421404682 0.335793880161464
3.81270903010033 0.341058750201565
3.84615384615385 0.346363121625459
3.87959866220736 0.351705957812572
3.91304347826087 0.357086185635756
3.94648829431438 0.362502696079787
3.97993311036789 0.367954344928808
4.0133779264214 0.373439953522516
4.04682274247492 0.378958309580618
4.08026755852843 0.384508168094929
4.11371237458194 0.390088252288199
4.14715719063545 0.395697254638587
4.18060200668896 0.401333837968433
4.21404682274247 0.406996636595802
4.24749163879599 0.412684257547001
4.2809364548495 0.418395281828098
4.31438127090301 0.424128265753241
4.34782608695652 0.429881742327356
4.38127090301003 0.43565422268062
4.41471571906354 0.441444197551903
4.44816053511706 0.447250138818179
4.48160535117057 0.453070501066756
4.51505016722408 0.45890372320697
4.54849498327759 0.464748230117877
4.5819397993311 0.470602434328302
4.61538461538461 0.476464737725504
4.64882943143813 0.482333533288575
4.68227424749164 0.48820720684262
4.71571906354515 0.494084138829664
4.74916387959866 0.499962706092161
4.78260869565217 0.505841283664967
4.81605351170569 0.511718246571534
4.8494983277592 0.517591971620149
4.88294314381271 0.523460839195972
4.91638795986622 0.529323235044689
4.94983277591973 0.535177552043598
4.98327759197324 0.541022191956032
5.01672240802676 0.546855567165043
5.05016722408027 0.552676102382405
5.08361204013378 0.558482236329054
5.11705685618729 0.564272423383208
5.1505016722408 0.570045135192546
5.18394648829431 0.575798862246954
5.21739130434783 0.581532115408501
5.25083612040134 0.587243427395489
5.28428093645485 0.592931354217555
5.31772575250836 0.598594476559053
5.35117056856187 0.604231401108072
5.38461538461538 0.60984076182869
5.4180602006689 0.615421221174257
5.45150501672241 0.62097147123972
5.48494983277592 0.626490234851204
5.51839464882943 0.631976266591306
5.55183946488294 0.637428353758771
5.58528428093645 0.642845317261432
5.61872909698997 0.64822601244154
5.65217391304348 0.653569329832811
5.68561872909699 0.658874195848747
5.7190635451505 0.664139573402009
5.75250836120401 0.669364462454809
5.78595317725753 0.67454790050052
5.81939799331104 0.679688962976885
5.85284280936455 0.684786763611401
5.88628762541806 0.689840454699652
5.91973244147157 0.694849227317521
5.95317725752508 0.699812311468406
5.9866220735786 0.704728976166683
6.02006688963211 0.709598529458864
6.05351170568562 0.714420318383985
6.08695652173913 0.719193728874913
6.12040133779264 0.723918185602389
6.15384615384615 0.7285931517637
6.18729096989967 0.733218128818
6.22073578595318 0.737792656170367
6.25418060200669 0.742316310806778
6.2876254180602 0.746788706882219
6.32107023411371 0.751209495264228
6.35451505016722 0.755578363034202
6.38795986622074 0.759895032948836
6.42140468227425 0.764159262864073
6.45484949832776 0.768370845123992
6.48829431438127 0.772529605917009
6.52173913043478 0.776635404601843
6.55518394648829 0.7806881330056
6.58862876254181 0.784687714696381
6.62207357859532 0.788634104232752
6.65551839464883 0.792527286392402
6.68896321070234 0.796367275382251
6.72240802675585 0.800154114032266
6.75585284280936 0.803887872975138
6.78929765886288 0.807568649813975
6.82274247491639 0.811196568280052
6.8561872909699 0.814771777382638
6.88963210702341 0.818294450552824
6.92307692307692 0.82176478478323
6.95652173913043 0.825182999765358
6.98996655518395 0.828549337026339
7.02341137123746 0.831864059066688
7.05685618729097 0.835127448500636
7.09030100334448 0.838339807200537
7.12374581939799 0.841501455446725
7.1571906354515 0.84461273108417
7.19063545150502 0.847673988687163
7.22408026755853 0.850685598733203
7.25752508361204 0.85364794678716
7.29096989966555 0.856561432696748
7.32441471571906 0.859426469800208
7.35785953177257 0.862243484147088
7.39130434782609 0.865012913732886
7.4247491638796 0.867735207748284
7.45819397993311 0.870410825843605
7.49163879598662 0.873040237409071
7.52508361204013 0.875623920871382
7.55852842809364 0.87816236300706
7.59197324414716 0.880656058272934
7.62541806020067 0.883105508154115
7.65886287625418 0.885511220529718
7.69230769230769 0.887873709056564
7.7257525083612 0.890193492571018
7.75919732441471 0.892471094509097
7.79264214046823 0.894707042344915
7.82608695652174 0.896901867047498
7.85953177257525 0.899056102555974
7.89297658862876 0.901170285273066
7.92642140468227 0.903244953576831
7.95986622073579 0.905280647350516
7.9933110367893 0.90727790753039
8.02675585284281 0.909237275671373
8.06020066889632 0.911159293530261
8.09364548494983 0.91304450266633
8.12709030100334 0.914893444059053
8.16053511705686 0.916706657742684
8.19397993311037 0.9184846824574
8.22742474916388 0.920228055316716
8.26086956521739 0.921937311490844
8.2943143812709 0.923612983905675
8.32775919732441 0.925255602957029
8.36120401337793 0.926865696239836
8.39464882943144 0.928443788291879
8.42809364548495 0.929990400351733
8.46153846153846 0.931506050130528
8.49498327759197 0.932991251597171
8.52842809364548 0.93444651477662
8.561872909699 0.935872345560858
8.59531772575251 0.937269245532165
8.62876254180602 0.938637711798313
8.66220735785953 0.939978236839295
8.69565217391304 0.941291308365219
8.72909698996656 0.942577409184974
8.76254180602007 0.9438370170853
8.79598662207358 0.945070604719899
8.82943143812709 0.946278639508196
8.8628762541806 0.947461583543418
8.89632107023411 0.948619893509602
8.92976588628762 0.949754020607205
8.96321070234114 0.950864410486962
8.99665551839465 0.951951503191645
9.03010033444816 0.953015733105403
9.06354515050167 0.954057528910347
9.09698996655518 0.955077313550075
9.1304347826087 0.956075504199803
9.16387959866221 0.957052512242827
9.19732441471572 0.958008743252998
9.23076923076923 0.958944596982934
9.26421404682274 0.959860467357678
9.29765886287625 0.960756742473546
9.33110367892977 0.961633804601884
9.36454849498328 0.962492030197486
9.39799331103679 0.963331789911424
9.4314381270903 0.964153448608044
9.46488294314381 0.964957365385906
9.49832775919732 0.965743893602428
9.53177257525084 0.966513380902026
9.56521739130435 0.96726616924754
9.59866220735786 0.968002594954742
9.63210702341137 0.96872298872972
9.66555183946488 0.969427675708974
9.69899665551839 0.970116975502018
9.73244147157191 0.970791202236332
9.76588628762542 0.971450664604481
9.79933110367893 0.972095665913256
9.83277591973244 0.972726504134675
9.86622073578595 0.973343471958698
9.89966555183946 0.973946856847506
9.93311036789298 0.974536941091231
9.96655518394649 0.97511400186498
10 0.97567831128705
