0 0.0360331989729095
0.0334448160535117 0.0368518848657131
0.0668896321070234 0.037688444325548
0.100334448160535 0.0385432342201565
0.133779264214047 0.0394166170137793
0.167224080267559 0.0403089607826331
0.20066889632107 0.0412206392263816
0.234113712374582 0.0421520316753688
0.267558528428094 0.0431035230933823
0.301003344481605 0.0440755040757
0.334448160535117 0.0450683708421725
0.367892976588629 0.0460825252250824
0.40133779264214 0.0471183746515146
0.434782608695652 0.0481763321199664
0.468227424749164 0.0492568161709172
0.501672240802676 0.0503602508510706
0.535117056856187 0.0514870656709758
0.568561872909699 0.0526376955557268
0.602006688963211 0.0538125807884324
0.635451505016722 0.0550121669461433
0.668896321070234 0.0562369048279158
0.702341137123746 0.0574872503746859
0.735785953177257 0.0587636645806227
0.769230769230769 0.0600666133956229
0.802675585284281 0.061396567618606
0.836120401337793 0.0627540027812626
0.869565217391304 0.0641393990219056
0.903010033444816 0.0655532409490717
0.936454849498328 0.0669960174945152
0.969899665551839 0.0684682217552361
1.00334448160535 0.069970350824182
1.03678929765886 0.0715029056092637
1.07023411371237 0.0730663906403227
1.10367892976589 0.0746613138636904
1.1371237458194 0.0762881864239834
1.17056856187291 0.0779475224327764
1.20401337792642 0.0796398387238054
1.23745819397993 0.0813656545943519
1.27090301003344 0.0831254915324718
1.30434782608696 0.0849198729297342
1.33779264214047 0.0867493237791503
1.37123745819398 0.0886143703579766
1.40468227424749 0.0905155398950952
1.438127090301 0.0924533602226818
1.47157190635451 0.0944283594118913
1.50501672240803 0.0964410653923039
1.53846153846154 0.0984920055548984
1.57190635451505 0.100581706338333
1.60535117056856 0.102710692798347
1.63879598662207 0.104879488160099
1.67224080267559 0.107088613353327
1.7056856187291 0.109338586530183
1.73913043478261 0.111629922565682
1.77257525083612 0.113963132540713
1.80602006688963 0.116338723207583
1.83946488294314 0.118757196438131
1.87290969899666 0.121219048654471
1.90635451505017 0.123724770242461
1.93979933110368 0.126274844948055
1.97324414715719 0.128869749256727
2.0066889632107 0.131509951756225
2.04013377926421 0.13419591248293
2.07357859531773 0.136928082252187
2.10702341137124 0.13970690197301
2.14046822742475 0.142532801947624
2.17391304347826 0.145406201156367
2.20735785953177 0.148327506528542
2.24080267558528 0.151297112199872
2.2742474916388 0.154315398757272
2.30769230769231 0.157382732471723
2.34113712374582 0.160499464520115
2.37458193979933 0.16366593019696
2.40802675585284 0.166882448117006
2.44147157190635 0.170149319409786
2.47491638795987 0.173466826907287
2.50836120401338 0.176835234325916
2.54180602006689 0.180254785444089
2.5752508361204 0.183725703276792
2.60869565217391 0.187248189248566
2.64214046822742 0.190822422366419
2.67558528428094 0.194448558394261
2.70903010033445 0.198126729030519
2.74247491638796 0.201857041090654
2.77591973244147 0.205639575696377
2.80936454849498 0.209474387473417
2.84280936454849 0.213361503759773
2.87625418060201 0.217300923826406
2.90969899665552 0.221292618112425
2.94314381270903 0.225336527476825
2.97658862876254 0.229432562468927
3.01003344481605 0.233580602619659
3.04347826086956 0.237780495755901
3.07692307692308 0.242032057340107
3.11036789297659 0.246335069837452
3.1438127090301 0.250689282112783
3.17725752508361 0.255094408859618
3.21070234113712 0.259550130063494
3.24414715719064 0.264056090501888
3.27759197324415 0.268611899282993
3.31103678929766 0.273217129425529
3.34448160535117 0.277871317481802
3.37792642140468 0.282573963206119
3.41137123745819 0.287324529270662
3.44481605351171 0.29212244103083
3.47826086956522 0.296967086341995
3.51170568561873 0.301857815429522
3.54515050167224 0.30679394081384
3.57859531772575 0.311774737292197
3.61204013377926 0.316799441978675
3.64548494983278 0.321867254403867
3.67892976588629 0.326977336675517
3.7123745819398 0.332128813701273
3.74581939799331 0.337320773474543
3.77926421404682 0.342552267424298
3.81270903010033 0.347822310829492
3.84615384615385 0.35312988329859
3.87959866220736 0.358473929314518
3.91304347826087 0.363853358845168
3.94648829431438 0.369267048019377
3.97993311036789 0.37471383986812
4.0133779264214 0.380192545130454
4.04682274247492 0.385701943123524
4.08026755852843 0.391240782675772
4.11371237458194 0.39680778312223
4.14715719063545 0.402401635360636
4.18060200668896 0.408021002966833
4.21404682274247 0.413664523367768
4.24749163879599 0.41933080907016
4.2809364548495 0.425018448942736
4.31438127090301 0.430726009549725
4.34782608695652 0.436452036533126
4.38127090301003 0.442195056041061
4.41471571906354 0.447953576199393
4.44816053511706 0.453726088623583
4.48160535117057 0.459511069967633
4.51505016722408 0.465306983506818
4.54849498327759 0.471112280750769
4.5819397993311 0.476925403083365
4.61538461538461 0.48274478342577
4.64882943143813 0.488568847918883
4.68227424749164 0.49439601762138
4.71571906354515 0.50022471021945
4.74916387959866 0.506053341744324
4.78260869565217 0.511880328293613
4.81605351170569 0.5177040877525
4.8494983277592 0.523523041510804
4.88294314381271 0.529335616171957
4.91638795986622 0.535140245249978
4.94983277591973 0.540935370850563
4.98327759197324 0.54671944533247
5.01672240802676 0.552490932945474
5.05016722408027 0.55824831144123
5.08361204013378 0.563990073653524
5.11705685618729 0.569714729044472
5.1505016722408 0.575420805213386
5.18394648829431 0.581106849365157
5.21739130434783 0.586771429735158
5.25083612040134 0.592413136967843
5.28428093645485 0.598030585446374
5.31772575250836 0.603622414570809
5.35117056856187 0.609187289982547
5.38461538461538 0.614723904732953
5.4180602006689 0.620230980394248
5.45150501672241 0.625707268110979
5.48494983277592 0.631151549590575
5.51839464882943 0.636562638031716
5.55183946488294 0.64193937898943
5.58528428093645 0.647280651176062
5.61872909698997 0.65258536719746
5.65217391304348 0.657852474223907
5.68561872909699 0.663080954595572
5.7190635451505 0.668269826362413
5.75250836120401 0.673418143758668
5.78595317725753 0.678524997612272
5.81939799331104 0.683589515689707
5.85284280936455 0.688610862976958
5.88628762541806 0.693588241897443
5.91973244147157 0.698520892467903
5.95317725752508 0.703408092393443
5.9866220735786 0.708249157102987
6.02006688963211 0.713043439726623
6.05351170568562 0.717790331016353
6.08695652173913 0.722489259211954
6.12040133779264 0.727139689853699
6.15384615384615 0.731741125543812
6.18729096989967 0.736293105658611
6.22073578595318 0.740795206013355
6.25418060200669 0.745247038481889
6.2876254180602 0.749648250573213
6.32107023411371 0.753998524967182
6.35451505016722 0.758297579011529
6.38795986622074 0.762545164182484
6.42140468227425 0.766741065511221
6.45484949832776 0.770885100978428
6.48829431438127 0.774977120879254
6.52173913043478 0.779017007160904
6.55518394648829 0.78300467273512
6.58862876254181 0.786940060767786
6.62207357859532 0.790823143947843
6.65551839464883 0.79465392373768
6.68896321070234 0.798432429607122
6.72240802675585 0.802158718253103
6.75585284280936 0.805832872807028
6.78929765886288 0.809455002031822
6.82274247491639 0.813025239510561
6.8561872909699 0.81654374282855
6.88963210702341 0.820010692750629
6.92307692307692 0.823426292395433
6.95652173913043 0.826790766408261
6.98996655518395 0.830104360134119
7.02341137123746 0.833367338792473
7.05685618729097 0.836579986655118
7.09030100334448 0.839742606228553
7.12374581939799 0.842855517442123
7.1571906354515 0.84591905684316
7.19063545150502 0.848933576800256
7.22408026755853 0.851899444715727
7.25752508361204 0.854817042248272
7.29096989966555 0.857686764546732
7.32441471571906 0.860509019495819
7.35785953177257 0.863284226974574
7.39130434782609 0.866012818128282
7.4247491638796 0.868695234654483
7.45819397993311 0.871331928103667
7.49163879598662 0.873923359195162
7.52508361204013 0.876469997148691
7.55852842809364 0.878972319031988
7.59197324414716 0.881430809124819
7.62541806020067 0.883845958299706
7.65886287625418 0.886218263419593
7.69230769230769 0.888548226752647
7.7257525083612 0.890836355404327
7.75919732441471 0.893083160766847
7.79264214046823 0.895289157986068
7.82608695652174 0.897454865445849
7.85953177257525 0.89958080426984
7.89297658862876 0.901667497840661
7.92642140468227 0.903715471336383
7.95986622073579 0.905725251284195
7.9933110367893 0.907697365131106
8.02675585284281 0.909632340831527
8.06020066889632 0.911530706451518
8.09364548494983 0.913392989789495
8.12709030100334 0.915219718013159
8.16053511705686 0.917011417312385
8.19397993311037 0.918768612567799
8.22742474916388 0.920491827034763
8.26086956521739 0.922181582042454
8.2943143812709 0.923838396707731
8.32775919732441 0.925462787663469
8.36120401337793 0.927055268801021
8.39464882943144 0.92861635102647
8.42809364548495 0.930146542030329
8.46153846153846 0.931646346070331
8.49498327759197 0.933116263766957
8.52842809364548 0.934556791911349
8.561872909699 0.935968423285235
8.59531772575251 0.93735164649252
8.62876254180602 0.938706945802171
8.66220735785953 0.940034801002043
8.69565217391304 0.94133568726328
8.72909698996656 0.942610075014946
8.76254180602007 0.94385842982852
8.79598662207358 0.94508121231191
8.82943143812709 0.946278878012649
8.8628762541806 0.94745187732991
8.89632107023411 0.94860065543503
8.92976588628762 0.949725652200185
8.96321070234114 0.950827302134917
8.99665551839465 0.951906034330166
9.03010033444816 0.952962272409518
9.06354515050167 0.953996434487345
9.09698996655518 0.955008933133547
9.1304347826087 0.956000175344597
9.16387959866221 0.956970562520604
9.19732441471572 0.957920490448119
9.23076923076923 0.958850349288402
9.26421404682274 0.959760523570901
9.29765886287625 0.960651392191668
9.33110367892977 0.961523328416475
9.36454849498328 0.962376699888386
9.39799331103679 0.963211868639541
9.4314381270903 0.964029191106936
9.46488294314381 0.964829018151969
9.49832775919732 0.965611695083547
9.53177257525084 0.966377561684539
9.56521739130435 0.967126952241384
9.59866220735786 0.967860195576655
9.63210702341137 0.968577615084404
9.66555183946488 0.969279528768095
9.69899665551839 0.969966249280964
9.73244147157191 0.970638083968641
9.76588628762542 0.971295334913872
9.79933110367893 0.97193829898318
9.83277591973244 0.972567267875339
9.86622073578595 0.973182528171501
9.89966555183946 0.973784361386853
9.93311036789298 0.974373044023667
9.96655518394649 0.97494884762563
10 0.975512038833324
