0 0.034020739834816
0.0334448160535117 0.0348052562506975
0.0668896321070234 0.0356071967192988
0.100334448160535 0.0364269171830775
0.133779264214047 0.0372647794110605
0.167224080267559 0.0381211510250621
0.20066889632107 0.0389964055221656
0.234113712374582 0.0398909222932386
0.267558528428094 0.0408050866372447
0.301003344481605 0.0417392897711059
0.334448160535117 0.0426939288348625
0.367892976588629 0.0436694068918682
0.40133779264214 0.0446661329237513
0.434782608695652 0.0456845218198634
0.468227424749164 0.0467249943609296
0.501672240802676 0.0477879771966059
0.535117056856187 0.048873902816642
0.568561872909699 0.0499832095153384
0.602006688963211 0.0511163413489799
0.635451505016722 0.0522737480859214
0.668896321070234 0.0534558851489901
0.702341137123746 0.0546632135498658
0.735785953177257 0.0558961998150912
0.769230769230769 0.0571553159033577
0.802675585284281 0.058441039113707
0.836120401337793 0.0597538519842813
0.869565217391304 0.0610942421812507
0.903010033444816 0.0624627023775403
0.936454849498328 0.0638597301209761
0.969899665551839 0.0652858276914635
1.00334448160535 0.0667415019468105
1.03678929765886 0.0682272641568035
1.07023411371237 0.0697436298251432
1.10367892976589 0.0712911184988464
1.1371237458194 0.0728702535647197
1.17056856187291 0.0744815620325116
1.20401337792642 0.0761255743043527
1.23745819397993 0.0778028239300944
1.27090301003344 0.0795138473481638
1.30434782608696 0.0812591836115557
1.33779264214047 0.08303937409859
1.37123745819398 0.0848549622080731
1.40468227424749 0.0867064930385071
1.438127090301 0.0885945130510087
1.47157190635451 0.0905195697156053
1.50501672240803 0.0924822111405982
1.53846153846154 0.0944829856846926
1.57190635451505 0.0965224415516176
1.60535117056856 0.0986011263669787
1.63879598662207 0.100719586737106
1.67224080267559 0.10287836778969
1.7056856187291 0.105078012696017
1.73913043478261 0.107319062174661
1.77257525083612 0.109602053976494
1.80602006688963 0.111927522350945
1.83946488294314 0.114295997493437
1.87290969899666 0.116708004974008
1.90635451505017 0.119164065147135
1.93979933110368 0.121664692542838
1.97324414715719 0.124210395239183
2.0066889632107 0.126801674216357
2.04013377926421 0.12943902269254
2.07357859531773 0.13212292544184
2.10702341137124 0.134853858094648
2.14046822742475 0.137632286420777
2.17391304347826 0.140458665595876
2.20735785953177 0.143333439451616
2.24080267558528 0.146257039710249
2.2742474916388 0.1492298852042
2.30769230769231 0.152252381081419
2.34113712374582 0.155324917997296
2.37458193979933 0.158447871294034
2.40802675585284 0.16162160016841
2.44147157190635 0.164846446828997
2.47491638795987 0.168122735643924
2.50836120401338 0.171450772280408
2.54180602006689 0.174830842837306
2.5752508361204 0.178263212972071
2.60869565217391 0.181748127023547
2.64214046822742 0.185285807132118
2.67558528428094 0.188876452358839
2.70903010033445 0.192520237805221
2.74247491638796 0.196217313735442
2.77591973244147 0.199967804702826
2.80936454849498 0.203771808682512
2.84280936454849 0.207629396212306
2.87625418060201 0.211540609543775
2.90969899665552 0.21550546180571
2.94314381270903 0.219523936182152
2.97658862876254 0.223595985107226
3.01003344481605 0.227721529479076
3.04347826086956 0.231900457895261
3.07692307692308 0.236132625911979
3.11036789297659 0.240417855329556
3.1438127090301 0.244755933506642
3.17725752508361 0.249146612705567
3.21070234113712 0.253589609471356
3.24414715719064 0.258084604046865
3.27759197324415 0.262631239826516
3.31103678929766 0.267229122851095
3.34448160535117 0.271877821346023
3.37792642140468 0.276576865305528
3.41137123745819 0.281325746125031
3.44481605351171 0.28612391628407
3.47826086956522 0.290970789081959
3.51170568561873 0.295865738428346
3.54515050167224 0.300808098690722
3.57859531772575 0.305797164600821
3.61204013377926 0.310832191221777
3.64548494983278 0.315912393977727
3.67892976588629 0.321036948747476
3.7123745819398 0.326204992023627
3.74581939799331 0.331415621138496
3.77926421404682 0.336667894557897
3.81270903010033 0.341960832243761
3.84615384615385 0.347293416086343
3.87959866220736 0.352664590406572
3.91304347826087 0.358073262528929
3.94648829431438 0.363518303424995
3.97993311036789 0.368998548427623
4.0133779264214 0.37451279801546
4.04682274247492 0.38005981866732
4.08026755852843 0.385638343785681
4.11371237458194 0.391247074688369
4.14715719063545 0.396884681667226
4.18060200668896 0.402549805112366
4.21404682274247 0.408241056700371
4.24749163879599 0.413957020644548
4.2809364548495 0.41969625500518
4.31438127090301 0.425457293057428
4.34782608695652 0.431238644714376
4.38127090301003 0.437038798002489
4.41471571906354 0.442856220586537
4.44816053511706 0.44868936134088
4.48160535117057 0.454536651963807
4.51505016722408 0.460396508631463
4.54849498327759 0.466267333687744
4.5819397993311 0.47214751736639
4.61538461538461 0.478035439541386
4.64882943143813 0.483929471501671
4.68227424749164 0.489827977746038
4.71571906354515 0.495729317794058
4.74916387959866 0.501631848008754
4.78260869565217 0.507533923426764
4.81605351170569 0.513433899591621
4.8494983277592 0.51933013438585
4.88294314381271 0.525220989857521
4.91638795986622 0.531104834036955
4.94983277591973 0.536980042739311
4.98327759197324 0.542845001348834
5.01672240802676 0.548698106580621
5.05016722408027 0.554537768215865
5.08361204013378 0.560362410806613
5.11705685618729 0.566170475346231
5.1505016722408 0.571960420901881
5.18394648829431 0.577730726205471
5.21739130434783 0.583479891199705
5.25083612040134 0.589206438536028
5.28428093645485 0.594908915021453
5.31772575250836 0.600585893011442
5.35117056856187 0.606235971746232
5.38461538461538 0.61185777862818
5.4180602006689 0.617449970437954
5.45150501672241 0.623011234487592
5.48494983277592 0.62854028970868
5.51839464882943 0.634035887674142
5.55183946488294 0.639496813552353
5.58528428093645 0.64492188699252
5.61872909698997 0.65030996294051
5.65217391304348 0.655659932384513
5.68561872909699 0.660970723030194
5.7190635451505 0.666241299905151
5.75250836120401 0.671470665892766
5.78595317725753 0.676657862195717
5.81939799331104 0.681801968729618
5.85284280936455 0.686902104447479
5.88628762541806 0.691957427595833
5.91973244147157 0.696967135903574
5.95317725752508 0.701930466704725
5.9866220735786 0.706846696996492
6.02006688963211 0.711715143434132
6.05351170568562 0.716535162264301
6.08695652173913 0.721306149198653
6.12040133779264 0.726027539229612
6.15384615384615 0.730698806390313
6.18729096989967 0.735319463460838
6.22073578595318 0.73988906162291
6.25418060200669 0.744407190065339
6.2876254180602 0.748873475542514
6.32107023411371 0.753287581888346
6.35451505016722 0.757649209488054
6.38795986622074 0.761958094710253
6.42140468227425 0.766214009301814
6.45484949832776 0.770416759747959
6.48829431438127 0.774566186600084
6.52173913043478 0.778662163773777
6.55518394648829 0.782704597819487
6.58862876254181 0.78669342716827
6.62207357859532 0.790628621355034
6.65551839464883 0.794510180221617
6.68896321070234 0.798338133102053
6.72240802675585 0.802112537992269
6.75585284280936 0.805833480706442
6.78929765886288 0.809501074022173
6.82274247491639 0.81311545681656
6.8561872909699 0.816676793195207
6.88963210702341 0.820185271616107
6.92307692307692 0.823641104010295
6.95652173913043 0.827044524901048
6.98996655518395 0.830395790523384
7.02341137123746 0.833695177945477
7.05685618729097 0.836942984193569
7.09030100334448 0.84013952538185
7.12374581939799 0.843285135848703
7.1571906354515 0.846380167300633
7.19063545150502 0.84942498796512
7.22408026755853 0.852419981753529
7.25752508361204 0.855365547435175
7.29096989966555 0.858262097823511
7.32441471571906 0.861110058975375
7.35785953177257 0.863909869404116
7.39130434782609 0.866661979307377
7.4247491638796 0.869366849810222
7.45819397993311 0.872024952224218
7.49163879598662 0.874636767323045
7.52508361204013 0.877202784635094
7.55852842809364 0.879723501753502
7.59197324414716 0.882199423663968
7.62541806020067 0.884631062090655
7.65886287625418 0.887018934860432
7.69230769230769 0.889363565285647
7.7257525083612 0.891665481565565
7.75919732441471 0.893925216206583
7.79264214046823 0.896143305461249
7.82608695652174 0.898320288786118
7.85953177257525 0.900456708318379
7.89297658862876 0.902553108371216
7.92642140468227 0.904610034947762
7.95986622073579 0.906628035273536
7.9933110367893 0.908607657347172
8.02675585284281 0.910549449509247
8.06020066889632 0.912453960028989
8.09364548494983 0.914321736708615
8.12709030100334 0.916153326505023
8.16053511705686 0.917949275168553
8.19397993311037 0.91971012689852
8.22742474916388 0.921436424015177
8.26086956521739 0.923128706647788
8.2943143812709 0.92478751243846
8.32775919732441 0.926413376261368
8.36120401337793 0.928006829957007
8.39464882943144 0.929568402081111
8.42809364548495 0.931098617667829
8.46153846153846 0.9325979980068
8.49498327759197 0.934067060433716
8.52842809364548 0.935506318133993
8.561872909699 0.936916279959156
8.59531772575251 0.938297450255529
8.62876254180602 0.939650328704863
8.66220735785953 0.940975410176478
8.69565217391304 0.942273184590559
8.72909698996656 0.943544136792196
8.76254180602007 0.944788746435803
8.79598662207358 0.946007487879518
8.82943143812709 0.947200830089227
8.8628762541806 0.948369236551833
8.89632107023411 0.949513165197409
8.92976588628762 0.950633068329883
8.96321070234114 0.951729392565892
8.99665551839465 0.952802578781476
9.03010033444816 0.953853062066269
9.06354515050167 0.954881271684852
9.09698996655518 0.955887631044961
9.1304347826087 0.95687255767222
9.16387959866221 0.957836463191104
9.19732441471572 0.958779753311836
9.23076923076923 0.95970282782291
9.26421404682274 0.960606080588991
9.29765886287625 0.961489899553876
9.33110367892977 0.962354666748297
9.36454849498328 0.963200758302265
9.39799331103679 0.964028544461743
9.4314381270903 0.96483838960938
9.46488294314381 0.965630652289085
9.49832775919732 0.966405685234219
9.53177257525084 0.967163835399176
9.56521739130435 0.96790544399416
9.59866220735786 0.968630846522934
9.63210702341137 0.969340372823367
9.66555183946488 0.970034347110586
9.69899665551839 0.970713088022542
9.73244147157191 0.971376908667834
9.76588628762542 0.972026116675612
9.79933110367893 0.972661014247409
9.83277591973244 0.97328189821074
9.86622073578595 0.973889060074334
9.89966555183946 0.974482786084844
9.93311036789298 0.975063357284918
9.96655518394649 0.975631049572485
10 0.976186133761155
