0 0.0344290531398134
0.0334448160535117 0.0352128142911022
0.0668896321070234 0.0360137519281615
0.100334448160535 0.0368322119028968
0.133779264214047 0.0376685456263654
0.167224080267559 0.0385231100917256
0.20066889632107 0.0393962678936111
0.234113712374582 0.0402883872437192
0.267558528428094 0.0411998419823906
0.301003344481605 0.0421310115859518
0.334448160535117 0.0430822811695856
0.367892976588629 0.0440540414854844
0.40133779264214 0.0450466889160373
0.434782608695652 0.0460606254617924
0.468227424749164 0.0470962587239285
0.501672240802676 0.0481540018809636
0.535117056856187 0.0492342736594206
0.568561872909699 0.0503374982981628
0.602006688963211 0.0514641055061043
0.635451505016722 0.0526145304129959
0.668896321070234 0.0537892135129765
0.702341137123746 0.054988600600578
0.735785953177257 0.0562131426988608
0.769230769230769 0.0574632959793556
0.802675585284281 0.0587395216734779
0.836120401337793 0.0600422859750776
0.869565217391304 0.0613720599337824
0.903010033444816 0.0627293193387872
0.936454849498328 0.0641145445927387
0.969899665551839 0.0655282205753616
1.00334448160535 0.0669708364964684
1.03678929765886 0.0684428857379944
1.07023411371237 0.0699448656846962
1.10367892976589 0.0714772775431528
1.1371237458194 0.0730406261487079
1.17056856187291 0.0746354197599929
1.20401337792642 0.0762621698406706
1.23745819397993 0.0779213908280469
1.27090301003344 0.0796135998881965
1.30434782608696 0.0813393166572557
1.33779264214047 0.0830990629685452
1.37123745819398 0.0848933625651863
1.40468227424749 0.0867227407978909
1.438127090301 0.0885877243076084
1.47157190635451 0.0904888406927319
1.50501672240803 0.0924266181605734
1.53846153846154 0.0944015851628367
1.57190635451505 0.096414270014832
1.60535117056856 0.0984652004981956
1.63879598662207 0.100554903446897
1.67224080267559 0.102683904316342
1.7056856187291 0.104852726735399
1.73913043478261 0.107061892041206
1.77257525083612 0.109311918796648
1.80602006688963 0.111603322290414
1.83946488294314 0.113936614019591
1.87290969899666 0.116312301154768
1.90635451505017 0.118730885987689
1.93979933110368 0.121192865361495
1.97324414715719 0.123698730083684
2.0066889632107 0.12624896432191
2.04013377926421 0.128844044982847
2.07357859531773 0.131484441074328
2.10702341137124 0.134170613051094
2.14046822742475 0.136903012144464
2.17391304347826 0.139682079676366
2.20735785953177 0.142508246358168
2.24080267558528 0.145381931574851
2.2742474916388 0.148303542655108
2.30769230769231 0.151273474128008
2.34113712374582 0.154292106966967
2.37458193979933 0.157359807821789
2.40802675585284 0.160476928239652
2.44147157190635 0.163643803875951
2.47491638795987 0.166860753696006
2.50836120401338 0.170128079168707
2.54180602006689 0.173446063453233
2.5752508361204 0.176814970580079
2.60869565217391 0.180235044627676
2.64214046822742 0.183706508895968
2.67558528428094 0.18722956507841
2.70903010033445 0.19080439243388
2.74247491638796 0.194431146960109
2.77591973244147 0.198109960570284
2.80936454849498 0.201840940274553
2.84280936454849 0.205624167368229
2.87625418060201 0.209459696628554
2.90969899665552 0.213347555521946
2.94314381270903 0.217287743423703
2.97658862876254 0.221280230852208
3.01003344481605 0.225324958719713
3.04347826086956 0.229421837601828
3.07692307692308 0.233570747027891
3.11036789297659 0.237771534794419
3.1438127090301 0.242024016303871
3.17725752508361 0.246327973930969
3.21070234113712 0.250683156418859
3.24414715719064 0.255089278307368
3.27759197324415 0.259546019395649
3.31103678929766 0.264053024241455
3.34448160535117 0.268609901699316
3.37792642140468 0.273216224499815
3.41137123745819 0.277871528872158
3.44481605351171 0.282575314212191
3.47826086956522 0.287327042797916
3.51170568561873 0.292126139554565
3.54515050167224 0.296971991871155
3.57859531772575 0.301863949470388
3.61204013377926 0.306801324333678
3.64548494983278 0.311783390682956
3.67892976588629 0.316809385020809
3.7123745819398 0.321878506230373
3.74581939799331 0.326989915736286
3.77926421404682 0.332142737727835
3.81270903010033 0.337336059445307
3.84615384615385 0.342568931530382
3.87959866220736 0.347840368441227
3.91304347826087 0.353149348932806
3.94648829431438 0.358494816602705
3.97993311036789 0.363875680502596
4.0133779264214 0.36929081581528
4.04682274247492 0.374739064597039
4.08026755852843 0.380219236584816
4.11371237458194 0.385730110067564
4.14715719063545 0.391270432820863
4.18060200668896 0.396838923103734
4.21404682274247 0.402434270716324
4.24749163879599 0.408055138116978
4.2809364548495 0.413700161596969
4.31438127090301 0.41936795251097
4.34782608695652 0.425057098561158
4.38127090301003 0.430766165132637
4.41471571906354 0.436493696677681
4.44816053511706 0.442238218146121
4.48160535117057 0.447998236459029
4.51505016722408 0.453772242022682
4.54849498327759 0.459558710279639
4.5819397993311 0.465356103293634
4.61538461538461 0.471162871364827
4.64882943143813 0.47697745467188
4.68227424749164 0.482798284937183
4.71571906354515 0.48862378711148
4.74916387959866 0.494452381074075
4.78260869565217 0.500282483344724
4.81605351170569 0.50611250880328
4.8494983277592 0.511940872413126
4.88294314381271 0.517765990944412
4.91638795986622 0.523586284693124
4.94983277591973 0.529400179192013
4.98327759197324 0.535206106909463
5.01672240802676 0.5410025089324
5.05016722408027 0.546787836629444
5.08361204013378 0.552560553290535
5.11705685618729 0.558319135739404
5.1505016722408 0.564062075915335
5.18394648829431 0.569787882420786
5.21739130434783 0.575495082031589
5.25083612040134 0.581182221166568
5.28428093645485 0.586847867313572
5.31772575250836 0.592490610409107
5.35117056856187 0.598109064168891
5.38461538461538 0.603701867366856
5.4180602006689 0.609267685060311
5.45150501672241 0.614805209759168
5.48494983277592 0.620313162537322
5.51839464882943 0.625790294084511
5.55183946488294 0.63123538569715
5.58528428093645 0.636647250206862
5.61872909698997 0.642024732845646
5.65217391304348 0.647366712046804
5.68561872909699 0.652672100180975
5.7190635451505 0.657939844226837
5.75250836120401 0.663168926376208
5.78595317725753 0.668358364573518
5.81939799331104 0.673507212989775
5.85284280936455 0.678614562431373
5.88628762541806 0.683679540684244
5.91973244147157 0.688701312794041
5.95317725752508 0.693679081283221
5.9866220735786 0.698612086306019
6.02006688963211 0.703499605742499
6.05351170568562 0.708340955232974
6.08695652173913 0.713135488154237
6.12040133779264 0.717882595539173
6.15384615384615 0.722581705941413
6.18729096989967 0.727232285246817
6.22073578595318 0.731833836433652
6.25418060200669 0.736385899283428
6.2876254180602 0.74088805004441
6.32107023411371 0.7453399010499
6.35451505016722 0.749741100293439
6.38795986622074 0.754091330963109
6.42140468227425 0.758390310937163
6.45484949832776 0.762637792243241
6.48829431438127 0.766833560483414
6.52173913043478 0.77097743422735
6.55518394648829 0.775069264375876
6.58862876254181 0.779108933497182
6.62207357859532 0.783096355137939
6.65551839464883 0.787031473111553
6.68896321070234 0.790914260765745
6.72240802675585 0.794744720231634
6.75585284280936 0.798522881656452
6.78929765886288 0.802248802421946
6.82274247491639 0.805922566350529
6.8561872909699 0.809544282901129
6.88963210702341 0.813114086356663
6.92307692307692 0.81663213500499
6.95652173913043 0.820098610315132
6.98996655518395 0.823513716110485
7.02341137123746 0.826877677740675
7.05685618729097 0.830190741253635
7.09030100334448 0.833453172569422
7.12374581939799 0.836665256657204
7.1571906354515 0.839827296716784
7.19063545150502 0.842939613365933
7.22408026755853 0.846002543834773
7.25752508361204 0.849016441168322
7.29096989966555 0.851981673438277
7.32441471571906 0.854898622965033
7.35785953177257 0.857767685550844
7.39130434782609 0.860589269724987
7.4247491638796 0.863363796001703
7.45819397993311 0.86609169615163
7.49163879598662 0.868773412487367
7.52508361204013 0.871409397163767
7.55852842809364 0.874000111493449
7.59197324414716 0.876546025278026
7.62541806020067 0.879047616155411
7.65886287625418 0.881505368963581
7.69230769230769 0.883919775121057
7.7257525083612 0.886291332024369
7.75919732441471 0.888620542462679
7.79264214046823 0.89090791404971
7.82608695652174 0.893153958673084
7.85953177257525 0.895359191961125
7.89297658862876 0.897524132767143
7.92642140468227 0.899649302671182
7.95986622073579 0.901735225499184
7.9933110367893 0.903782426859464
8.02675585284281 0.905791433696407
8.06020066889632 0.907762773861207
8.09364548494983 0.909696975699509
8.12709030100334 0.911594567655734
8.16053511705686 0.913456077893882
8.19397993311037 0.915282033934565
8.22742474916388 0.917072962308017
8.26086956521739 0.918829388222815
8.2943143812709 0.920551835250002
8.32775919732441 0.922240825022329
8.36120401337793 0.923896876948289
8.39464882943144 0.925520507940634
8.42809364548495 0.927112232159014
8.46153846153846 0.928672560766432
8.49498327759197 0.930202001699143
8.52842809364548 0.931701059449645
8.561872909699 0.933170234862431
8.59531772575251 0.934610024942109
8.62876254180602 0.936020922673552
8.66220735785953 0.937403416853716
8.69565217391304 0.93875799193475
8.72909698996656 0.940085127878051
8.76254180602007 0.941385300018901
8.79598662207358 0.942658978941325
8.82943143812709 0.943906630362825
8.8628762541806 0.945128715028624
8.89632107023411 0.946325688615098
8.92976588628762 0.947498001642025
8.96321070234114 0.948646099393338
8.99665551839465 0.949770421846036
9.03010033444816 0.950871403606936
9.06354515050167 0.951949473856937
9.09698996655518 0.953005056302491
9.1304347826087 0.954038569133969
9.16387959866221 0.955050424990622
9.19732441471572 0.956041030931846
9.23076923076923 0.957010788414458
9.26421404682274 0.957960093275714
9.29765886287625 0.958889335721791
9.33110367892977 0.959798900321462
9.36454849498328 0.960689166004719
9.39799331103679 0.961560506066091
9.4314381270903 0.962413288172399
9.46488294314381 0.963247874374744
9.49832775919732 0.964064621124464
9.53177257525084 0.964863879292868
9.56521739130435 0.965645994194518
9.59866220735786 0.96641130561386
9.63210702341137 0.967160147834999
9.66555183946488 0.967892849674436
9.69899665551839 0.968609734516567
9.73244147157191 0.969311120351779
9.76588628762542 0.969997319816965
9.79933110367893 0.970668640238296
9.83277591973244 0.971325383676083
9.86622073578595 0.971967846971591
9.89966555183946 0.97259632179564
9.93311036789298 0.973211094698874
9.96655518394649 0.973812447163546
10 0.974400655656691
