0 0.0367039622484045
0.0334448160535117 0.0375350427403368
0.0668896321070234 0.0383841913867404
0.100334448160535 0.039251766734761
0.133779264214047 0.0401381328812189
0.167224080267559 0.0410436594846785
0.20066889632107 0.0419687217733917
0.234113712374582 0.0429137005488856
0.267558528428094 0.0438789821849566
0.301003344481605 0.0448649586218272
0.334448160535117 0.0458720273552141
0.367892976588629 0.0469005914200474
0.40133779264214 0.0479510593685767
0.434782608695652 0.04902384524259
0.468227424749164 0.0501193685394654
0.501672240802676 0.0512380541717693
0.535117056856187 0.0523803324201061
0.568561872909699 0.0535466388789212
0.602006688963211 0.0547374143949476
0.635451505016722 0.0559531049979867
0.668896321070234 0.0571941618237011
0.702341137123746 0.058461041028098
0.735785953177257 0.0597542036933717
0.769230769230769 0.0610741157247707
0.802675585284281 0.0624212477381523
0.836120401337793 0.0637960749378791
0.869565217391304 0.0651990769847134
0.903010033444816 0.0666307378533582
0.936454849498328 0.0680915456792946
0.969899665551839 0.0695819925945623
1.00334448160535 0.0711025745521273
1.03678929765886 0.0726537911384856
1.07023411371237 0.0742361453741464
1.10367892976589 0.0758501435016448
1.1371237458194 0.0774962947607347
1.17056856187291 0.0791751111504146
1.20401337792642 0.0808871071774479
1.23745819397993 0.0826327995910407
1.27090301003344 0.0844127071033502
1.30434782608696 0.086227350095504
1.33779264214047 0.0880772503088213
1.37123745819398 0.0899629305209361
1.40468227424749 0.0918849142065391
1.438127090301 0.0938437251824654
1.47157190635451 0.0958398872368733
1.50501672240803 0.0978739237422768
1.53846153846154 0.099946357252214
1.57190635451505 0.102057709081355
1.60535117056856 0.104208498868876
1.63879598662207 0.10639924412495
1.67224080267559 0.108630459760238
1.7056856187291 0.110902657598285
1.73913043478261 0.113216345870764
1.77257525083612 0.115572028695537
1.80602006688963 0.117970205537556
1.83946488294314 0.120411370652636
1.87290969899666 0.122896012514197
1.90635451505017 0.125424613223115
1.93979933110368 0.127997647900838
1.97324414715719 0.130615584066012
2.0066889632107 0.133278880994881
2.04013377926421 0.135987989065783
2.07357859531773 0.138743349088136
2.10702341137124 0.14154539161633
2.14046822742475 0.144394536249042
2.17391304347826 0.147291190914507
2.20735785953177 0.150235751142384
2.24080267558528 0.153228599322878
2.2742474916388 0.156270103953884
2.30769230769231 0.159360618876952
2.34113712374582 0.162500482502966
2.37458193979933 0.165690017028496
2.40802675585284 0.168929527643828
2.44147157190635 0.172219301733792
2.47491638795987 0.175559608072542
2.50836120401338 0.178950696013537
2.54180602006689 0.182392794676031
2.5752508361204 0.185886112129471
2.60869565217391 0.189430834577251
2.64214046822742 0.193027125541354
2.67558528428094 0.196675125049491
2.70903010033445 0.200374948826394
2.74247491638796 0.204126687491011
2.77591973244147 0.207930405761385
2.80936454849498 0.211786141669095
2.84280936454849 0.215693905785165
2.87625418060201 0.219653680459415
2.90969899665552 0.223665419075286
2.94314381270903 0.227729045322195
2.97658862876254 0.231844452487542
3.01003344481605 0.236011502770499
3.04347826086956 0.240230026619778
3.07692307692308 0.244499822097556
3.11036789297659 0.248820654271785
3.1438127090301 0.25319225463911
3.17725752508361 0.257614320580627
3.21070234113712 0.262086514852689
3.24414715719064 0.266608465114999
3.27759197324415 0.271179763498141
3.31103678929766 0.275799966212742
3.34448160535117 0.28046859320235
3.37792642140468 0.285185127842124
3.41137123745819 0.289949016685322
3.44481605351171 0.294759669259543
3.47826086956522 0.299616457914582
3.51170568561873 0.304518717723671
3.54515050167224 0.309465746439786
3.57859531772575 0.314456804508592
3.61204013377926 0.319491115139478
3.64548494983278 0.324567864436017
3.67892976588629 0.329686201587026
3.7123745819398 0.334845239119302
3.74581939799331 0.340044053212912
3.77926421404682 0.345281684079768
3.81270903010033 0.350557136406083
3.84615384615385 0.35586937985907
3.87959866220736 0.361217349658113
3.91304347826087 0.366599947210435
3.94648829431438 0.37201604081109
3.97993311036789 0.377464466406921
4.0133779264214 0.382944028423919
4.04682274247492 0.38845350065722
4.08026755852843 0.393991627222773
4.11371237458194 0.399557123569509
4.14715719063545 0.40514867755063
4.18060200668896 0.410764950552449
4.21404682274247 0.416404578678998
4.24749163879599 0.42206617399043
4.2809364548495 0.42774832579306
4.31438127090301 0.433449601978672
4.34782608695652 0.439168550410591
4.38127090301003 0.444903700353778
4.41471571906354 0.450653563946118
4.44816053511706 0.456416637707845
4.48160535117057 0.462191404085959
4.51505016722408 0.467976333030322
4.54849498327759 0.473769883598013
4.5819397993311 0.47957050558241
4.61538461538461 0.485376641163369
4.64882943143813 0.491186726574797
4.68227424749164 0.496999193785824
4.71571906354515 0.502812472191765
4.74916387959866 0.508624990310981
4.78260869565217 0.514435177483758
4.81605351170569 0.520241465569293
4.8494983277592 0.526042290636908
4.88294314381271 0.531836094647603
4.91638795986622 0.537621327122124
4.94983277591973 0.543396446791767
4.98327759197324 0.549159923228199
5.01672240802676 0.554910238448675
5.05016722408027 0.560645888493098
5.08361204013378 0.566365384969514
5.11705685618729 0.572067256564731
5.1505016722408 0.577750050516877
5.18394648829431 0.583412334046885
5.21739130434783 0.589052695746032
5.25083612040134 0.594669746916802
5.28428093645485 0.600262122864559
5.31772575250836 0.605828484137657
5.35117056856187 0.611367517713828
5.38461538461538 0.61687793813085
5.4180602006689 0.622358488559733
5.45150501672241 0.627807941818823
5.48494983277592 0.633225101327447
5.51839464882943 0.63860880199793
5.55183946488294 0.643957911064992
5.58528428093645 0.649271328851772
5.61872909698997 0.6545479894719
5.65217391304348 0.659786861467247
5.68561872909699 0.664986948381193
5.7190635451505 0.670147289267412
5.75250836120401 0.675266959134398
5.78595317725753 0.680345069326107
5.81939799331104 0.685380767839287
5.85284280936455 0.690373239578222
5.88628762541806 0.695321706547782
5.91973244147157 0.700225427985821
5.95317725752508 0.705083700436124
5.9866220735786 0.709895857763206
6.02006688963211 0.714661271110433
6.05351170568562 0.719379348803021
6.08695652173913 0.724049536197595
6.12040133779264 0.728671315480067
6.15384615384615 0.733244205413718
6.18729096989967 0.737767761039393
6.22073578595318 0.742241573329841
6.25418060200669 0.746665268800252
6.2876254180602 0.751038509077113
6.32107023411371 0.755360990427532
6.35451505016722 0.759632443251229
6.38795986622074 0.76385263153739
6.42140468227425 0.768021352288611
6.45484949832776 0.772138434914171
6.48829431438127 0.776203740594837
6.52173913043478 0.780217161621445
6.55518394648829 0.784178620709436
6.58862876254181 0.78808807029153
6.62207357859532 0.791945491790688
6.65551839464883 0.795750894875469
6.68896321070234 0.799504316699851
6.72240802675585 0.803205821129549
6.75585284280936 0.806855497956789
6.78929765886288 0.810453462105476
6.82274247491639 0.813999852828602
6.8561872909699 0.817494832899708
6.88963210702341 0.820938587800127
6.92307692307692 0.824331324903683
6.95652173913043 0.827673272660453
6.98996655518395 0.830964679781114
7.02341137123746 0.834205814423349
7.05685618729097 0.837396963381691
7.09030100334448 0.840538431282128
7.12374581939799 0.843630539782715
7.1571906354515 0.846673626781358
7.19063545150502 0.849668045631875
7.22408026755853 0.852614164369358
7.25752508361204 0.855512364945794
7.29096989966555 0.858363042476828
7.32441471571906 0.861166604500492
7.35785953177257 0.863923470248641
7.39130434782609 0.866634069931782
7.4247491638796 0.869298844037925
7.45819397993311 0.871918242645996
7.49163879598662 0.874492724754324
7.52508361204013 0.87702275762463
7.55852842809364 0.879508816141906
7.59197324414716 0.88195138219051
7.62541806020067 0.884350944046747
7.65886287625418 0.886707995788171
7.69230769230769 0.889023036719777
7.7257525083612 0.891296570817228
7.75919732441471 0.89352910618719
7.79264214046823 0.895721154544842
7.82608695652174 0.897873230708566
7.85953177257525 0.899985852111781
7.89297658862876 0.902059538331889
7.92642140468227 0.904094810636212
7.95986622073579 0.906092191544822
7.9933110367893 0.908052204410111
8.02675585284281 0.909975373012925
8.06020066889632 0.911862221175067
8.09364548494983 0.913713272387962
8.12709030100334 0.915529049457228
8.16053511705686 0.917310074162917
8.19397993311037 0.919056866935146
8.22742474916388 0.920769946544829
8.26086956521739 0.922449829809226
8.2943143812709 0.924097031311986
8.32775919732441 0.925712063137368
8.36120401337793 0.927295434618323
8.39464882943144 0.928847652098083
8.42809364548495 0.930369218704935
8.46153846153846 0.931860634139824
8.49498327759197 0.933322394476437
8.52842809364548 0.934754991973418
8.561872909699 0.936158914898364
8.59531772575251 0.937534647363238
8.62876254180602 0.938882669170855
8.66220735785953 0.94020345567208
8.69565217391304 0.941497477633397
8.72909698996656 0.942765201114481
8.76254180602007 0.94400708735545
8.79598662207358 0.945223592673432
8.82943143812709 0.946415168368126
8.8628762541806 0.947582260636005
8.89632107023411 0.948725310492852
8.92976588628762 0.949844753704279
8.96321070234114 0.950941020723938
8.99665551839465 0.952014536639085
9.03010033444816 0.953065721123206
9.06354515050167 0.954094988395406
9.09698996655518 0.955102747186254
9.1304347826087 0.956089400709802
9.16387959866221 0.957055346641511
9.19732441471572 0.95800097710179
9.23076923076923 0.958926678644894
9.26421404682274 0.959832832252922
9.29765886287625 0.960719813334657
9.33110367892977 0.961587991729007
9.36454849498328 0.962437731712813
9.39799331103679 0.963269392012791
9.4314381270903 0.964083325821376
9.46488294314381 0.96487988081627
9.49832775919732 0.965659399183469
9.53177257525084 0.966422217643583
9.56521739130435 0.96716866748123
9.59866220735786 0.967899074577348
9.63210702341137 0.968613759444211
9.66555183946488 0.969313037263003
9.69899665551839 0.969997217923761
9.73244147157191 0.970666606067532
9.76588628762542 0.971321501130595
9.79933110367893 0.971962197390591
9.83277591973244 0.972588984014413
9.86622073578595 0.973202145107736
9.89966555183946 0.973801959766034
9.93311036789298 0.974388702126974
9.96655518394649 0.974962641424054
10 0.975524042041383
