0 0.0403119367589149
0.0334448160535117 0.0410430486812055
0.0668896321070234 0.041786842958981
0.100334448160535 0.0425435184979902
0.133779264214047 0.0433132765528532
0.167224080267559 0.0440963207255714
0.20066889632107 0.0448928569626732
0.234113712374582 0.0457030935509374
0.267558528428094 0.0465272411116373
0.301003344481605 0.0473655125932481
0.334448160535117 0.0482181232625547
0.367892976588629 0.0490852906941011
0.40133779264214 0.0499672347579178
0.434782608695652 0.0508641776054627
0.468227424749164 0.0517763436537126
0.501672240802676 0.0527039595673363
0.535117056856187 0.0536472542388848
0.568561872909699 0.0546064587669281
0.602006688963211 0.0555818064320705
0.635451505016722 0.0565735326707726
0.668896321070234 0.0575818750469105
0.702341137123746 0.0586070732209967
0.735785953177257 0.0596493689169929
0.769230769230769 0.0607090058866376
0.802675585284281 0.0617862298712152
0.836120401337793 0.0628812885606905
0.869565217391304 0.0639944315501324
0.903010033444816 0.0651259102933496
0.936454849498328 0.0662759780536619
0.969899665551839 0.0674448898517285
1.00334448160535 0.0686329024103564
1.03678929765886 0.0698402740962097
1.07023411371237 0.0710672648583426
1.10367892976589 0.0723141361634778
1.1371237458194 0.0735811509279519
1.17056856187291 0.0748685734462512
1.20401337792642 0.0761766693160598
1.23745819397993 0.0775057053597446
1.27090301003344 0.0788559495421999
1.30434782608696 0.0802276708849787
1.33779264214047 0.0816211393766354
1.37123745819398 0.0830366258792079
1.40468227424749 0.0844744020307692
1.438127090301 0.0859347401439765
1.47157190635451 0.0874179131005539
1.50501672240803 0.0889241942416394
1.53846153846154 0.0904538572539364
1.57190635451505 0.0920071760516067
1.60535117056856 0.0935844246538484
1.63879598662207 0.0951858770581024
1.67224080267559 0.096811807108838
1.7056856187291 0.0984624883618667
1.73913043478261 0.100138193944142
1.77257525083612 0.101839196409002
1.80602006688963 0.103565767586824
1.83946488294314 0.105318178431052
1.87290969899666 0.107096698859577
1.90635451505017 0.108901597591443
1.93979933110368 0.110733141978872
1.97324414715719 0.112591597834584
2.0066889632107 0.114477229254419
2.04013377926421 0.116390298435265
2.07357859531773 0.118331065488283
2.10702341137124 0.120299788247473
2.14046822742475 0.122296722073581
2.17391304347826 0.124322119653389
2.20735785953177 0.126376230794426
2.24080267558528 0.128459302215151
2.2742474916388 0.130571577330655
2.30769230769231 0.132713296033958
2.34113712374582 0.134884694472972
2.37458193979933 0.137086004823211
2.40802675585284 0.139317455056353
2.44147157190635 0.141579268704743
2.47491638795987 0.143871664621969
2.50836120401338 0.146194856739629
2.54180602006689 0.148549053820422
2.5752508361204 0.150934459207729
2.60869565217391 0.153351270571822
2.64214046822742 0.155799679652894
2.67558528428094 0.158279872001075
2.70903010033445 0.160792026713657
2.74247491638796 0.163336316169708
2.77591973244147 0.165912905762316
2.80936454849498 0.168521953628694
2.84280936454849 0.171163610378393
2.87625418060201 0.173838018819879
2.90969899665552 0.17654531368575
2.94314381270903 0.179285621356888
2.97658862876254 0.18205905958583
3.01003344481605 0.184865737219681
3.04347826086956 0.187705753922887
3.07692307692308 0.190579199900215
3.11036789297659 0.193486155620277
3.1438127090301 0.196426691539974
3.17725752508361 0.199400867830216
3.21070234113712 0.20240873410333
3.24414715719064 0.205450329142524
3.27759197324415 0.208525680633834
3.31103678929766 0.211634804900972
3.34448160535117 0.214777706643488
3.37792642140468 0.217954378678706
3.41137123745819 0.221164801687858
3.44481605351171 0.224408943966894
3.47826086956522 0.227686761182406
3.51170568561873 0.230998196133159
3.54515050167224 0.234343178517684
3.57859531772575 0.237721624708428
3.61204013377926 0.241133437532933
3.64548494983278 0.244578506062549
3.67892976588629 0.248056705409145
3.7123745819398 0.251567896530341
3.74581939799331 0.255111926043722
3.77926421404682 0.258688626050543
3.81270903010033 0.262297813969417
3.84615384615385 0.265939292380447
3.87959866220736 0.26961284888031
3.91304347826087 0.273318255948754
3.94648829431438 0.277055270826971
3.97993311036789 0.280823635408316
4.0133779264214 0.28462307614182
4.04682274247492 0.288453303948919
4.08026755852843 0.29231401415385
4.11371237458194 0.2962048864281
4.14715719063545 0.300125584749328
4.18060200668896 0.304075757375115
4.21404682274247 0.308055036831921
4.24749163879599 0.312063039919587
4.2809364548495 0.316099367731695
4.31438127090301 0.320163605692092
4.34782608695652 0.324255323607854
4.38127090301003 0.328374075738927
4.41471571906354 0.332519400884688
4.44816053511706 0.336690822487613
4.48160535117057 0.34088784875421
4.51505016722408 0.345109972793376
4.54849498327759 0.349356672772274
4.5819397993311 0.353627412089807
4.61538461538461 0.357921639567734
4.64882943143813 0.362238789659446
4.68227424749164 0.366578282676365
4.71571906354515 0.370939525031924
4.74916387959866 0.375321909503022
4.78260869565217 0.379724815508843
4.81605351170569 0.384147609406848
4.8494983277592 0.388589644805775
4.88294314381271 0.393050262895378
4.91638795986622 0.397528792792652
4.94983277591973 0.402024551904234
4.98327759197324 0.406536846304624
5.01672240802676 0.411064971129862
5.05016722408027 0.415608210986226
5.08361204013378 0.420165840373526
5.11705685618729 0.424737124122484
5.1505016722408 0.429321317845705
5.18394648829431 0.433917668401675
5.21739130434783 0.438525414371212
5.25083612040134 0.443143786545763
5.28428093645485 0.447772008426901
5.31772575250836 0.45240929673636
5.35117056856187 0.457054861935914
5.38461538461538 0.46170790875639
5.4180602006689 0.466367636735062
5.45150501672241 0.471033240760679
5.48494983277592 0.475703911625345
5.51839464882943 0.480378836582447
5.55183946488294 0.485057199909826
5.58528428093645 0.489738183477371
5.61872909698997 0.49442096731818
5.65217391304348 0.499104730202466
5.68561872909699 0.503788650213342
5.7190635451505 0.508471905323626
5.75250836120401 0.513153673972818
5.78595317725753 0.517833135643373
5.81939799331104 0.522509471435428
5.85284280936455 0.527181864639114
5.88628762541806 0.531849501303608
5.91973244147157 0.536511570802098
5.95317725752508 0.541167266391809
5.9866220735786 0.545815785768291
6.02006688963211 0.550456331613159
6.05351170568562 0.555088112134496
6.08695652173913 0.559710341599157
6.12040133779264 0.564322240856228
6.15384615384615 0.568923037850906
6.18729096989967 0.573511968128104
6.22073578595318 0.578088275325107
6.25418060200669 0.582651211652624
6.2876254180602 0.587200038363617
6.32107023411371 0.59173402620932
6.35451505016722 0.596252455881875
6.38795986622074 0.60075461844307
6.42140468227425 0.605239815738671
6.45484949832776 0.609707360797896
6.48829431438127 0.614156578217585
6.52173913043478 0.618586804530695
6.55518394648829 0.622997388558746
6.58862876254181 0.627387691747898
6.62207357859532 0.631757088488375
6.65551839464883 0.636104966416989
6.68896321070234 0.640430726702544
6.72240802675585 0.644733784313943
6.75585284280936 0.649013568270864
6.78929765886288 0.653269521876886
6.82274247491639 0.657501102935009
6.8561872909699 0.661707783945519
6.88963210702341 0.665889052286204
6.92307692307692 0.670044410374951
6.95652173913043 0.674173375814785
6.98996655518395 0.678275481521453
7.02341137123746 0.682350275833673
7.05685618729097 0.686397322606209
7.09030100334448 0.690416201285958
7.12374581939799 0.69440650697126
7.1571906354515 0.698367850454678
7.19063545150502 0.702299858249499
7.22408026755853 0.706202172600263
7.25752508361204 0.710074451477622
7.29096989966555 0.713916368557865
7.32441471571906 0.717727613187463
7.35785953177257 0.721507890333
7.39130434782609 0.7252569205169
7.4247491638796 0.728974439739328
7.45819397993311 0.732660199386703
7.49163879598662 0.736313966127258
7.52508361204013 0.739935521794075
7.55852842809364 0.743524663256071
7.59197324414716 0.747081202277387
7.62541806020067 0.75060496536565
7.65886287625418 0.7540957936096
7.69230769230769 0.757553542506545
7.7257525083612 0.760978081780155
7.75919732441471 0.764369295189065
7.79264214046823 0.767727080326784
7.82608695652174 0.771051348413412
7.85953177257525 0.774342024079637
7.89297658862876 0.777599045143514
7.92642140468227 0.780822362380513
7.95986622073579 0.784011939287305
7.9933110367893 0.787167751839777
8.02675585284281 0.790289788245742
8.06020066889632 0.793378048692804
8.09364548494983 0.796432545091847
8.12709030100334 0.799453300816589
8.16053511705686 0.802440350439644
8.19397993311037 0.805393739465526
8.22742474916388 0.808313524061017
8.26086956521739 0.811199770783313
8.2943143812709 0.814052556306342
8.32775919732441 0.816871967145649
8.36120401337793 0.819658099382233
8.39464882943144 0.822411058385689
8.42809364548495 0.825130958537022
8.46153846153846 0.827817922951464
8.49498327759197 0.830472083201639
8.52842809364548 0.833093579041373
8.561872909699 0.835682558130473
8.59531772575251 0.838239175760751
8.62876254180602 0.840763594583582
8.66220735785953 0.84325598433925
8.69565217391304 0.845716521588352
8.72909698996656 0.848145389445477
8.76254180602007 0.850542777315407
8.79598662207358 0.852908880632041
8.82943143812709 0.855243900600252
8.8628762541806 0.857548043940863
8.89632107023411 0.859821522638912
8.92976588628762 0.862064553695388
8.96321070234114 0.864277358882577
8.99665551839465 0.86646016450316
9.03010033444816 0.86861320115321
9.06354515050167 0.870736703489179
9.09698996655518 0.872830909999021
9.1304347826087 0.874896062777511
9.16387959866221 0.876932407305878
9.19732441471572 0.878940192235815
9.23076923076923 0.880919669177946
9.26421404682274 0.882871092494792
9.29765886287625 0.88479471909831
9.33110367892977 0.886690808252034
9.36454849498328 0.88855962137785
9.39799331103679 0.890401421867442
9.4314381270903 0.892216474898421
9.46488294314381 0.89400504725515
9.49832775919732 0.895767407154268
9.53177257525084 0.897503824074921
9.56521739130435 0.899214568593675
9.59866220735786 0.900899912224115
9.63210702341137 0.902560127261099
9.66555183946488 0.904195486629647
9.69899665551839 0.905806263738431
9.73244147157191 0.90739273233784
9.76588628762542 0.908955166382575
9.79933110367893 0.910493839898726
9.83277591973244 0.912009026855298
9.86622073578595 0.913501001040123
9.89966555183946 0.914970035940109
9.93311036789298 0.916416404625775
9.96655518394649 0.917840379639994
10 0.919242232890911
