0 0.00432077070790113
0.0334448160535117 0.00445131476210492
0.0668896321070234 0.00458578909166095
0.100334448160535 0.00472431103923745
0.133779264214047 0.00486700138640078
0.167224080267559 0.00501398445031145
0.20066889632107 0.00516538818288204
0.234113712374582 0.00532134427244306
0.267558528428094 0.00548198824796279
0.301003344481605 0.00564745958586663
0.334448160535117 0.00581790181950081
0.367892976588629 0.00599346265128518
0.40133779264214 0.00617429406759854
0.434782608695652 0.00636055245643948
0.468227424749164 0.00655239872790439
0.501672240802676 0.00674999843752339
0.535117056856187 0.00695352191249331
0.568561872909699 0.0071631443808455
0.602006688963211 0.00737904610358442
0.635451505016722 0.00760141250983106
0.668896321070234 0.007830434335003
0.702341137123746 0.00806630776206065
0.735785953177257 0.0083092345658464
0.769230769230769 0.00855942226054053
0.802675585284281 0.00881708425025467
0.836120401337793 0.00908243998277967
0.869565217391304 0.00935571510650153
0.903010033444816 0.00963714163049409
0.936454849498328 0.00992695808779332
0.969899665551839 0.0102254097018527
1.00334448160535 0.0105327485561737
1.03678929765886 0.0108492337671006
1.07023411371237 0.0111751316597608
1.10367892976589 0.0115107159471268
1.1371237458194 0.0118562679121685
1.17056856187291 0.012212076593055
1.20401337792642 0.0125784389713599
1.23745819397993 0.012955660163212
1.27090301003344 0.0133440536133255
1.30434782608696 0.0137439412918335
1.33779264214047 0.0141556538938375
1.37123745819398 0.0145795310415735
1.40468227424749 0.0150159214890837
1.438127090301 0.015465183329269
1.47157190635451 0.0159276842031849
1.50501672240803 0.0164038015114261
1.53846153846154 0.0168939226274309
1.57190635451505 0.0173984451125217
1.60535117056856 0.0179177769324752
1.63879598662207 0.0184523366754025
1.67224080267559 0.0190025537706962
1.7056856187291 0.0195688687087829
1.73913043478261 0.0201517332613947
1.77257525083612 0.020751610702055
1.80602006688963 0.0213689760264431
1.83946488294314 0.0220043161722828
1.87290969899666 0.0226581302383692
1.90635451505017 0.0233309297023218
1.93979933110368 0.0240232386366208
1.97324414715719 0.024735593922455
2.0066889632107 0.025468545460875
2.04013377926421 0.0262226563807125
2.07357859531773 0.0269985032426931
2.10702341137124 0.0277966762391296
2.14046822742475 0.0286177793885487
2.17391304347826 0.0294624307245612
2.20735785953177 0.0303312624782476
2.24080267558528 0.0312249212532852
2.2742474916388 0.0321440681930014
2.30769230769231 0.033089379138492
2.34113712374582 0.0340615447768941
2.37458193979933 0.0350612707788589
2.40802675585284 0.0360892779242162
2.44147157190635 0.0371463022147736
2.47491638795987 0.0382330949731415
2.50836120401338 0.0393504229264208
2.54180602006689 0.0404990682735368
2.5752508361204 0.0416798287349467
2.60869565217391 0.0428935175833953
2.64214046822742 0.044140963654333
2.67558528428094 0.0454230113345564
2.70903010033445 0.0467405205275753
2.74247491638796 0.0480943665941512
2.77591973244147 0.0494854402663962
2.80936454849498 0.0509146475337679
2.84280936454849 0.0523829094992373
2.87625418060201 0.0538911622038561
2.90969899665552 0.0554403564178944
2.94314381270903 0.057031457396674
2.97658862876254 0.0586654445991701
3.01003344481605 0.0603433113674132
3.04347826086956 0.0620660645646793
3.07692307692308 0.0638347241704202
3.11036789297659 0.0656503228298518
3.1438127090301 0.0675139053560921
3.17725752508361 0.0694265281827176
3.21070234113712 0.0713892587645895
3.24414715719064 0.0734031749247979
3.27759197324415 0.0754693641455646
3.31103678929766 0.0775889228009607
3.34448160535117 0.0797629553293083
3.37792642140468 0.0819925733431644
3.41137123745819 0.084278894674828
3.44481605351171 0.086623042355359
3.47826086956522 0.089026143525165
3.51170568561873 0.0914893282742915
3.54515050167224 0.0940137284106419
3.57859531772575 0.0966004761544679
3.61204013377926 0.0992507027575943
3.64548494983278 0.101965537045988
3.67892976588629 0.104746103884448
3.7123745819398 0.107593522562361
3.74581939799331 0.110508905099706
3.77926421404682 0.113493354472658
3.81270903010033 0.116547962758455
3.84615384615385 0.119673809199403
3.87959866220736 0.12287195818622
3.91304347826087 0.126143457161226
3.94648829431438 0.129489334442217
3.97993311036789 0.132910596968229
4.0133779264214 0.1364082279688
4.04682274247492 0.139983184558703
4.08026755852843 0.143636395260615
4.11371237458194 0.147368757458582
4.14715719063545 0.15118113478567
4.18060200668896 0.155074354449638
4.21404682274247 0.159049204501025
4.24749163879599 0.163106431048549
4.2809364548495 0.16724673542727
4.31438127090301 0.171470771325534
4.34782608695652 0.175779141877275
4.38127090301003 0.18017239672683
4.41471571906354 0.184651029074008
4.44816053511706 0.189215472707728
4.48160535117057 0.19386609903711
4.51505016722408 0.198603214129491
4.54849498327759 0.203427055765357
4.5819397993311 0.20833779052077
4.61538461538461 0.213335510888309
4.64882943143813 0.218420232448113
4.68227424749164 0.223591891100983
4.71571906354515 0.228850340375984
4.74916387959866 0.234195348825275
4.78260869565217 0.239626597519291
4.81605351170569 0.24514367765558
4.8494983277592 0.250746088294838
4.88294314381271 0.256433234237789
4.91638795986622 0.262204424056608
4.94983277591973 0.268058868294537
4.98327759197324 0.27399567784726
5.01672240802676 0.280013862539355
5.05016722408027 0.286112329908865
5.08361204013378 0.292289884212642
5.11705685618729 0.29854522566458
5.1505016722408 0.304876949918307
5.18394648829431 0.311283547805179
5.21739130434783 0.317763405337618
5.25083612040134 0.324314803986944
5.28428093645485 0.330935921243865
5.31772575250836 0.337624831468659
5.35117056856187 0.344379507036935
5.38461538461538 0.351197819785569
5.4180602006689 0.358077542762061
5.45150501672241 0.365016352279155
5.48494983277592 0.372011830275044
5.51839464882943 0.379061466978003
5.55183946488294 0.386162663872637
5.58528428093645 0.393312736963391
5.61872909698997 0.4005089203293
5.65217391304348 0.407748369962319
5.68561872909699 0.415028167879964
5.7190635451505 0.422345326501374
5.75250836120401 0.429696793274331
5.78595317725753 0.437079455539255
5.81939799331104 0.444490145614726
5.85284280936455 0.451925646087697
5.88628762541806 0.459382695290279
5.91973244147157 0.466857992943766
5.95317725752508 0.474348205949499
5.9866220735786 0.481849974305211
6.02006688963211 0.489359917124667
6.05351170568562 0.496874638737731
6.08695652173913 0.50439073484747
6.12040133779264 0.511904798720501
6.15384615384615 0.5194134273866
6.18729096989967 0.526913227823508
6.22073578595318 0.534400823102958
6.25418060200669 0.541872858474259
6.2876254180602 0.549326007362107
6.32107023411371 0.556756977255957
6.35451505016722 0.564162515468919
6.38795986622074 0.571539414745068
6.42140468227425 0.578884518694989
6.45484949832776 0.586194727040542
6.48829431438127 0.593467000650994
6.52173913043478 0.600698366354036
6.55518394648829 0.607885921506569
6.58862876254181 0.61502683831165
6.62207357859532 0.622118367869492
6.65551839464883 0.629157843952037
6.68896321070234 0.636142686492194
6.72240802675585 0.643070404780487
6.75585284280936 0.649938600363498
6.78929765886288 0.656744969640091
6.82274247491639 0.663487306153036
6.8561872909699 0.670163502575202
6.88963210702341 0.676771552391012
6.92307692307692 0.683309551275347
6.95652173913043 0.689775698173444
6.98996655518395 0.696168296086711
7.02341137123746 0.702485752570602
7.05685618729097 0.708726579951854
7.09030100334448 0.714889395273497
7.12374581939799 0.720972919976957
7.1571906354515 0.726975979331516
7.19063545150502 0.732897501622118
7.22408026755853 0.73873651710721
7.25752508361204 0.744492156758859
7.29096989966555 0.750163650797882
7.32441471571906 0.755750327037075
7.35785953177257 0.761251609045914
7.39130434782609 0.766667014150299
7.4247491638796 0.771996151280981
7.45819397993311 0.77723871868436
7.49163879598662 0.782394501509248
7.52508361204013 0.787463369283063
7.55852842809364 0.792445273290726
7.59197324414716 0.797340243869246
7.62541806020067 0.802148387630654
7.65886287625418 0.806869884625599
7.69230769230769 0.811504985459461
7.7257525083612 0.81605400837241
7.75919732441471 0.82051733629433
7.79264214046823 0.824895413885025
7.82608695652174 0.829188744569568
7.85953177257525 0.833397887578121
7.89297658862876 0.837523454998947
7.92642140468227 0.84156610885282
7.95986622073579 0.845526558196391
7.9933110367893 0.849405556261548
8.02675585284281 0.853203897637205
8.06020066889632 0.856922415499387
8.09364548494983 0.860561978894954
8.12709030100334 0.864123490083719
8.16053511705686 0.867607881943225
8.19397993311037 0.871016115439933
8.22742474916388 0.874349177170051
8.26086956521739 0.877608076972813
8.2943143812709 0.880793845618528
8.32775919732441 0.88390753257331
8.36120401337793 0.886950203842004
8.39464882943144 0.889922939890425
8.42809364548495 0.892826833647687
8.46153846153846 0.895662988589055
8.49498327759197 0.89843251689946
8.52842809364548 0.901136537717507
8.561872909699 0.903776175459565
8.59531772575251 0.906352558223277
8.62876254180602 0.90886681626961
8.66220735785953 0.911320080582369
8.69565217391304 0.91371348150391
8.72909698996656 0.916048147445656
8.76254180602007 0.918325203671835
8.79598662207358 0.920545771154786
8.82943143812709 0.922710965500031
8.8628762541806 0.924821895939248
8.89632107023411 0.926879664389185
8.92976588628762 0.92888536457451
8.96321070234114 0.930840081212535
8.99665551839465 0.932744889257699
9.03010033444816 0.934600853203709
9.06354515050167 0.936409026441172
9.09698996655518 0.938170450668587
9.1304347826087 0.939886155354549
9.16387959866221 0.941557157249008
9.19732441471572 0.943184459941502
9.23076923076923 0.944769053464218
9.26421404682274 0.94631191393786
9.29765886287625 0.94781400325825
9.33110367892977 0.949276268821697
9.36454849498328 0.950699643287147
9.39799331103679 0.952085044373242
9.4314381270903 0.953433374688384
9.46488294314381 0.954745521592031
9.49832775919732 0.956022357085436
9.53177257525084 0.957264737730144
9.56521739130435 0.958473504592581
9.59866220735786 0.95964948321315
9.63210702341137 0.960793483598291
9.66555183946488 0.961906300234021
9.69899665551839 0.962988712119537
9.73244147157191 0.964041482819493
9.76588628762542 0.965065360533668
9.79933110367893 0.966061078182731
9.83277591973244 0.967029353508933
9.86622073578595 0.967970889190551
9.89966555183946 0.968886372969004
9.93311036789298 0.969776477787577
9.96655518394649 0.970641861940787
10 0.971483169233407
