1 1
1 1
1 1
1 1
1 1
1 1
1 1
1 1
1 1
1 1
1 1
0.961538461538462 1
0.903846153846154 1
0.865384615384615 1
0.846153846153846 1
0.846153846153846 1
0.826923076923077 0.979166666666667
0.730769230769231 0.979166666666667
0.711538461538462 0.979166666666667
0.711538461538462 0.979166666666667
0.711538461538462 0.979166666666667
0.711538461538462 0.979166666666667
0.711538461538462 0.979166666666667
0.692307692307692 0.979166666666667
0.692307692307692 0.979166666666667
0.673076923076923 0.979166666666667
0.634615384615385 0.979166666666667
0.634615384615385 0.979166666666667
0.615384615384615 0.979166666666667
0.615384615384615 0.979166666666667
0.615384615384615 0.979166666666667
0.615384615384615 0.979166666666667
0.615384615384615 0.979166666666667
0.596153846153846 0.979166666666667
0.596153846153846 0.979166666666667
0.596153846153846 0.979166666666667
0.596153846153846 0.979166666666667
0.596153846153846 0.958333333333333
0.596153846153846 0.958333333333333
0.596153846153846 0.958333333333333
0.596153846153846 0.958333333333333
0.596153846153846 0.958333333333333
0.596153846153846 0.958333333333333
0.576923076923077 0.958333333333333
0.557692307692308 0.958333333333333
0.557692307692308 0.958333333333333
0.538461538461538 0.958333333333333
0.538461538461538 0.958333333333333
0.519230769230769 0.958333333333333
0.519230769230769 0.958333333333333
0.519230769230769 0.958333333333333
0.519230769230769 0.958333333333333
0.519230769230769 0.958333333333333
0.519230769230769 0.958333333333333
0.5 0.958333333333333
0.5 0.958333333333333
0.5 0.958333333333333
0.480769230769231 0.958333333333333
0.461538461538462 0.958333333333333
0.461538461538462 0.958333333333333
0.461538461538462 0.958333333333333
0.461538461538462 0.958333333333333
0.461538461538462 0.958333333333333
0.442307692307692 0.958333333333333
0.442307692307692 0.958333333333333
0.442307692307692 0.958333333333333
0.423076923076923 0.958333333333333
0.423076923076923 0.958333333333333
0.423076923076923 0.958333333333333
0.423076923076923 0.958333333333333
0.403846153846154 0.958333333333333
0.384615384615385 0.958333333333333
0.365384615384615 0.958333333333333
0.365384615384615 0.958333333333333
0.365384615384615 0.958333333333333
0.365384615384615 0.958333333333333
0.365384615384615 0.958333333333333
0.365384615384615 0.958333333333333
0.365384615384615 0.958333333333333
0.346153846153846 0.958333333333333
0.346153846153846 0.958333333333333
0.346153846153846 0.958333333333333
0.346153846153846 0.958333333333333
0.346153846153846 0.958333333333333
0.346153846153846 0.958333333333333
0.346153846153846 0.958333333333333
0.346153846153846 0.958333333333333
0.346153846153846 0.958333333333333
0.346153846153846 0.958333333333333
0.346153846153846 0.958333333333333
0.346153846153846 0.958333333333333
0.346153846153846 0.958333333333333
0.346153846153846 0.958333333333333
0.346153846153846 0.958333333333333
0.346153846153846 0.958333333333333
0.346153846153846 0.958333333333333
0.346153846153846 0.958333333333333
0.346153846153846 0.958333333333333
0.346153846153846 0.958333333333333
0.346153846153846 0.958333333333333
0.346153846153846 0.958333333333333
0.346153846153846 0.958333333333333
0.346153846153846 0.958333333333333
0.346153846153846 0.958333333333333
0.346153846153846 0.958333333333333
0.346153846153846 0.958333333333333
0.346153846153846 0.958333333333333
0.346153846153846 0.958333333333333
0.346153846153846 0.958333333333333
0.346153846153846 0.958333333333333
0.346153846153846 0.958333333333333
0.346153846153846 0.958333333333333
0.346153846153846 0.958333333333333
0.346153846153846 0.958333333333333
0.346153846153846 0.958333333333333
0.346153846153846 0.958333333333333
0.346153846153846 0.958333333333333
0.346153846153846 0.958333333333333
0.346153846153846 0.958333333333333
0.346153846153846 0.958333333333333
0.346153846153846 0.958333333333333
0.346153846153846 0.958333333333333
0.346153846153846 0.958333333333333
0.346153846153846 0.958333333333333
0.346153846153846 0.958333333333333
0.346153846153846 0.958333333333333
0.346153846153846 0.958333333333333
0.346153846153846 0.958333333333333
0.346153846153846 0.958333333333333
0.346153846153846 0.958333333333333
0.346153846153846 0.958333333333333
0.346153846153846 0.958333333333333
0.346153846153846 0.958333333333333
0.346153846153846 0.958333333333333
0.346153846153846 0.958333333333333
0.346153846153846 0.958333333333333
0.346153846153846 0.958333333333333
0.346153846153846 0.958333333333333
0.346153846153846 0.958333333333333
0.346153846153846 0.958333333333333
0.346153846153846 0.958333333333333
0.346153846153846 0.958333333333333
0.346153846153846 0.958333333333333
0.346153846153846 0.958333333333333
0.346153846153846 0.958333333333333
0.346153846153846 0.958333333333333
0.346153846153846 0.958333333333333
0.346153846153846 0.958333333333333
0.326923076923077 0.958333333333333
0.326923076923077 0.958333333333333
0.326923076923077 0.958333333333333
0.326923076923077 0.958333333333333
0.326923076923077 0.958333333333333
0.326923076923077 0.958333333333333
0.326923076923077 0.958333333333333
0.326923076923077 0.958333333333333
0.326923076923077 0.958333333333333
0.326923076923077 0.958333333333333
0.307692307692308 0.958333333333333
0.307692307692308 0.958333333333333
0.307692307692308 0.958333333333333
0.307692307692308 0.958333333333333
0.307692307692308 0.958333333333333
0.307692307692308 0.958333333333333
0.307692307692308 0.958333333333333
0.307692307692308 0.958333333333333
0.288461538461538 0.958333333333333
0.288461538461538 0.958333333333333
0.269230769230769 0.958333333333333
0.269230769230769 0.958333333333333
0.269230769230769 0.958333333333333
0.269230769230769 0.958333333333333
0.269230769230769 0.958333333333333
0.25 0.958333333333333
0.25 0.958333333333333
0.25 0.958333333333333
0.25 0.958333333333333
0.25 0.958333333333333
0.25 0.958333333333333
0.25 0.958333333333333
0.25 0.958333333333333
0.25 0.958333333333333
0.25 0.958333333333333
0.25 0.958333333333333
0.25 0.958333333333333
0.25 0.958333333333333
0.25 0.958333333333333
0.25 0.958333333333333
0.25 0.958333333333333
0.25 0.958333333333333
0.25 0.958333333333333
0.25 0.958333333333333
0.25 0.9375
0.25 0.916666666666667
0.25 0.916666666666667
0.25 0.916666666666667
0.25 0.916666666666667
0.25 0.916666666666667
0.25 0.916666666666667
0.25 0.916666666666667
0.25 0.916666666666667
0.25 0.916666666666667
0.25 0.916666666666667
0.25 0.916666666666667
0.25 0.895833333333333
0.25 0.895833333333333
0.25 0.895833333333333
0.25 0.895833333333333
0.25 0.895833333333333
0.25 0.895833333333333
0.25 0.895833333333333
0.25 0.895833333333333
0.25 0.895833333333333
0.25 0.895833333333333
0.25 0.895833333333333
0.25 0.895833333333333
0.25 0.895833333333333
0.25 0.895833333333333
0.25 0.895833333333333
0.25 0.895833333333333
0.25 0.895833333333333
0.25 0.895833333333333
0.25 0.895833333333333
0.25 0.895833333333333
0.25 0.895833333333333
0.25 0.895833333333333
0.25 0.895833333333333
0.25 0.895833333333333
0.25 0.895833333333333
0.25 0.895833333333333
0.25 0.895833333333333
0.25 0.895833333333333
0.25 0.895833333333333
0.25 0.895833333333333
0.25 0.895833333333333
0.25 0.895833333333333
0.25 0.895833333333333
0.25 0.895833333333333
0.25 0.895833333333333
0.25 0.895833333333333
0.25 0.895833333333333
0.25 0.895833333333333
0.25 0.895833333333333
0.25 0.895833333333333
0.25 0.895833333333333
0.25 0.895833333333333
0.25 0.895833333333333
0.25 0.895833333333333
0.25 0.895833333333333
0.25 0.895833333333333
0.25 0.895833333333333
0.25 0.895833333333333
0.25 0.895833333333333
0.25 0.895833333333333
0.25 0.895833333333333
0.25 0.895833333333333
0.25 0.895833333333333
0.25 0.895833333333333
0.25 0.895833333333333
0.25 0.895833333333333
0.25 0.895833333333333
0.25 0.895833333333333
0.25 0.895833333333333
0.25 0.895833333333333
0.25 0.895833333333333
0.25 0.895833333333333
0.25 0.895833333333333
0.25 0.895833333333333
0.25 0.895833333333333
0.25 0.895833333333333
0.25 0.895833333333333
0.25 0.895833333333333
0.25 0.895833333333333
0.25 0.895833333333333
0.25 0.895833333333333
0.25 0.895833333333333
0.25 0.895833333333333
0.25 0.895833333333333
0.25 0.875
0.25 0.875
0.25 0.875
0.25 0.875
0.25 0.875
0.25 0.875
0.25 0.875
0.25 0.875
0.25 0.875
0.25 0.875
0.25 0.875
0.25 0.875
0.25 0.875
0.25 0.875
0.25 0.875
0.25 0.875
0.25 0.875
0.25 0.875
0.25 0.875
0.25 0.875
0.25 0.854166666666667
0.25 0.854166666666667
0.25 0.854166666666667
0.25 0.854166666666667
0.25 0.854166666666667
0.25 0.854166666666667
0.25 0.833333333333333
0.25 0.833333333333333
0.25 0.833333333333333
0.25 0.833333333333333
0.25 0.833333333333333
0.25 0.833333333333333
0.25 0.833333333333333
0.25 0.8125
0.25 0.8125
0.25 0.8125
0.25 0.8125
0.25 0.8125
0.25 0.8125
0.25 0.8125
0.25 0.8125
0.25 0.8125
0.25 0.8125
0.25 0.8125
0.25 0.8125
0.25 0.8125
0.25 0.8125
0.25 0.8125
0.25 0.8125
0.25 0.8125
0.25 0.8125
0.25 0.8125
0.25 0.8125
0.25 0.8125
0.25 0.8125
0.25 0.8125
0.25 0.8125
0.25 0.8125
0.25 0.791666666666667
0.25 0.791666666666667
0.25 0.791666666666667
0.25 0.791666666666667
0.25 0.791666666666667
0.25 0.791666666666667
0.25 0.791666666666667
0.25 0.791666666666667
0.25 0.791666666666667
0.25 0.791666666666667
0.25 0.791666666666667
0.25 0.791666666666667
0.25 0.791666666666667
0.25 0.791666666666667
0.25 0.791666666666667
0.25 0.791666666666667
0.25 0.791666666666667
0.25 0.791666666666667
0.25 0.791666666666667
0.25 0.791666666666667
0.25 0.791666666666667
0.25 0.791666666666667
0.25 0.791666666666667
0.25 0.791666666666667
0.25 0.791666666666667
0.25 0.791666666666667
0.25 0.791666666666667
0.25 0.791666666666667
0.25 0.791666666666667
0.25 0.791666666666667
0.25 0.791666666666667
0.25 0.791666666666667
0.25 0.791666666666667
0.25 0.791666666666667
0.25 0.791666666666667
0.25 0.770833333333333
0.25 0.770833333333333
0.25 0.770833333333333
0.25 0.770833333333333
0.25 0.770833333333333
0.25 0.770833333333333
0.25 0.770833333333333
0.25 0.770833333333333
0.25 0.770833333333333
0.25 0.770833333333333
0.25 0.770833333333333
0.25 0.770833333333333
0.25 0.770833333333333
0.25 0.770833333333333
0.25 0.770833333333333
0.25 0.770833333333333
0.25 0.770833333333333
0.25 0.770833333333333
0.25 0.770833333333333
0.25 0.770833333333333
0.25 0.770833333333333
0.25 0.770833333333333
0.25 0.770833333333333
0.25 0.770833333333333
0.25 0.770833333333333
0.25 0.770833333333333
0.25 0.770833333333333
0.25 0.770833333333333
0.230769230769231 0.770833333333333
0.230769230769231 0.770833333333333
0.230769230769231 0.770833333333333
0.230769230769231 0.770833333333333
0.230769230769231 0.770833333333333
0.230769230769231 0.770833333333333
0.230769230769231 0.770833333333333
0.230769230769231 0.770833333333333
0.230769230769231 0.770833333333333
0.230769230769231 0.770833333333333
0.230769230769231 0.770833333333333
0.230769230769231 0.770833333333333
0.230769230769231 0.75
0.230769230769231 0.75
0.230769230769231 0.75
0.230769230769231 0.75
0.230769230769231 0.75
0.230769230769231 0.75
0.230769230769231 0.75
0.230769230769231 0.75
0.230769230769231 0.75
0.230769230769231 0.75
0.230769230769231 0.75
0.230769230769231 0.75
0.230769230769231 0.75
0.230769230769231 0.75
0.230769230769231 0.75
0.230769230769231 0.75
0.230769230769231 0.75
0.230769230769231 0.75
0.230769230769231 0.75
0.230769230769231 0.75
0.230769230769231 0.75
0.230769230769231 0.75
0.230769230769231 0.75
0.230769230769231 0.75
0.230769230769231 0.75
0.230769230769231 0.75
0.230769230769231 0.75
0.230769230769231 0.729166666666667
0.230769230769231 0.729166666666667
0.230769230769231 0.729166666666667
0.230769230769231 0.729166666666667
0.230769230769231 0.729166666666667
0.230769230769231 0.729166666666667
0.230769230769231 0.729166666666667
0.230769230769231 0.708333333333333
0.230769230769231 0.708333333333333
0.230769230769231 0.708333333333333
0.230769230769231 0.708333333333333
0.230769230769231 0.708333333333333
0.230769230769231 0.708333333333333
0.230769230769231 0.708333333333333
0.230769230769231 0.708333333333333
0.230769230769231 0.708333333333333
0.230769230769231 0.708333333333333
0.230769230769231 0.708333333333333
0.230769230769231 0.708333333333333
0.211538461538462 0.708333333333333
0.211538461538462 0.708333333333333
0.211538461538462 0.708333333333333
0.211538461538462 0.708333333333333
0.211538461538462 0.708333333333333
0.211538461538462 0.708333333333333
0.211538461538462 0.708333333333333
0.211538461538462 0.708333333333333
0.211538461538462 0.708333333333333
0.211538461538462 0.708333333333333
0.211538461538462 0.6875
0.211538461538462 0.6875
0.211538461538462 0.6875
0.192307692307692 0.6875
0.192307692307692 0.6875
0.192307692307692 0.6875
0.192307692307692 0.6875
0.192307692307692 0.6875
0.192307692307692 0.6875
0.192307692307692 0.6875
0.173076923076923 0.6875
0.173076923076923 0.6875
0.173076923076923 0.6875
0.153846153846154 0.6875
0.153846153846154 0.6875
0.153846153846154 0.6875
0.153846153846154 0.6875
0.153846153846154 0.6875
0.153846153846154 0.6875
0.153846153846154 0.6875
0.153846153846154 0.6875
0.153846153846154 0.6875
0.153846153846154 0.666666666666667
0.153846153846154 0.666666666666667
0.153846153846154 0.666666666666667
0.153846153846154 0.666666666666667
0.153846153846154 0.666666666666667
0.153846153846154 0.645833333333333
0.153846153846154 0.645833333333333
0.134615384615385 0.645833333333333
0.134615384615385 0.645833333333333
0.134615384615385 0.645833333333333
0.134615384615385 0.645833333333333
0.134615384615385 0.645833333333333
0.134615384615385 0.645833333333333
0.134615384615385 0.645833333333333
0.134615384615385 0.645833333333333
0.134615384615385 0.645833333333333
0.134615384615385 0.645833333333333
0.134615384615385 0.645833333333333
0.134615384615385 0.645833333333333
0.134615384615385 0.645833333333333
0.134615384615385 0.645833333333333
0.134615384615385 0.645833333333333
0.134615384615385 0.645833333333333
0.134615384615385 0.645833333333333
0.134615384615385 0.645833333333333
0.134615384615385 0.645833333333333
0.134615384615385 0.645833333333333
0.134615384615385 0.645833333333333
0.134615384615385 0.645833333333333
0.134615384615385 0.645833333333333
0.134615384615385 0.645833333333333
0.134615384615385 0.645833333333333
0.134615384615385 0.645833333333333
0.115384615384615 0.645833333333333
0.115384615384615 0.645833333333333
0.115384615384615 0.645833333333333
0.115384615384615 0.645833333333333
0.0961538461538462 0.645833333333333
0.0961538461538462 0.645833333333333
0.0961538461538462 0.645833333333333
0.0961538461538462 0.645833333333333
0.0961538461538462 0.645833333333333
0.0961538461538462 0.645833333333333
0.0961538461538462 0.645833333333333
0.0961538461538462 0.645833333333333
0.0961538461538462 0.645833333333333
0.0961538461538462 0.645833333333333
0.0961538461538462 0.645833333333333
0.0961538461538462 0.645833333333333
0.0961538461538462 0.645833333333333
0.0961538461538462 0.645833333333333
0.0961538461538462 0.645833333333333
0.0961538461538462 0.645833333333333
0.0961538461538462 0.645833333333333
0.0961538461538462 0.645833333333333
0.0961538461538462 0.645833333333333
0.0961538461538462 0.645833333333333
0.0961538461538462 0.645833333333333
0.0961538461538462 0.645833333333333
0.0961538461538462 0.645833333333333
0.0961538461538462 0.645833333333333
0.0961538461538462 0.645833333333333
0.0961538461538462 0.645833333333333
0.0961538461538462 0.645833333333333
0.0961538461538462 0.645833333333333
0.0961538461538462 0.645833333333333
0.0961538461538462 0.645833333333333
0.0961538461538462 0.645833333333333
0.0961538461538462 0.645833333333333
0.0961538461538462 0.645833333333333
0.0961538461538462 0.645833333333333
0.0961538461538462 0.645833333333333
0.0961538461538462 0.645833333333333
0.0961538461538462 0.645833333333333
0.0961538461538462 0.645833333333333
0.0961538461538462 0.645833333333333
0.0961538461538462 0.645833333333333
0.0961538461538462 0.645833333333333
0.0961538461538462 0.645833333333333
0.0961538461538462 0.645833333333333
0.0961538461538462 0.645833333333333
0.0961538461538462 0.645833333333333
0.0961538461538462 0.645833333333333
0.0961538461538462 0.645833333333333
0.0961538461538462 0.645833333333333
0.0961538461538462 0.645833333333333
0.0961538461538462 0.645833333333333
0.0961538461538462 0.645833333333333
0.0961538461538462 0.645833333333333
0.0961538461538462 0.645833333333333
0.0961538461538462 0.645833333333333
0.0961538461538462 0.645833333333333
0.0961538461538462 0.645833333333333
0.0769230769230769 0.645833333333333
0.0769230769230769 0.645833333333333
0.0769230769230769 0.645833333333333
0.0769230769230769 0.645833333333333
0.0769230769230769 0.645833333333333
0.0769230769230769 0.645833333333333
0.0769230769230769 0.645833333333333
0.0769230769230769 0.645833333333333
0.0769230769230769 0.645833333333333
0.0769230769230769 0.645833333333333
0.0769230769230769 0.645833333333333
0.0769230769230769 0.645833333333333
0.0769230769230769 0.645833333333333
0.0769230769230769 0.645833333333333
0.0769230769230769 0.645833333333333
0.0769230769230769 0.645833333333333
0.0769230769230769 0.645833333333333
0.0769230769230769 0.645833333333333
0.0769230769230769 0.645833333333333
0.0769230769230769 0.645833333333333
0.0769230769230769 0.645833333333333
0.0769230769230769 0.645833333333333
0.0769230769230769 0.645833333333333
0.0769230769230769 0.645833333333333
0.0769230769230769 0.645833333333333
0.0769230769230769 0.645833333333333
0.0769230769230769 0.645833333333333
0.0769230769230769 0.645833333333333
0.0769230769230769 0.645833333333333
0.0769230769230769 0.645833333333333
0.0769230769230769 0.645833333333333
0.0769230769230769 0.645833333333333
0.0769230769230769 0.645833333333333
0.0769230769230769 0.645833333333333
0.0769230769230769 0.645833333333333
0.0769230769230769 0.625
0.0769230769230769 0.625
0.0769230769230769 0.625
0.0769230769230769 0.625
0.0769230769230769 0.625
0.0769230769230769 0.625
0.0769230769230769 0.625
0.0769230769230769 0.625
0.0769230769230769 0.625
0.0769230769230769 0.625
0.0769230769230769 0.625
0.0769230769230769 0.625
0.0769230769230769 0.625
0.0769230769230769 0.625
0.0769230769230769 0.625
0.0769230769230769 0.625
0.0769230769230769 0.625
0.0769230769230769 0.625
0.0769230769230769 0.625
0.0769230769230769 0.625
0.0769230769230769 0.625
0.0769230769230769 0.625
0.0769230769230769 0.625
0.0769230769230769 0.625
0.0769230769230769 0.625
0.0769230769230769 0.625
0.0769230769230769 0.625
0.0769230769230769 0.625
0.0769230769230769 0.625
0.0769230769230769 0.625
0.0769230769230769 0.625
0.0769230769230769 0.604166666666667
0.0769230769230769 0.604166666666667
0.0769230769230769 0.604166666666667
0.0769230769230769 0.583333333333333
0.0769230769230769 0.583333333333333
0.0769230769230769 0.583333333333333
0.0769230769230769 0.583333333333333
0.0769230769230769 0.583333333333333
0.0769230769230769 0.583333333333333
0.0769230769230769 0.583333333333333
0.0769230769230769 0.583333333333333
0.0769230769230769 0.583333333333333
0.0769230769230769 0.583333333333333
0.0769230769230769 0.583333333333333
0.0769230769230769 0.583333333333333
0.0769230769230769 0.583333333333333
0.0769230769230769 0.583333333333333
0.0769230769230769 0.583333333333333
0.0769230769230769 0.583333333333333
0.0769230769230769 0.583333333333333
0.0769230769230769 0.583333333333333
0.0769230769230769 0.583333333333333
0.0769230769230769 0.583333333333333
0.0769230769230769 0.583333333333333
0.0769230769230769 0.583333333333333
0.0769230769230769 0.583333333333333
0.0769230769230769 0.583333333333333
0.0769230769230769 0.583333333333333
0.0769230769230769 0.583333333333333
0.0769230769230769 0.583333333333333
0.0769230769230769 0.583333333333333
0.0769230769230769 0.583333333333333
0.0769230769230769 0.583333333333333
0.0769230769230769 0.583333333333333
0.0769230769230769 0.583333333333333
0.0769230769230769 0.583333333333333
0.0769230769230769 0.583333333333333
0.0769230769230769 0.583333333333333
0.0769230769230769 0.583333333333333
0.0769230769230769 0.583333333333333
0.0769230769230769 0.583333333333333
0.0769230769230769 0.583333333333333
0.0769230769230769 0.583333333333333
0.0769230769230769 0.583333333333333
0.0769230769230769 0.583333333333333
0.0769230769230769 0.583333333333333
0.0769230769230769 0.583333333333333
0.0769230769230769 0.5625
0.0769230769230769 0.5625
0.0769230769230769 0.5625
0.0769230769230769 0.5625
0.0769230769230769 0.5625
0.0769230769230769 0.5625
0.0769230769230769 0.5625
0.0769230769230769 0.5625
0.0769230769230769 0.5625
0.0769230769230769 0.5625
0.0769230769230769 0.5625
0.0769230769230769 0.5625
0.0769230769230769 0.5625
0.0769230769230769 0.5625
0.0769230769230769 0.5625
0.0769230769230769 0.5625
0.0576923076923077 0.5625
0.0576923076923077 0.541666666666667
0.0576923076923077 0.541666666666667
0.0576923076923077 0.520833333333333
0.0576923076923077 0.520833333333333
0.0576923076923077 0.520833333333333
0.0576923076923077 0.520833333333333
0.0576923076923077 0.520833333333333
0.0576923076923077 0.520833333333333
0.0576923076923077 0.520833333333333
0.0576923076923077 0.520833333333333
0.0576923076923077 0.520833333333333
0.0576923076923077 0.520833333333333
0.0576923076923077 0.520833333333333
0.0576923076923077 0.520833333333333
0.0576923076923077 0.520833333333333
0.0576923076923077 0.520833333333333
0.0576923076923077 0.5
0.0576923076923077 0.5
0.0576923076923077 0.479166666666667
0.0576923076923077 0.479166666666667
0.0576923076923077 0.479166666666667
0.0576923076923077 0.458333333333333
0.0576923076923077 0.458333333333333
0.0576923076923077 0.458333333333333
0.0576923076923077 0.458333333333333
0.0576923076923077 0.458333333333333
0.0576923076923077 0.458333333333333
0.0576923076923077 0.458333333333333
0.0576923076923077 0.458333333333333
0.0576923076923077 0.458333333333333
0.0576923076923077 0.458333333333333
0.0576923076923077 0.458333333333333
0.0576923076923077 0.458333333333333
0.0576923076923077 0.458333333333333
0.0576923076923077 0.458333333333333
0.0576923076923077 0.458333333333333
0.0576923076923077 0.458333333333333
0.0576923076923077 0.458333333333333
0.0576923076923077 0.458333333333333
0.0576923076923077 0.458333333333333
0.0576923076923077 0.458333333333333
0.0576923076923077 0.458333333333333
0.0576923076923077 0.458333333333333
0.0576923076923077 0.458333333333333
0.0576923076923077 0.458333333333333
0.0576923076923077 0.458333333333333
0.0576923076923077 0.458333333333333
0.0576923076923077 0.458333333333333
0.0576923076923077 0.458333333333333
0.0576923076923077 0.4375
0.0576923076923077 0.4375
0.0576923076923077 0.4375
0.0576923076923077 0.4375
0.0576923076923077 0.4375
0.0576923076923077 0.4375
0.0576923076923077 0.4375
0.0576923076923077 0.4375
0.0576923076923077 0.4375
0.0576923076923077 0.4375
0.0576923076923077 0.4375
0.0576923076923077 0.4375
0.0576923076923077 0.4375
0.0576923076923077 0.4375
0.0576923076923077 0.4375
0.0576923076923077 0.4375
0.0576923076923077 0.4375
0.0576923076923077 0.4375
0.0576923076923077 0.4375
0.0576923076923077 0.4375
0.0576923076923077 0.4375
0.0576923076923077 0.4375
0.0576923076923077 0.4375
0.0576923076923077 0.4375
0.0576923076923077 0.4375
0.0576923076923077 0.4375
0.0576923076923077 0.4375
0.0576923076923077 0.4375
0.0576923076923077 0.4375
0.0576923076923077 0.4375
0.0576923076923077 0.4375
0.0576923076923077 0.4375
0.0576923076923077 0.4375
0.0576923076923077 0.4375
0.0576923076923077 0.4375
0.0576923076923077 0.4375
0.0576923076923077 0.4375
0.0576923076923077 0.4375
0.0576923076923077 0.4375
0.0576923076923077 0.4375
0.0576923076923077 0.4375
0.0576923076923077 0.4375
0.0576923076923077 0.4375
0.0576923076923077 0.4375
0.0576923076923077 0.416666666666667
0.0576923076923077 0.416666666666667
0.0576923076923077 0.416666666666667
0.0576923076923077 0.416666666666667
0.0576923076923077 0.416666666666667
0.0576923076923077 0.416666666666667
0.0576923076923077 0.395833333333333
0.0576923076923077 0.395833333333333
0.0576923076923077 0.395833333333333
0.0576923076923077 0.375
0.0576923076923077 0.375
0.0576923076923077 0.375
0.0576923076923077 0.375
0.0576923076923077 0.375
0.0576923076923077 0.375
0.0576923076923077 0.375
0.0576923076923077 0.375
0.0576923076923077 0.375
0.0576923076923077 0.375
0.0576923076923077 0.375
0.0576923076923077 0.375
0.0576923076923077 0.375
0.0576923076923077 0.375
0.0576923076923077 0.375
0.0576923076923077 0.375
0.0576923076923077 0.375
0.0576923076923077 0.375
0.0576923076923077 0.375
0.0576923076923077 0.375
0.0384615384615385 0.375
0.0384615384615385 0.375
0.0384615384615385 0.375
0.0384615384615385 0.375
0.0384615384615385 0.354166666666667
0.0384615384615385 0.354166666666667
0.0384615384615385 0.354166666666667
0.0384615384615385 0.354166666666667
0.0384615384615385 0.354166666666667
0.0384615384615385 0.354166666666667
0.0384615384615385 0.354166666666667
0.0384615384615385 0.354166666666667
0.0384615384615385 0.354166666666667
0.0384615384615385 0.354166666666667
0.0384615384615385 0.354166666666667
0.0384615384615385 0.354166666666667
0.0384615384615385 0.354166666666667
0.0384615384615385 0.333333333333333
0.0384615384615385 0.333333333333333
0.0384615384615385 0.333333333333333
0.0384615384615385 0.333333333333333
0.0384615384615385 0.333333333333333
0.0384615384615385 0.333333333333333
0.0384615384615385 0.333333333333333
0.0384615384615385 0.333333333333333
0.0384615384615385 0.333333333333333
0.0384615384615385 0.333333333333333
0.0384615384615385 0.333333333333333
0.0384615384615385 0.333333333333333
0.0384615384615385 0.333333333333333
0.0384615384615385 0.333333333333333
0.0384615384615385 0.333333333333333
0.0384615384615385 0.333333333333333
0.0384615384615385 0.333333333333333
0.0384615384615385 0.333333333333333
0.0384615384615385 0.333333333333333
0.0384615384615385 0.3125
0.0384615384615385 0.3125
0.0384615384615385 0.3125
0.0384615384615385 0.3125
0.0384615384615385 0.3125
0.0384615384615385 0.3125
0.0384615384615385 0.3125
0.0384615384615385 0.3125
0.0384615384615385 0.3125
0.0384615384615385 0.3125
0.0384615384615385 0.3125
0.0384615384615385 0.3125
0.0384615384615385 0.3125
0.0384615384615385 0.3125
0.0384615384615385 0.3125
0.0384615384615385 0.3125
0.0384615384615385 0.3125
0.0384615384615385 0.3125
0.0384615384615385 0.3125
0.0384615384615385 0.3125
0.0384615384615385 0.3125
0.0384615384615385 0.3125
0.0384615384615385 0.3125
0.0384615384615385 0.3125
0.0384615384615385 0.3125
0.0384615384615385 0.3125
0.0384615384615385 0.3125
0.0384615384615385 0.3125
0.0384615384615385 0.3125
0.0384615384615385 0.3125
0.0384615384615385 0.3125
0.0384615384615385 0.3125
0.0384615384615385 0.3125
0.0384615384615385 0.3125
0.0384615384615385 0.291666666666667
0.0384615384615385 0.291666666666667
0.0384615384615385 0.291666666666667
0.0384615384615385 0.291666666666667
0.0384615384615385 0.291666666666667
0.0384615384615385 0.270833333333333
0.0384615384615385 0.25
0.0384615384615385 0.25
0.0384615384615385 0.25
0.0384615384615385 0.229166666666667
0.0384615384615385 0.208333333333333
0.0384615384615385 0.1875
0.0384615384615385 0.1875
0.0384615384615385 0.1875
0.0384615384615385 0.166666666666667
0.0384615384615385 0.145833333333333
0.0384615384615385 0.145833333333333
0.0384615384615385 0.145833333333333
0.0384615384615385 0.145833333333333
0.0384615384615385 0.145833333333333
0.0384615384615385 0.145833333333333
0.0384615384615385 0.145833333333333
0.0384615384615385 0.145833333333333
0.0384615384615385 0.125
0.0384615384615385 0.104166666666667
0.0384615384615385 0.104166666666667
0.0384615384615385 0.104166666666667
0.0384615384615385 0.104166666666667
0.0384615384615385 0.104166666666667
0.0384615384615385 0.104166666666667
0.0384615384615385 0.0833333333333333
0.0384615384615385 0.0833333333333333
0.0384615384615385 0.0625
0.0384615384615385 0.0208333333333333
0.0192307692307692 0.0208333333333333
0.0192307692307692 0.0208333333333333
0.0192307692307692 0.0208333333333333
0.0192307692307692 0.0208333333333333
0.0192307692307692 0.0208333333333333
0.0192307692307692 0.0208333333333333
0.0192307692307692 0.0208333333333333
0.0192307692307692 0
0 0
0 0
0 0
0 0
0 0
0 0
0 0
0 0
0 0
0 0
0 0
0 0
0 0
0 0
0 0
0 0
0 0
0 0
0 0
0 0
0 0
0 0
0 0
0 0
0 0
0 0
0 0
0 0
0 0
0 0
0 0
0 0
0 0
0 0
0 0
0 0
0 0
0 0
0 0
0 0
0 0
0 0
0 0
0 0
0 0
0 0
0 0
0 0
0 0
0 0
0 0
0 0
0 0
0 0
