0 0.0105720066152711
0.0334448160535117 0.0108573364258368
0.0668896321070234 0.0111502802708281
0.100334448160535 0.0114510365868803
0.133779264214047 0.0117598087230642
0.167224080267559 0.0120768050482512
0.20066889632107 0.012402239060023
0.234113712374582 0.0127363294950956
0.267558528428094 0.0130793004412307
0.301003344481605 0.0134313814505943
0.334448160535117 0.0137928076545265
0.367892976588629 0.0141638198796744
0.40133779264214 0.0145446647654406
0.434782608695652 0.0149355948826905
0.468227424749164 0.0153368688536583
0.501672240802676 0.0157487514729844
0.535117056856187 0.0161715138298119
0.568561872909699 0.016605433430861
0.602006688963211 0.0170507943243961
0.635451505016722 0.0175078872249906
0.668896321070234 0.0179770096389879
0.702341137123746 0.0184584659905492
0.735785953177257 0.0189525677481684
0.769230769230769 0.0194596335515284
0.802675585284281 0.0199799893385619
0.836120401337793 0.0205139684725686
0.869565217391304 0.021061911869235
0.903010033444816 0.0216241681233867
0.936454849498328 0.0222010936352971
0.969899665551839 0.0227930527363606
1.00334448160535 0.0234004178139288
1.03678929765886 0.0240235694350948
1.07023411371237 0.0246628964691972
1.10367892976589 0.0253187962088026
1.1371237458194 0.0259916744889092
1.17056856187291 0.0266819458041025
1.20401337792642 0.0273900334233758
1.23745819397993 0.0281163695023139
1.27090301003344 0.0288613951923217
1.30434782608696 0.0296255607465624
1.33779264214047 0.0304093256222525
1.37123745819398 0.0312131585789433
1.40468227424749 0.0320375377723984
1.438127090301 0.0328829508436603
1.47157190635451 0.0337498950028772
1.50501672240803 0.0346388771074416
1.53846153846154 0.0355504137339735
1.57190635451505 0.036485031243657
1.60535117056856 0.0374432658404198
1.63879598662207 0.0384256636214237
1.67224080267559 0.0394327806193086
1.7056856187291 0.0404651828356158
1.73913043478261 0.0415234462647862
1.77257525083612 0.042608156908114
1.80602006688963 0.0437199107770063
1.83946488294314 0.0448593138848804
1.87290969899666 0.0460269822270052
1.90635451505017 0.0472235417475705
1.93979933110368 0.0484496282932441
1.97324414715719 0.0497058875524557
2.0066889632107 0.0509929749796209
2.04013377926421 0.0523115557035003
2.07357859531773 0.0536623044188631
2.10702341137124 0.0550459052606072
2.14046822742475 0.0564630516594657
2.17391304347826 0.0579144461784117
2.20735785953177 0.0594008003288536
2.24080267558528 0.0609228343657
2.2742474916388 0.0624812770603531
2.30769230769231 0.0640768654506817
2.34113712374582 0.0657103445670074
2.37458193979933 0.0673824671331331
2.40802675585284 0.0690939932414331
2.44147157190635 0.0708456900010181
2.47491638795987 0.0726383311579906
2.50836120401338 0.074472696686803
2.54180602006689 0.0763495723517367
2.5752508361204 0.0782697492375295
2.60869565217391 0.0802340232481889
2.64214046822742 0.0822431945730438
2.67558528428094 0.084298067119111
2.70903010033445 0.0863994479088736
2.74247491638796 0.0885481464426006
2.77591973244147 0.0907449740243737
2.80936454849498 0.0929907430510235
2.84280936454849 0.0952862662632303
2.87625418060201 0.0976323559580926
2.90969899665552 0.100029823162528
2.94314381270903 0.102479476766941
2.97658862876254 0.104982122618655
3.01003344481605 0.107538562574705
3.04347826086956 0.110149593513651
3.07692307692308 0.112816006306202
3.11036789297659 0.1155385847445
3.1438127090301 0.118318104430073
3.17725752508361 0.12115533162056
3.21070234113712 0.124051022035435
3.24414715719064 0.127005919621117
3.27759197324415 0.130020755275989
3.31103678929766 0.133096245535989
3.34448160535117 0.136233091221637
3.37792642140468 0.139431976047483
3.41137123745819 0.142693565195197
3.44481605351171 0.146018503851657
3.47826086956522 0.149407415713629
3.51170568561873 0.15286090146081
3.54515050167224 0.156379537199218
3.57859531772575 0.159963872877149
3.61204013377926 0.163614430676104
3.64548494983278 0.167331703379348
3.67892976588629 0.171116152720986
3.7123745819398 0.17496820771865
3.74581939799331 0.17888826299316
3.77926421404682 0.182876677078726
3.81270903010033 0.186933770727517
3.84615384615385 0.191059825212634
3.87959866220736 0.195255080633769
3.91304347826087 0.199519734230058
3.94648829431438 0.203853938704825
3.97993311036789 0.208257800567179
4.0133779264214 0.212731378495572
4.04682274247492 0.21727468172864
4.08026755852843 0.221887668488837
4.11371237458194 0.226570244444512
4.14715719063545 0.231322261216229
4.18060200668896 0.236143514933258
4.21404682274247 0.241033744846283
4.24749163879599 0.245992632002415
4.2809364548495 0.251019797988715
4.31438127090301 0.256114803750392
4.34782608695652 0.261277148489922
4.38127090301003 0.266506268653235
4.41471571906354 0.271801537009111
4.44816053511706 0.277162261827815
4.48160535117057 0.282587686164876
4.51505016722408 0.288076987255766
4.54849498327759 0.293629276027031
4.5819397993311 0.299243596729222
4.61538461538461 0.304918926696653
4.64882943143813 0.310654176238795
4.68227424749164 0.316448188667687
4.71571906354515 0.322299740465438
4.74916387959866 0.328207541595453
4.78260869565217 0.334170235960583
4.81605351170569 0.340186402010915
4.8494983277592 0.346254553503427
4.88294314381271 0.352373140415187
4.91638795986622 0.358540550011209
4.94983277591973 0.364755108067512
4.98327759197324 0.371015080249303
5.01672240802676 0.377318673643593
5.05016722408027 0.383664038444911
5.08361204013378 0.390049269792138
5.11705685618729 0.39647240975382
5.1505016722408 0.40293144945867
5.18394648829431 0.409424331367312
5.21739130434783 0.415948951680652
5.25083612040134 0.422503162879655
5.28428093645485 0.429084776390654
5.31772575250836 0.435691565369714
5.35117056856187 0.442321267599018
5.38461538461538 0.448971588487637
5.4180602006689 0.455640204168593
5.45150501672241 0.462324764683562
5.48494983277592 0.469022897246182
5.51839464882943 0.475732209574485
5.55183946488294 0.482450293282635
5.58528428093645 0.489174727321833
5.61872909698997 0.495903081460013
5.65217391304348 0.50263291978972
5.68561872909699 0.509361804253444
5.7190635451505 0.516087298175562
5.75250836120401 0.522806969790034
5.78595317725753 0.529518395752999
5.81939799331104 0.536219164629502
5.85284280936455 0.542906880343739
5.88628762541806 0.549579165582358
5.91973244147157 0.556233665140642
5.95317725752508 0.56286804920167
5.9866220735786 0.569480016538914
6.02006688963211 0.576067297633104
6.05351170568562 0.58262765769467
6.08695652173913 0.589158899583491
6.12040133779264 0.595658866618254
6.15384615384615 0.602125445268234
6.18729096989967 0.608556567720896
6.22073578595318 0.614950214319325
6.25418060200669 0.621304415864106
6.2876254180602 0.62761725577491
6.32107023411371 0.633886872107692
6.35451505016722 0.640111459424078
6.38795986622074 0.646289270510146
6.42140468227425 0.652418617942478
6.45484949832776 0.658497875500022
6.48829431438127 0.66452547942093
6.52173913043478 0.670499929504144
6.55518394648829 0.676419790056173
6.58862876254181 0.682283690684018
6.62207357859532 0.688090326935836
6.65551839464883 0.693838460791426
6.68896321070234 0.69952692100516
6.72240802675585 0.705154603304458
6.75585284280936 0.710720470447345
6.78929765886288 0.716223552143067
6.82274247491639 0.721662944840096
6.8561872909699 0.727037811386226
6.88963210702341 0.73234738056576
6.92307692307692 0.737590946519054
6.95652173913043 0.742767868049942
6.98996655518395 0.747877567826742
7.02341137123746 0.75291953148273
7.05685618729097 0.757893306622097
7.09030100334448 0.762798501737467
7.12374581939799 0.767634785045186
7.1571906354515 0.772401883244556
7.19063545150502 0.777099580207224
7.22408026755853 0.781727715602925
7.25752508361204 0.78628618346768
7.29096989966555 0.790774930720529
7.32441471571906 0.795193955634733
7.35785953177257 0.799543306269277
7.39130434782609 0.803823078866381
7.4247491638796 0.80803341622053
7.45819397993311 0.812174506024403
7.49163879598662 0.81624657919686
7.52508361204013 0.820249908197971
7.55852842809364 0.824184805335848
7.59197324414716 0.828051621069835
7.62541806020067 0.831850742314372
7.65886287625418 0.835582590747642
7.69230769230769 0.839247621128861
7.7257525083612 0.842846319627839
7.75919732441471 0.846379202170215
7.79264214046823 0.849846812801527
7.82608695652174 0.853249722073039
7.85953177257525 0.85658852545204
7.89297658862876 0.859863841759067
7.92642140468227 0.863076311634327
7.95986622073579 0.866226596035328
7.9933110367893 0.869315374767567
8.02675585284281 0.872343345049874
8.06020066889632 0.875311220115848
8.09364548494983 0.87821972785261
8.12709030100334 0.881069609477936
8.16053511705686 0.883861618256628
8.19397993311037 0.886596518256855
8.22742474916388 0.889275083147009
8.26086956521739 0.89189809503348
8.2943143812709 0.894466343339626
8.32775919732441 0.896980623726068
8.36120401337793 0.899441737052325
8.39464882943144 0.90185048837968
8.42809364548495 0.904207686015088
8.46153846153846 0.906514140595795
8.49498327759197 0.908770664214294
8.52842809364548 0.910978069583127
8.561872909699 0.913137169238987
8.59531772575251 0.915248774785492
8.62876254180602 0.917313696173951
8.66220735785953 0.919332741021391
8.69565217391304 0.921306713965047
8.72909698996656 0.923236416052504
8.76254180602007 0.925122644166613
8.79598662207358 0.92696619048429
8.82943143812709 0.928767841968287
8.8628762541806 0.930528379890976
8.89632107023411 0.9322485793892
8.92976588628762 0.933929209049216
8.96321070234114 0.935571030520745
8.99665551839465 0.937174798159152
9.03010033444816 0.93874125869476
9.06354515050167 0.940271150928324
9.09698996655518 0.941765205451664
9.1304347826087 0.943224144392508
9.16387959866221 0.944648681182558
9.19732441471572 0.946039520347829
9.23076923076923 0.947397357320334
9.26421404682274 0.948722878270163
9.29765886287625 0.950016759957073
9.33110367892977 0.951279669600672
9.36454849498328 0.952512264768342
9.39799331103679 0.953715193280035
9.4314381270903 0.954889093129119
9.46488294314381 0.956034592418449
9.49832775919732 0.957152309310887
9.53177257525084 0.958242851993496
9.56521739130435 0.959306818654662
9.59866220735786 0.960344797473431
9.63210702341137 0.961357366620355
9.66555183946488 0.962345094269171
9.69899665551839 0.963308538618674
9.73244147157191 0.964248247924136
9.76588628762542 0.965164760537684
9.79933110367893 0.966058604957046
9.83277591973244 0.966930299882101
9.86622073578595 0.967780354278702
9.89966555183946 0.968609267449261
9.93311036789298 0.969417529109583
9.96655518394649 0.970205619471498
10 0.970974009330824
