0 0.0109173469327128
0.0334448160535117 0.0112090250614062
0.0668896321070234 0.0115084052658538
0.100334448160535 0.0118156860217643
0.133779264214047 0.012131070654083
0.167224080267559 0.0124547674410362
0.20066889632107 0.0127869897196007
0.234113712374582 0.0131279559923699
0.267558528428094 0.0134778900357825
0.301003344481605 0.013837021009674
0.334448160535117 0.0142055835681111
0.367892976588629 0.0145838179714593
0.40133779264214 0.0149719701996325
0.434782608695652 0.0153702920664676
0.468227424749164 0.0157790413351595
0.501672240802676 0.0161984818346889
0.535117056856187 0.0166288835771672
0.568561872909699 0.0170705228760174
0.602006688963211 0.0175236824649018
0.635451505016722 0.0179886516173017
0.668896321070234 0.0184657262666457
0.702341137123746 0.018955209126876
0.735785953177257 0.0194574098133329
0.769230769230769 0.0199726449638303
0.802675585284281 0.0205012383597845
0.836120401337793 0.0210435210472511
0.869565217391304 0.0215998314577123
0.903010033444816 0.0221705155284491
0.936454849498328 0.0227559268223204
0.969899665551839 0.0233564266467606
1.00334448160535 0.0239723841717953
1.03678929765886 0.0246041765468628
1.07023411371237 0.025252189016216
1.10367892976589 0.0259168150326665
1.1371237458194 0.0265984563694193
1.17056856187291 0.0272975232297315
1.20401337792642 0.0280144343541155
1.23745819397993 0.0287496171247888
1.27090301003344 0.0295035076670622
1.30434782608696 0.0302765509473359
1.33779264214047 0.031069200867361
1.37123745819398 0.0318819203544052
1.40468227424749 0.0327151814469429
1.438127090301 0.0335694653754747
1.47157190635451 0.0344452626380585
1.50501672240803 0.0353430730701203
1.53846153846154 0.0362634059080895
1.57190635451505 0.0372067798463856
1.60535117056856 0.0381737230872637
1.63879598662207 0.039164773383003
1.67224080267559 0.0401804780699053
1.7056856187291 0.0412213940935464
1.73913043478261 0.0422880880247039
1.77257525083612 0.0433811360653631
1.80602006688963 0.0445011240441805
1.83946488294314 0.0456486474007633
1.87290969899666 0.0468243111581024
1.90635451505017 0.0480287298824744
1.93979933110368 0.0492625276301051
1.97324414715719 0.0505263378798706
2.0066889632107 0.0518208034512859
2.04013377926421 0.0531465764070151
2.07357859531773 0.054504317939115
2.10702341137124 0.0558946982382077
2.14046822742475 0.0573183963447559
2.17391304347826 0.0587760999816025
2.20735785953177 0.0602685053669155
2.24080267558528 0.0617963170066677
2.2742474916388 0.0633602474657671
2.30769230769231 0.0649610171169399
2.34113712374582 0.0665993538664627
2.37458193979933 0.0682759928558281
2.40802675585284 0.0699916761384261
2.44147157190635 0.0717471523303191
2.47491638795987 0.0735431762341868
2.50836120401338 0.0753805084355238
2.54180602006689 0.0772599148701717
2.5752508361204 0.0791821663622851
2.60869565217391 0.0811480381318357
2.64214046822742 0.0831583092707797
2.67558528428094 0.0852137621870347
2.70903010033445 0.0873151820154335
2.74247491638796 0.0894633559948587
2.77591973244147 0.0916590728107901
2.80936454849498 0.0939031219025414
2.84280936454849 0.0961962927345086
2.87625418060201 0.0985393740308006
2.90969899665552 0.100933152972685
2.94314381270903 0.103378414358342
2.97658862876254 0.105875939724493
3.01003344481605 0.108426506429544
3.04347826086956 0.111030886697978
3.07692307692308 0.113689846625805
3.11036789297659 0.116404145147
3.1438127090301 0.119174532960944
3.17725752508361 0.122001751421016
3.21070234113712 0.124886531384592
3.24414715719064 0.127829592024848
3.27759197324415 0.130831639604895
3.31103678929766 0.133893366214924
3.34448160535117 0.13701544847319
3.37792642140468 0.140198546191824
3.41137123745819 0.143443301008643
3.44481605351171 0.146750334986274
3.47826086956522 0.150120249180135
3.51170568561873 0.153553622176962
3.54515050167224 0.157051008605791
3.57859531772575 0.160612937623496
3.61204013377926 0.164239911377199
3.64548494983278 0.167932403446057
3.67892976588629 0.171690857265172
3.7123745819398 0.175515684534554
3.74581939799331 0.179407263616314
3.77926421404682 0.183365937923459
3.81270903010033 0.187392014303891
3.84615384615385 0.191485761423417
3.87959866220736 0.195647408151802
3.91304347826087 0.199877141956084
3.94648829431438 0.204175107305601
3.97993311036789 0.208541404093338
4.0133779264214 0.212976086078422
4.04682274247492 0.217479159354743
4.08026755852843 0.222050580850848
4.11371237458194 0.226690256866411
4.14715719063545 0.231398041650709
4.18060200668896 0.236173736028641
4.21404682274247 0.241017086079938
4.24749163879599 0.245927781877278
4.2809364548495 0.250905456289073
4.31438127090301 0.255949683852735
4.34782608695652 0.261059979724207
4.38127090301003 0.266235798709548
4.41471571906354 0.271476534384294
4.44816053511706 0.276781518306237
4.48160535117057 0.282150019327147
4.51505016722408 0.287581243008829
4.54849498327759 0.293074331148726
4.5819397993311 0.298628361420054
4.61538461538461 0.304242347131233
4.64882943143813 0.309915237109098
4.68227424749164 0.315645915710046
4.71571906354515 0.321433202962956
4.74916387959866 0.327275854847327
4.78260869565217 0.333172563709689
4.81605351170569 0.339121958820882
4.8494983277592 0.345122607076365
4.88294314381271 0.351173013841199
4.91638795986622 0.357271623940842
4.94983277591973 0.363416822798368
4.98327759197324 0.369606937718138
5.01672240802676 0.3758402393154
5.05016722408027 0.382114943090703
5.08361204013378 0.388429211147392
5.11705685618729 0.39478115404988
5.1505016722408 0.40116883281975
5.18394648829431 0.407590261066147
5.21739130434783 0.414043407246334
5.25083612040134 0.420526197051646
5.28428093645485 0.427036515913548
5.31772575250836 0.433572211623884
5.35117056856187 0.440131097062905
5.38461538461538 0.446710953028106
5.4180602006689 0.453309531156434
5.45150501672241 0.459924556931957
5.48494983277592 0.466553732770645
5.51839464882943 0.473194741173565
5.55183946488294 0.479845247939395
5.58528428093645 0.486502905426909
5.61872909698997 0.493165355857786
5.65217391304348 0.499830234649924
5.68561872909699 0.506495173771257
5.7190635451505 0.513157805103987
5.75250836120401 0.51981576380907
5.78595317725753 0.52646669168081
5.81939799331104 0.533108240481459
5.85284280936455 0.539738075245826
5.88628762541806 0.546353877546037
5.91973244147157 0.55295334870684
5.95317725752508 0.559534212962026
5.9866220735786 0.566094220542924
6.02006688963211 0.572631150690198
6.05351170568562 0.579142814580599
6.08695652173913 0.585627058160748
6.12040133779264 0.592081764880468
6.15384615384615 0.598504858318686
6.18729096989967 0.604894304695452
6.22073578595318 0.611248115264151
6.25418060200669 0.617564348578555
6.2876254180602 0.623841112629962
6.32107023411371 0.630076566850224
6.35451505016722 0.636268923977116
6.38795986622074 0.642416451779065
6.42140468227425 0.648517474636899
6.45484949832776 0.654570374980855
6.48829431438127 0.660573594581703
6.52173913043478 0.666525635695427
6.55518394648829 0.672425062061469
6.58862876254181 0.678270499755121
6.62207357859532 0.684060637895161
6.65551839464883 0.689794229208375
6.68896321070234 0.695470090453084
6.72240802675585 0.701087102704253
6.75585284280936 0.706644211503222
6.78929765886288 0.712140426875476
6.82274247491639 0.717574823220271
6.8561872909699 0.722946539076268
6.88963210702341 0.728254776767633
6.92307692307692 0.733498801935355
6.95652173913043 0.738677942958753
6.98996655518395 0.743791590272393
7.02341137123746 0.748839195583771
7.05685618729097 0.753820270997295
7.09030100334448 0.758734388050203
7.12374581939799 0.763581176666143
7.1571906354515 0.768360324032171
7.19063545150502 0.773071573404998
7.22408026755853 0.777714722852255
7.25752508361204 0.782289623934565
7.29096989966555 0.786796180334138
7.32441471571906 0.791234346435529
7.35785953177257 0.795604125864119
7.39130434782609 0.799905569987739
7.4247491638796 0.804138776386765
7.45819397993311 0.808303887297816
7.49163879598662 0.812401088036062
7.52508361204013 0.81643060540097
7.55852842809364 0.820392706070105
7.59197324414716 0.82428769498545
7.62541806020067 0.828115913736474
7.65886287625418 0.831877738943981
7.69230769230769 0.835573580648578
7.7257525083612 0.839203880707354
7.75919732441471 0.842769111202164
7.79264214046823 0.846269772862707
7.82608695652174 0.849706393507333
7.85953177257525 0.85307952650434
7.89297658862876 0.856389749256274
7.92642140468227 0.859637661709568
7.95986622073579 0.862823884891615
7.9933110367893 0.865949059477204
8.02675585284281 0.869013844386021
8.06020066889632 0.872018915412762
8.09364548494983 0.874964963891178
8.12709030100334 0.877852695393248
8.16053511705686 0.88068282846446
8.19397993311037 0.883456093396037
8.22742474916388 0.886173231034816
8.26086956521739 0.888834991631287
8.2943143812709 0.89144213372621
8.32775919732441 0.893995423076076
8.36120401337793 0.896495631617553
8.39464882943144 0.898943536470956
8.42809364548495 0.901339918982651
8.46153846153846 0.903685563806237
8.49498327759197 0.90598125802222
8.52842809364548 0.908227790295831
8.561872909699 0.910425950072572
8.59531772575251 0.912576526810957
8.62876254180602 0.914680309251914
8.66220735785953 0.916738084724203
8.69565217391304 0.918750638485184
8.72909698996656 0.920718753096206
8.76254180602007 0.922643207831855
8.79598662207358 0.924524778122275
8.82943143812709 0.92636423502771
8.8628762541806 0.928162344744435
8.89632107023411 0.929919868141192
8.92976588628762 0.931637560325237
8.96321070234114 0.9333161702371
8.99665551839465 0.934956440273139
9.03010033444816 0.93655910593497
9.06354515050167 0.93812489550485
9.09698996655518 0.939654529746096
9.1304347826087 0.941148721627606
9.16387959866221 0.942608176071595
9.19732441471572 0.944033589723604
9.23076923076923 0.945425650743918
9.26421404682274 0.946785038619493
9.29765886287625 0.94811242399551
9.33110367892977 0.949408468525725
9.36454849498328 0.950673824740744
9.39799331103679 0.95190913593342
9.4314381270903 0.95311503606055
9.46488294314381 0.954292149660099
9.49832775919732 0.955441091783166
9.53177257525084 0.956562467939956
9.56521739130435 0.957656874059023
9.59866220735786 0.958724896459083
9.63210702341137 0.959767111832705
9.66555183946488 0.960784087241224
9.69899665551839 0.961776380120219
9.73244147157191 0.962744538294954
9.76588628762542 0.963689100005169
9.79933110367893 0.964610593938645
9.83277591973244 0.965509539272988
9.86622073578595 0.966386445725099
9.89966555183946 0.967241813607807
9.93311036789298 0.968076133893179
9.96655518394649 0.968889888282025
10 0.969683549279151
