0 0.0100887535953676
0.0334448160535117 0.0103585375414476
0.0668896321070234 0.0106354582862575
0.100334448160535 0.010919700427113
0.133779264214047 0.0112114531088015
0.167224080267559 0.0115109101232383
0.20066889632107 0.0118182700106163
0.234113712374582 0.0121337361620321
0.267558528428094 0.0124575169235628
0.301003344481605 0.0127898257017703
0.334448160535117 0.0131308810706013
0.367892976588629 0.0134809068796494
0.40133779264214 0.0138401323637411
0.434782608695652 0.0142087922538039
0.468227424749164 0.0145871268889676
0.501672240802676 0.0149753823298479
0.535117056856187 0.0153738104729538
0.568561872909699 0.0157826691661563
0.602006688963211 0.0162022223251485
0.635451505016722 0.016632740050823
0.668896321070234 0.0170744987474845
0.702341137123746 0.0175277812418082
0.735785953177257 0.0179928769024504
0.769230769230769 0.0184700817602064
0.802675585284281 0.0189596986286049
0.836120401337793 0.0194620372248208
0.869565217391304 0.0199774142907766
0.903010033444816 0.0205061537142969
0.936454849498328 0.0210485866501687
0.969899665551839 0.0216050516409514
1.00334448160535 0.0221758947373692
1.03678929765886 0.0227614696181091
1.07023411371237 0.0233621377088354
1.10367892976589 0.0239782683002198
1.1371237458194 0.0246102386647754
1.17056856187291 0.0252584341722679
1.20401337792642 0.025923248403467
1.23745819397993 0.026605083261985
1.27090301003344 0.0273043490839366
1.30434782608696 0.0280214647451391
1.33779264214047 0.0287568577655571
1.37123745819398 0.0295109644106798
1.40468227424749 0.0302842297895032
1.438127090301 0.031077107948774
1.47157190635451 0.0318900619631311
1.50501672240803 0.0327235640207687
1.53846153846154 0.0335780955042219
1.57190635451505 0.0344541470658595
1.60535117056856 0.0353522186976499
1.63879598662207 0.0362728197947458
1.67224080267559 0.0372164692124137
1.7056856187291 0.0381836953158148
1.73913043478261 0.0391750360221229
1.77257525083612 0.0401910388344429
1.80602006688963 0.041232260866976
1.83946488294314 0.0422992688608523
1.87290969899666 0.0433926391900319
1.90635451505017 0.0445129578566556
1.93979933110368 0.0456608204752018
1.97324414715719 0.0468368322447866
2.0066889632107 0.0480416079089221
2.04013377926421 0.0492757717020267
2.07357859531773 0.0505399572819603
2.10702341137124 0.0518348076478361
2.14046822742475 0.0531609750423415
2.17391304347826 0.0545191208377805
2.20735785953177 0.0559099154050305
2.24080267558528 0.0573340379645909
2.2742474916388 0.058792176418879
2.30769230769231 0.0602850271649199
2.34113712374582 0.0618132948865549
2.37458193979933 0.0633776923252851
2.40802675585284 0.0649789400288537
2.44147157190635 0.0666177660766605
2.47491638795987 0.0682949057810939
2.50836120401338 0.0700111013638626
2.54180602006689 0.0717671016064033
2.5752508361204 0.0735636614734426
2.60869565217391 0.0754015417087922
2.64214046822742 0.0772815084024644
2.67558528428094 0.0792043325282005
2.70903010033445 0.0811707894505216
2.74247491638796 0.0831816584004251
2.77591973244147 0.0852377219188713
2.80936454849498 0.0873397652672316
2.84280936454849 0.089488575803898
2.87625418060201 0.0916849423262892
2.90969899665552 0.0939296543775286
2.94314381270903 0.0962235015171175
2.97658862876254 0.0985672725549743
3.01003344481605 0.100961754748273
3.04347826086956 0.103407732960576
3.07692307692308 0.105905988782824
3.11036789297659 0.108457299615833
3.1438127090301 0.111062437714021
3.17725752508361 0.113722169190187
3.21070234113712 0.116437252981264
3.24414715719064 0.11920843977507
3.27759197324415 0.122036470898195
3.31103678929766 0.124922077165298
3.34448160535117 0.127865977690201
3.37792642140468 0.130868878659311
3.41137123745819 0.133931472068052
3.44481605351171 0.137054434421139
3.47826086956522 0.14023842539769
3.51170568561873 0.143484086482328
3.54515050167224 0.146792039563623
3.57859531772575 0.150162885501396
3.61204013377926 0.153597202664578
3.64548494983278 0.157095545441554
3.67892976588629 0.160658442725075
3.7123745819398 0.164286396374073
3.74581939799331 0.167979879654877
3.77926421404682 0.171739335664581
3.81270903010033 0.175565175739507
3.84615384615385 0.179457777851934
3.87959866220736 0.183417484998467
3.91304347826087 0.187444603583664
3.94648829431438 0.191539401802716
3.97993311036789 0.195702108027231
4.0133779264214 0.199932909198339
4.04682274247492 0.204231949231559
4.08026755852843 0.208599327438067
4.11371237458194 0.213035096967171
4.14715719063545 0.217539263274987
4.18060200668896 0.222111782624472
4.21404682274247 0.226752560622103
4.24749163879599 0.231461450796649
4.2809364548495 0.236238253225573
4.31438127090301 0.241082713214718
4.34782608695652 0.245994520036979
4.38127090301003 0.250973305735758
4.41471571906354 0.256018643998969
4.44816053511706 0.261130049109434
4.48160535117057 0.266306974977409
4.51505016722408 0.271548814260998
4.54849498327759 0.276854897580074
4.5819397993311 0.282224492829258
4.61538461538461 0.287656804595318
4.64882943143813 0.293150973684216
4.68227424749164 0.298706076762785
4.71571906354515 0.304321126119797
4.74916387959866 0.309995069550894
4.78260869565217 0.315726790371557
4.81605351170569 0.321515107561915
4.8494983277592 0.327358776046869
4.88294314381271 0.333256487114545
4.91638795986622 0.339206868975704
4.94983277591973 0.345208487466228
4.98327759197324 0.351259846894344
5.01672240802676 0.357359391033708
5.05016722408027 0.363505504262956
5.08361204013378 0.369696512851734
5.11705685618729 0.375930686392691
5.1505016722408 0.382206239378295
5.18394648829431 0.388521332920738
5.21739130434783 0.394874076612619
5.25083612040134 0.401262530525438
5.28428093645485 0.407684707342369
5.31772575250836 0.414138574621147
5.35117056856187 0.420622057182333
5.38461538461538 0.427133039617608
5.4180602006689 0.433669368912217
5.45150501672241 0.440228857175101
5.48494983277592 0.446809284469777
5.51839464882943 0.453408401738479
5.55183946488294 0.46002393381167
5.58528428093645 0.466653582494558
5.61872909698997 0.473295029721911
5.65217391304348 0.479945940772061
5.68561872909699 0.486603967530756
5.7190635451505 0.493266751795193
5.75250836120401 0.499931928608415
5.78595317725753 0.50659712961407
5.81939799331104 0.513259986421424
5.85284280936455 0.519918133970475
5.88628762541806 0.526569213887028
5.91973244147157 0.533210877817599
5.95317725752508 0.539840790734178
5.9866220735786 0.54645663419899
6.02006688963211 0.55305610957962
6.05351170568562 0.559636941205121
6.08695652173913 0.566196879454018
6.12040133779264 0.572733703765476
6.15384615384615 0.579245225565269
6.18729096989967 0.585729291098634
6.22073578595318 0.592183784162541
6.25418060200669 0.598606628730394
6.2876254180602 0.604995791462724
6.32107023411371 0.611349284097956
6.35451505016722 0.617665165717911
6.38795986622074 0.623941544883276
6.42140468227425 0.630176581634882
6.45484949832776 0.63636848935723
6.48829431438127 0.642515536501297
6.52173913043478 0.648616048164298
6.55518394648829 0.654668407524642
6.58862876254181 0.660671057130962
6.62207357859532 0.666622500044648
6.65551839464883 0.672521300835927
6.68896321070234 0.678366086434051
6.72240802675585 0.684155546832729
6.75585284280936 0.689888435652434
6.78929765886288 0.695563570561718
6.82274247491639 0.701179833560125
6.8561872909699 0.706736171125734
6.88963210702341 0.712231594230786
6.92307692307692 0.717665178229184
6.95652173913043 0.723036062620051
6.98996655518395 0.728343450691799
7.02341137123746 0.733586609051466
7.05685618729097 0.738764867044307
7.09030100334448 0.743877616068845
7.12374581939799 0.748924308792769
7.1571906354515 0.753904458275195
7.19063545150502 0.758817637000936
7.22408026755853 0.76366347583251
7.25752508361204 0.768441662885656
7.29096989966555 0.773151942334166
7.32441471571906 0.777794113149825
7.35785953177257 0.782368027783242
7.39130434782609 0.786873590791286
7.4247491638796 0.791310757416773
7.45819397993311 0.795679532125951
7.49163879598662 0.799979967109229
7.52508361204013 0.80421216075044
7.55852842809364 0.8083762560698
7.59197324414716 0.812472439145562
7.62541806020067 0.816500937519169
7.65886287625418 0.820462018588558
7.69230769230769 0.824355987994046
7.7257525083612 0.828183188001035
7.75919732441471 0.831943995883579
7.79264214046823 0.835638822312621
7.82608695652174 0.839268109752519
7.85953177257525 0.842832330869229
7.89297658862876 0.846331986953346
7.92642140468227 0.849767606360926
7.95986622073579 0.853139742974851
7.9933110367893 0.856448974689248
8.02675585284281 0.859695901919291
8.06020066889632 0.86288114613848
8.09364548494983 0.866005348445323
8.12709030100334 0.869069168161127
8.16053511705686 0.872073281460422
8.19397993311037 0.87501838003536
8.22742474916388 0.877905169795268
8.26086956521739 0.880734369602324
8.2943143812709 0.883506710044225
8.32775919732441 0.886222932244501
8.36120401337793 0.888883786711024
8.39464882943144 0.891490032223111
8.42809364548495 0.894042434757475
8.46153846153846 0.896541766453183
8.49498327759197 0.898988804615634
8.52842809364548 0.901384330759498
8.561872909699 0.903729129690418
8.59531772575251 0.906023988625219
8.62876254180602 0.90826969635027
8.66220735785953 0.910467042417548
8.69565217391304 0.912616816377932
8.72909698996656 0.914719807051128
8.76254180602007 0.916776801831621
8.79598662207358 0.918788586029967
8.82943143812709 0.920755942248701
8.8628762541806 0.922679649792104
8.89632107023411 0.924560484109022
8.92976588628762 0.926399216267913
8.96321070234114 0.928196612463268
8.99665551839465 0.929953433552522
9.03010033444816 0.931670434622578
9.06354515050167 0.933348364585023
9.09698996655518 0.934987965799134
9.1304347826087 0.936589973721744
9.16387959866221 0.938155116583058
9.19732441471572 0.939684115087477
9.23076923076923 0.941177682138535
9.26421404682274 0.942636522587016
9.29765886287625 0.944061333001351
9.33110367892977 0.945452801459399
9.36454849498328 0.946811607360729
9.39799331103679 0.948138421258521
9.4314381270903 0.949433904710244
9.46488294314381 0.950698710146251
9.49832775919732 0.951933480755485
9.53177257525084 0.953138850387472
9.56521739130435 0.954315443469825
9.59866220735786 0.955463874940487
9.63210702341137 0.956584750193962
9.66555183946488 0.957678665040811
9.69899665551839 0.958746205679702
9.73244147157191 0.959787948681332
9.76588628762542 0.960804460983554
9.79933110367893 0.961796299897072
9.83277591973244 0.962764013121073
9.86622073578595 0.963708138768211
9.89966555183946 0.96462920539835
9.93311036789298 0.965527732060521
9.96655518394649 0.966404228342551
10 0.967259194427851
