0 0.0481673169955357
0.0334448160535117 0.0491436321532035
0.0668896321070234 0.0501386940687059
0.100334448160535 0.0511528201352993
0.133779264214047 0.0521863313799837
0.167224080267559 0.0532395524303542
0.20066889632107 0.0543128114773695
0.234113712374582 0.0554064402338791
0.267558528428094 0.0565207738887478
0.301003344481605 0.057656151056416
0.334448160535117 0.058812913721729
0.367892976588629 0.0599914071798682
0.40133779264214 0.0611919799712143
0.434782608695652 0.0624149838109694
0.468227424749164 0.0636607735133658
0.501672240802676 0.0649297069102854
0.535117056856187 0.0662221447641131
0.568561872909699 0.0675384506746466
0.602006688963211 0.0688789909798849
0.635451505016722 0.0702441346505153
0.668896321070234 0.0716342531779214
0.702341137123746 0.0730497204555314
0.735785953177257 0.0744909126533306
0.769230769230769 0.075958208085359
0.802675585284281 0.0774519870700185
0.836120401337793 0.0789726317830157
0.869565217391304 0.0805205261027686
0.903010033444816 0.0820960554481068
0.936454849498328 0.0836996066081007
0.969899665551839 0.0853315675638565
1.00334448160535 0.0869923273021194
1.03678929765886 0.0886822756205324
1.07023411371237 0.0904018029244036
1.10367892976589 0.0921513000148394
1.1371237458194 0.093931157868112
1.17056856187291 0.0957417674061323
1.20401337792642 0.0975835192579108
1.23745819397993 0.0994568035118977
1.27090301003344 0.101362009459102
1.30434782608696 0.103299525326902
1.33779264214047 0.105269738003469
1.37123745819398 0.107273032752736
1.40468227424749 0.109309792919873
1.438127090301 0.111380399627207
1.47157190635451 0.113485231460591
1.50501672240803 0.115624664146196
1.53846153846154 0.117799070217741
1.57190635451505 0.120008818674194
1.60535117056856 0.122254274627985
1.63879598662207 0.124535798943795
1.67224080267559 0.126853747868013
1.7056856187291 0.129208472648969
1.73913043478261 0.131600319148067
1.77257525083612 0.134029627441976
1.80602006688963 0.136496731416065
1.83946488294314 0.139001958349269
1.87290969899666 0.141545628490631
1.90635451505017 0.14412805462777
1.93979933110368 0.146749541647557
1.97324414715719 0.149410386089327
2.0066889632107 0.152110875690944
2.04013377926421 0.154851288928119
2.07357859531773 0.157631894547368
2.10702341137124 0.16045295109305
2.14046822742475 0.163314706428953
2.17391304347826 0.166217397254928
2.20735785953177 0.169161248619097
2.24080267558528 0.172146473426208
2.2742474916388 0.175173271942736
2.30769230769231 0.178241831299349
2.34113712374582 0.181352324991423
2.37458193979933 0.184504912378291
2.40802675585284 0.187699738181959
2.44147157190635 0.190936931986062
2.47491638795987 0.194216607735843
2.50836120401338 0.19753886324
2.54180602006689 0.200903779675242
2.5752508361204 0.204311421094453
2.60869565217391 0.207761833939385
2.64214046822742 0.211255046558819
2.67558528428094 0.214791068733162
2.70903010033445 0.218369891206493
2.74247491638796 0.221991485227059
2.77591973244147 0.225655802097278
2.80936454849498 0.2293627727343
2.84280936454849 0.233112307242205
2.87625418060201 0.236904294496939
2.90969899665552 0.24073860174508
2.94314381270903 0.244615074217561
2.97658862876254 0.248533534759462
3.01003344481605 0.252493783477004
3.04347826086956 0.256495597402865
3.07692307692308 0.26053873018095
3.11036789297659 0.264622911771715
3.1438127090301 0.268747848179181
3.17725752508361 0.272913221200706
3.21070234113712 0.277118688200609
3.24414715719064 0.281363881908702
3.27759197324415 0.285648410244758
3.31103678929766 0.289971856169919
3.34448160535117 0.294333777566031
3.37792642140468 0.298733707143822
3.41137123745819 0.303171152380824
3.44481605351171 0.307645595489901
3.47826086956522 0.312156493419167
3.51170568561873 0.316703277884058
3.54515050167224 0.321285355432237
3.57859531772575 0.325902107541975
3.61204013377926 0.33055289075457
3.64548494983278 0.335237036841307
3.67892976588629 0.339953853005381
3.7123745819398 0.344702622119147
3.74581939799331 0.349482602996969
3.77926421404682 0.354293030703859
3.81270903010033 0.359133116900034
3.84615384615385 0.364002050221398
3.87959866220736 0.36889899669591
3.91304347826087 0.373823100195676
3.94648829431438 0.378773482924529
3.97993311036789 0.383749245940759
4.0133779264214 0.388749469714589
4.04682274247492 0.393773214719844
4.08026755852843 0.398819522059237
4.11371237458194 0.403887414122539
4.14715719063545 0.408975895276855
4.18060200668896 0.414083952588103
4.21404682274247 0.419210556572725
4.24749163879599 0.424354661978554
4.2809364548495 0.429515208593696
4.31438127090301 0.434691122082169
4.34782608695652 0.439881314844997
4.38127090301003 0.445084686905356
4.41471571906354 0.450300126816296
4.44816053511706 0.455526512589507
4.48160535117057 0.460762712643523
4.51505016722408 0.466007586769677
4.54849498327759 0.471259987114119
4.5819397993311 0.476518759174086
4.61538461538461 0.48178274280663
4.64882943143813 0.487050773247924
4.68227424749164 0.492321682141275
4.71571906354515 0.497594298571897
4.74916387959866 0.502867450106518
4.78260869565217 0.508139963835858
4.81605351170569 0.513410667417995
4.8494983277592 0.518678390120675
4.88294314381271 0.523941963860568
4.91638795986622 0.529200224237531
4.94983277591973 0.534452011561933
4.98327759197324 0.539696171873108
5.01672240802676 0.54493155794707
5.05016722408027 0.550157030291606
5.08361204013378 0.555371458126953
5.11705685618729 0.560573720350272
5.1505016722408 0.565762706482216
5.18394648829431 0.570937317593912
5.21739130434783 0.576096467212768
5.25083612040134 0.581239082205575
5.28428093645485 0.586364103637419
5.31772575250836 0.591470487605038
5.35117056856187 0.596557206043288
5.38461538461538 0.601623247503512
5.4180602006689 0.606667617902637
5.45150501672241 0.611689341241966
5.48494983277592 0.616687460294669
5.51839464882943 0.621661037261112
5.55183946488294 0.626609154391217
5.58528428093645 0.631530914573169
5.61872909698997 0.636425441887863
5.65217391304348 0.641291882128571
5.68561872909699 0.646129403285432
5.7190635451505 0.650937195994418
5.75250836120401 0.655714473950568
5.78595317725753 0.660460474285323
5.81939799331104 0.665174457907935
5.85284280936455 0.669855709810972
5.88628762541806 0.674503539340031
5.91973244147157 0.67911728042789
5.95317725752508 0.683696291793351
5.9866220735786 0.688239957105158
6.02006688963211 0.692747685111414
6.05351170568562 0.697218909735007
6.08695652173913 0.701653090135613
6.12040133779264 0.706049710738926
6.15384615384615 0.710408281233795
6.18729096989967 0.714728336538037
6.22073578595318 0.719009436733724
6.25418060200669 0.7232511669728
6.2876254180602 0.727453137353923
6.32107023411371 0.731614982771486
6.35451505016722 0.735736362737766
6.38795986622074 0.739816961179238
6.42140468227425 0.743856486208062
6.45484949832776 0.747854669869828
6.48829431438127 0.751811267868612
6.52173913043478 0.755726059270472
6.55518394648829 0.75959884618646
6.58862876254181 0.76342945343629
6.62207357859532 0.767217728193783
6.65551839464883 0.770963539615204
6.68896321070234 0.774666778451632
6.72240802675585 0.778327356646473
6.75585284280936 0.781945206919232
6.78929765886288 0.785520282336649
6.82274247491639 0.789052555872299
6.8561872909699 0.79254201995571
6.88963210702341 0.79598868601209
6.92307692307692 0.799392583993667
6.95652173913043 0.802753761903693
6.98996655518395 0.806072285314086
7.02341137123746 0.809348236877684
7.05685618729097 0.812581715836061
7.09030100334448 0.815772837523811
7.12374581939799 0.818921732870196
7.1571906354515 0.822028547899003
7.19063545150502 0.825093443227448
7.22408026755853 0.828116593564907
7.25752508361204 0.831098187212251
7.29096989966555 0.834038425562499
7.32441471571906 0.836937522603496
7.35785953177257 0.839795704423266
7.39130434782609 0.842613208718685
7.4247491638796 0.845390284308055
7.45819397993311 0.848127190648152
7.49163879598662 0.850824197356265
7.52508361204013 0.85348158373774
7.55852842809364 0.856099638319472
7.59197324414716 0.858678658389802
7.62541806020067 0.861218949545197
7.65886287625418 0.863720825244093
7.69230769230769 0.866184606368249
7.7257525083612 0.868610620791908
7.75919732441471 0.870999202959056
7.79264214046823 0.873350693469036
7.82608695652174 0.875665438670736
7.85953177257525 0.877943790265557
7.89297658862876 0.880186104919342
7.92642140468227 0.882392743883404
7.95986622073579 0.884564072624802
7.9933110367893 0.886700460465951
8.02675585284281 0.888802280233662
8.06020066889632 0.890869907917678
8.09364548494983 0.892903722338737
8.12709030100334 0.894904104826208
8.16053511705686 0.896871438905289
8.19397993311037 0.898806109993775
8.22742474916388 0.900708505108356
8.26086956521739 0.902579012580423
8.2943143812709 0.904418021781315
8.32775919732441 0.906225922856944
8.36120401337793 0.908003106471732
8.39464882943144 0.909749963561747
8.42809364548495 0.911466885096964
8.46153846153846 0.913154261852515
8.49498327759197 0.914812484188834
8.52842809364548 0.916441941840553
8.561872909699 0.918043023714012
8.59531772575251 0.919616117693261
8.62876254180602 0.921161610454383
8.66220735785953 0.922679887288002
8.69565217391304 0.924171331929802
8.72909698996656 0.925636326398918
8.76254180602007 0.927075250844002
8.79598662207358 0.928488483396817
8.82943143812709 0.929876400033189
8.8628762541806 0.931239374441116
8.89632107023411 0.932577777895894
8.92976588628762 0.933891979142051
8.96321070234114 0.93518234428193
8.99665551839465 0.936449236670738
9.03010033444816 0.937693016817874
9.06354515050167 0.938914042294369
9.09698996655518 0.940112667646248
9.1304347826087 0.941289244313651
9.16387959866221 0.94244412055552
9.19732441471572 0.943577641379683
9.23076923076923 0.944690148478178
9.26421404682274 0.945781980167608
9.29765886287625 0.946853471334399
9.33110367892977 0.947904953384767
9.36454849498328 0.948936754199229
9.39799331103679 0.949949198091511
9.4314381270903 0.950942605771682
9.46488294314381 0.951917294313352
9.49832775919732 0.952873577124795
9.53177257525084 0.953811763923825
9.56521739130435 0.954732160716294
9.59866220735786 0.955635069778062
9.63210702341137 0.956520789640284
9.66555183946488 0.957389615077894
9.69899665551839 0.958241837101136
9.73244147157191 0.959077742950018
9.76588628762542 0.95989761609155
9.79933110367893 0.960701736219649
9.83277591973244 0.961490379257588
9.86622073578595 0.962263817362857
9.89966555183946 0.963022318934337
9.93311036789298 0.963766148621664
9.96655518394649 0.964495567336673
10 0.965210832266818
