0 0.03793067827182
0.0334448160535117 0.0387663139156109
0.0668896321070234 0.0396196009791118
0.100334448160535 0.0404908786227259
0.133779264214047 0.0413804910261028
0.167224080267559 0.0422887873935971
0.20066889632107 0.043216121955916
0.234113712374582 0.0441628539677593
0.267558528428094 0.0451293477012424
0.301003344481605 0.0461159724348917
0.334448160535117 0.0471231024379951
0.367892976588629 0.0481511169500832
0.40133779264214 0.0492004001553117
0.434782608695652 0.0502713411515107
0.468227424749164 0.0513643339136597
0.501672240802676 0.0524797772515427
0.535117056856187 0.0536180747613307
0.568561872909699 0.0547796347708372
0.602006688963211 0.0559648702781825
0.635451505016722 0.0571741988836027
0.668896321070234 0.0584080427141304
0.702341137123746 0.0596668283408742
0.735785953177257 0.0609509866886152
0.769230769230769 0.0622609529374402
0.802675585284281 0.0635971664161237
0.836120401337793 0.064960070486971
0.869565217391304 0.0663501124218303
0.903010033444816 0.0677677432689807
0.936454849498328 0.0692134177106022
0.969899665551839 0.0706875939105313
1.00334448160535 0.0721907333520068
1.03678929765886 0.073723300665111
1.07023411371237 0.0752857634436113
1.10367892976589 0.0768785920509113
1.1371237458194 0.0785022594148206
1.17056856187291 0.0801572408108581
1.20401337792642 0.0818440136338072
1.23745819397993 0.0835630571572468
1.27090301003344 0.0853148522807885
1.30434782608696 0.0870998812647577
1.33779264214047 0.0889186274520659
1.37123745819398 0.0907715749770288
1.40468227424749 0.0926592084608995
1.438127090301 0.0945820126938955
1.47157190635451 0.0965404723035119
1.50501672240803 0.0985350714089315
1.53846153846154 0.100566293261354
1.57190635451505 0.102634619870088
1.60535117056856 0.10474053161427
1.63879598662207 0.106884506840091
1.67224080267559 0.109067021443437
1.7056856187291 0.111288548437877
1.73913043478261 0.11354955750795
1.77257525083612 0.115850514547743
1.80602006688963 0.118191881184767
1.83946488294314 0.120574114289176
1.87290969899666 0.122997665468417
1.90635451505017 0.125462980547414
1.93979933110368 0.127970499034445
1.97324414715719 0.13052065357289
2.0066889632107 0.133113869379098
2.04013377926421 0.135750563666624
2.07357859531773 0.138431145057168
2.10702341137124 0.141156012978567
2.14046822742475 0.143925557050261
2.17391304347826 0.146740156456677
2.20735785953177 0.149600179309047
2.24080267558528 0.152505981996224
2.2742474916388 0.155457908525108
2.30769230769231 0.158456289851336
2.34113712374582 0.161501443200995
2.37458193979933 0.164593671384093
2.40802675585284 0.167733262100673
2.44147157190635 0.17092048724043
2.47491638795987 0.17415560217681
2.50836120401338 0.177438845056598
2.54180602006689 0.180770436086064
2.5752508361204 0.184150576814811
2.60869565217391 0.18757944941851
2.64214046822742 0.191057215981776
2.67558528428094 0.194584017782486
2.70903010033445 0.198159974578912
2.74247491638796 0.201785183901085
2.77591973244147 0.205459720347853
2.80936454849498 0.20918363489117
2.84280936454849 0.212956954189179
2.87625418060201 0.216779679909707
2.90969899665552 0.220651788065837
2.94314381270903 0.224573228365253
2.97658862876254 0.2285439235751
3.01003344481605 0.232563768904125
3.04347826086956 0.236632631403895
3.07692307692308 0.240750349390917
3.11036789297659 0.244916731891491
3.1438127090301 0.249131558111156
3.17725752508361 0.253394576930585
3.21070234113712 0.257705506429776
3.24414715719064 0.262064033442418
3.27759197324415 0.266469813142254
3.31103678929766 0.27092246866328
3.34448160535117 0.275421590755564
3.37792642140468 0.279966737478479
3.41137123745819 0.284557433933047
3.44481605351171 0.289193172035098
3.47826086956522 0.293873410330857
3.51170568561873 0.298597573856533
3.54515050167224 0.303365054043386
3.57859531772575 0.308175208669712
3.61204013377926 0.313027361861047
3.64548494983278 0.317920804139851
3.67892976588629 0.322854792525791
3.7123745819398 0.327828550687658
3.74581939799331 0.332841269147829
3.77926421404682 0.337892105540063
3.81270903010033 0.342980184921294
3.84615384615385 0.34810460013795
3.87959866220736 0.353264412247181
3.91304347826087 0.358458650993245
3.94648829431438 0.363686315339137
3.97993311036789 0.368946374053408
4.0133779264214 0.374237766351938
4.04682274247492 0.379559402594299
4.08026755852843 0.384910165034158
4.11371237458194 0.390288908623002
4.14715719063545 0.395694461866327
4.18060200668896 0.40112562773123
4.21404682274247 0.406581184604223
4.24749163879599 0.41205988729787
4.2809364548495 0.417560468104746
4.31438127090301 0.423081637896997
4.34782608695652 0.428622087269687
4.38127090301003 0.434180487725903
4.41471571906354 0.439755492901507
4.44816053511706 0.445345739827235
4.48160535117057 0.450949850225734
4.51505016722408 0.456566431841012
4.54849498327759 0.462194079797619
4.5819397993311 0.467831377986833
4.61538461538461 0.473476900476961
4.64882943143813 0.479129212944813
4.68227424749164 0.484786874125335
4.71571906354515 0.490448437276291
4.74916387959866 0.496112451654846
4.78260869565217 0.501777464002865
4.81605351170569 0.507442020037688
4.8494983277592 0.513104665945145
4.88294314381271 0.518763949871544
4.91638795986622 0.524418423411387
4.94983277591973 0.530066643087579
4.98327759197324 0.53570717182091
5.01672240802676 0.54133858038566
5.05016722408027 0.546959448848193
5.08361204013378 0.552568367985498
5.11705685618729 0.558163940680689
5.1505016722408 0.563744783292583
5.18394648829431 0.569309526996531
5.21739130434783 0.574856819093838
5.25083612040134 0.580385324287162
5.28428093645485 0.585893725919451
5.31772575250836 0.591380727174073
5.35117056856187 0.596845052233961
5.38461538461538 0.602285447397703
5.4180602006689 0.607700682150695
5.45150501672241 0.613089550189594
5.48494983277592 0.61845087039848
5.51839464882943 0.623783487775313
5.55183946488294 0.629086274307392
5.58528428093645 0.634358129794737
5.61872909698997 0.639597982620448
5.65217391304348 0.64480479046726
5.68561872909699 0.649977540979713
5.7190635451505 0.65511525237147
5.75250836120401 0.660216973977519
5.78595317725753 0.665281786751134
5.81939799331104 0.670308803705629
5.85284280936455 0.67529717030109
5.88628762541806 0.680246064776428
5.91973244147157 0.685154698427211
5.95317725752508 0.690022315829914
5.9866220735786 0.694848195013301
6.02006688963211 0.699631647577832
6.05351170568562 0.704372018764062
6.08695652173913 0.709068687471142
6.12040133779264 0.713721066226611
6.15384615384615 0.718328601108777
6.18729096989967 0.722890771623079
6.22073578595318 0.727407090533883
6.25418060200669 0.731877103653255
6.2876254180602 0.736300389588319
6.32107023411371 0.740676559448858
6.35451505016722 0.745005256516859
6.38795986622074 0.74928615587978
6.42140468227425 0.753518964029298
6.45484949832776 0.757703418427377
6.48829431438127 0.761839287041488
6.52173913043478 0.765926367850825
6.55518394648829 0.769964488325384
6.58862876254181 0.773953504879759
6.62207357859532 0.777893302303516
6.65551839464883 0.781783793169982
6.68896321070234 0.785624917225279
6.72240802675585 0.789416640759417
6.75585284280936 0.793158955961207
6.78929765886288 0.796851880258767
6.82274247491639 0.80049545564732
6.8561872909699 0.804089748005958
6.88963210702341 0.807634846405027
6.92307692307692 0.811130862405692
6.95652173913043 0.814577929353254
6.98996655518395 0.817976201665683
7.02341137123746 0.821325854118826
7.05685618729097 0.824627081129665
7.09030100334448 0.827880096038953
7.12374581939799 0.831085130394507
7.1571906354515 0.83424243323636
7.19063545150502 0.837352270384942
7.22408026755853 0.840414923733371
7.25752508361204 0.843430690544907
7.29096989966555 0.846399882756533
7.32441471571906 0.849322826289585
7.35785953177257 0.852199860368302
7.39130434782609 0.855031336847085
7.4247491638796 0.857817619547214
7.45819397993311 0.86055908360372
7.49163879598662 0.863256114823034
7.52508361204013 0.865909109052006
7.55852842809364 0.86851847155881
7.59197324414716 0.871084616426221
7.62541806020067 0.873607965957688
7.65886287625418 0.876088950096576
7.69230769230769 0.878528005858924
7.7257525083612 0.880925576779992
7.75919732441471 0.883282112374854
7.79264214046823 0.885598067613229
7.82608695652174 0.88787390240873
7.85953177257525 0.890110081122643
7.89297658862876 0.89230707208234
7.92642140468227 0.894465347114377
7.95986622073579 0.896585381092297
7.9933110367893 0.898667651499153
8.02675585284281 0.900712638004693
8.06020066889632 0.902720822057163
8.09364548494983 0.904692686489645
8.12709030100334 0.906628715140805
8.16053511705686 0.908529392489937
8.19397993311037 0.910395203306152
8.22742474916388 0.912226632311529
8.26086956521739 0.91402416385806
8.2943143812709 0.915788281618179
8.32775919732441 0.917519468288652
8.36120401337793 0.919218205307622
8.39464882943144 0.920884972584545
8.42809364548495 0.922520248242778
8.46153846153846 0.924124508374568
8.49498327759197 0.925698226808153
8.52842809364548 0.927241874886729
8.561872909699 0.928755921258976
8.59531772575251 0.930240831680882
8.62876254180602 0.931697068828559
8.66220735785953 0.933125092121775
8.69565217391304 0.934525357557889
8.72909698996656 0.935898317555919
8.76254180602007 0.937244420810426
8.79598662207358 0.938564112154926
8.82943143812709 0.939857832434541
8.8628762541806 0.941126018387587
8.89632107023411 0.942369102535806
8.92976588628762 0.943587513082962
8.96321070234114 0.944781673821506
8.99665551839465 0.945952004047022
9.03010033444816 0.947098918480187
9.06354515050167 0.948222827195955
9.09698996655518 0.949324135559701
9.1304347826087 0.950403244170049
9.16387959866221 0.951460548808132
9.19732441471572 0.952496440393012
9.23076923076923 0.953511304943015
9.26421404682274 0.954505523542739
9.29765886287625 0.955479472315469
9.33110367892977 0.956433522400792
9.36454849498328 0.957368039937158
9.39799331103679 0.958283386049173
9.4314381270903 0.959179916839393
9.46488294314381 0.960057983384424
9.49832775919732 0.960917931735096
9.53177257525084 0.961760102920527
9.56521739130435 0.962584832955873
9.59866220735786 0.96339245285357
9.63210702341137 0.964183288637891
9.66555183946488 0.964957661362636
9.69899665551839 0.965715887131781
9.73244147157191 0.96645827712291
9.76588628762542 0.967185137613289
9.79933110367893 0.967896770008403
9.83277591973244 0.96859347087282
9.86622073578595 0.969275531963228
9.89966555183946 0.969943240263512
9.93311036789298 0.970596878021725
9.96655518394649 0.971236722788836
10 0.971863047459122
