0 0.0371940021988105
0.0334448160535117 0.0380232455035913
0.0668896321070234 0.0388702304592082
0.100334448160535 0.0397353030699834
0.133779264214047 0.0406188145778579
0.167224080267559 0.0415211214714988
0.20066889632107 0.0424425854915167
0.234113712374582 0.0433835736315821
0.267558528428094 0.0443444581352244
0.301003344481605 0.0453256164880879
0.334448160535117 0.0463274314054174
0.367892976588629 0.0473502908145342
0.40133779264214 0.0483945878320625
0.434782608695652 0.0494607207356539
0.468227424749164 0.0505490929299581
0.501672240802676 0.0516601129065763
0.535117056856187 0.0527941941977303
0.568561872909699 0.0539517553233753
0.602006688963211 0.0551332197314763
0.635451505016722 0.0563390157311656
0.668896321070234 0.0575695764184904
0.702341137123746 0.058825339594458
0.735785953177257 0.0601067476750795
0.769230769230769 0.0614142475931083
0.802675585284281 0.0627482906911677
0.836120401337793 0.0641093326059576
0.869565217391304 0.065497833143226
0.903010033444816 0.0669142561431908
0.936454849498328 0.0683590693360947
0.969899665551839 0.0698327441875737
1.00334448160535 0.0713357557335196
1.03678929765886 0.0728685824041191
1.07023411371237 0.0744317058367484
1.10367892976589 0.0760256106774083
1.1371237458194 0.0776507843703843
1.17056856187291 0.0793077169358211
1.20401337792642 0.0809969007349044
1.23745819397993 0.0827188302223489
1.27090301003344 0.0844740016858969
1.30434782608696 0.0862629129725408
1.33779264214047 0.0880860632011906
1.37123745819398 0.0899439524615176
1.40468227424749 0.0918370814987175
1.438127090301 0.0937659513839488
1.47157190635451 0.0957310631702152
1.50501672240803 0.0977329175334796
1.53846153846154 0.0997720143988101
1.57190635451505 0.101848852551383
1.60535117056856 0.10396392923218
1.63879598662207 0.106117739718256
1.67224080267559 0.108310776887445
1.7056856187291 0.11054353076745
1.73913043478261 0.112816488069223
1.77257525083612 0.115130131704645
1.80602006688963 0.117484940288477
1.83946488294314 0.119881387624646
1.87290969899666 0.122319942176921
1.90635451505017 0.1248010665241
1.93979933110368 0.127325216799858
1.97324414715719 0.129892842117442
2.0066889632107 0.132504383979458
2.04013377926421 0.135160275673025
2.07357859531773 0.137860941650629
2.10702341137124 0.140606796897051
2.14046822742475 0.143398246282805
2.17391304347826 0.146235683904572
2.20735785953177 0.14911949241315
2.24080267558528 0.152050042329541
2.2742474916388 0.155027691349803
2.30769230769231 0.158052783639401
2.34113712374582 0.161125649117813
2.37458193979933 0.164246602734226
2.40802675585284 0.167415943735243
2.44147157190635 0.17063395492552
2.47491638795987 0.173900901922408
2.50836120401338 0.17721703240564
2.54180602006689 0.180582575363262
2.5752508361204 0.183997740334989
2.60869565217391 0.187462716654301
2.64214046822742 0.190977672690604
2.67558528428094 0.194542755092871
2.70903010033445 0.198158088036247
2.74247491638796 0.201823772473122
2.77591973244147 0.205539885390295
2.80936454849498 0.209306479073839
2.84280936454849 0.213123580383399
2.87625418060201 0.216991190037639
2.90969899665552 0.220909281912659
2.94314381270903 0.224877802355212
2.97658862876254 0.228896669512589
3.01003344481605 0.232965772681108
3.04347826086956 0.237084971675124
3.07692307692308 0.241254096218551
3.11036789297659 0.24547294536087
3.1438127090301 0.249741286919626
3.17725752508361 0.254058856951426
3.21070234113712 0.258425359253447
3.24414715719064 0.262840464897451
3.27759197324415 0.267303811798296
3.31103678929766 0.271815004318927
3.34448160535117 0.276373612913754
3.37792642140468 0.280979173812357
3.41137123745819 0.285631188745342
3.44481605351171 0.290329124714178
3.47826086956522 0.295072413806737
3.51170568561873 0.299860453060228
3.54515050167224 0.3046926043731
3.57859531772575 0.309568194467437
3.61204013377926 0.314486514903243
3.64548494983278 0.319446822145933
3.67892976588629 0.324448337688218
3.7123745819398 0.329490248227459
3.74581939799331 0.334571705899441
3.77926421404682 0.339691828569373
3.81270903010033 0.344849700180782
3.84615384615385 0.350044371162825
3.87959866220736 0.35527485889638
3.91304347826087 0.360540148239117
3.94648829431438 0.3658391921096
3.97993311036789 0.371170912130264
4.0133779264214 0.376534199328989
4.04682274247492 0.381927914898766
4.08026755852843 0.387350891014808
4.11371237458194 0.392801931708251
4.14715719063545 0.398279813795436
4.18060200668896 0.403783287861553
4.21404682274247 0.409311079297272
4.24749163879599 0.414861889386797
4.2809364548495 0.420434396445602
4.31438127090301 0.426027257005942
4.34782608695652 0.431639107048064
4.38127090301003 0.437268563274874
4.41471571906354 0.442914224427679
4.44816053511706 0.448574672640444
4.48160535117057 0.454248474829906
4.51505016722408 0.45993418411871
4.54849498327759 0.465630341288641
4.5819397993311 0.471335476260915
4.61538461538461 0.477048109600358
4.64882943143813 0.482766754040253
4.68227424749164 0.488489916024536
4.71571906354515 0.494216097263948
4.74916387959866 0.499943796302724
4.78260869565217 0.505671510092327
4.81605351170569 0.511397735568739
4.8494983277592 0.517120971229779
4.88294314381271 0.522839718708951
4.91638795986622 0.528552484342293
4.94983277591973 0.534257780724779
4.98327759197324 0.539954128252816
5.01672240802676 0.545640056649462
5.05016722408027 0.551314106469049
5.08361204013378 0.556974830577968
5.11705685618729 0.562620795608461
5.1505016722408 0.568250583382382
5.18394648829431 0.57386279230198
5.21739130434783 0.57945603870489
5.25083612040134 0.585028958180652
5.28428093645485 0.590580206846213
5.31772575250836 0.596108462578009
5.35117056856187 0.601612426198392
5.38461538461538 0.607090822614328
5.4180602006689 0.612542401906439
5.45150501672241 0.617965940366656
5.48494983277592 0.623360241482927
5.51839464882943 0.628724136869565
5.55183946488294 0.634056487142061
5.58528428093645 0.639356182735307
5.61872909698997 0.644622144664403
5.65217391304348 0.649853325227366
5.68561872909699 0.655048708649272
5.7190635451505 0.660207311667509
5.75250836120401 0.665328184058006
5.78595317725753 0.670410409102483
5.81939799331104 0.675453103996911
5.85284280936455 0.680455420201551
5.88628762541806 0.685416543733082
5.91973244147157 0.690335695399488
5.95317725752508 0.695212130978516
5.9866220735786 0.700045141340636
6.02006688963211 0.704834052517592
6.05351170568562 0.709578225717712
6.08695652173913 0.714277057289315
6.12040133779264 0.718929978633589
6.15384615384615 0.723536456068468
6.18729096989967 0.72809599064509
6.22073578595318 0.732608117918508
6.25418060200669 0.737072407674405
6.2876254180602 0.741488463613591
6.32107023411371 0.745855922996169
6.35451505016722 0.750174456247254
6.38795986622074 0.754443766526178
6.42140468227425 0.758663589261174
6.45484949832776 0.76283369165149
6.48829431438127 0.766953872138973
6.52173913043478 0.771023959851107
6.55518394648829 0.775043814017518
6.58862876254181 0.779013323361959
6.62207357859532 0.782932405471744
6.65551839464883 0.786801006146617
6.68896321070234 0.790619098728989
6.72240802675585 0.79438668341746
6.75585284280936 0.798103786565508
6.78929765886288 0.801770459967179
6.82274247491639 0.805386780131578
6.8561872909699 0.808952847547911
6.88963210702341 0.812468785942777
6.92307692307692 0.815934741531352
6.95652173913043 0.81935088226406
6.98996655518395 0.822717397070262
7.02341137123746 0.826034495100434
7.05685618729097 0.829302404968243
7.09030100334448 0.832521373993878
7.12374581939799 0.835691667449904
7.1571906354515 0.838813567810879
7.19063545150502 0.841887374007874
7.22408026755853 0.844913400688995
7.25752508361204 0.847891977486931
7.29096989966555 0.850823448294492
7.32441471571906 0.853708170549028
7.35785953177257 0.856546514526583
7.39130434782609 0.859338862646533
7.4247491638796 0.862085608787444
7.45819397993311 0.864787157614788
7.49163879598662 0.867443923921124
7.52508361204013 0.870056331979274
7.55852842809364 0.872624814908986
7.59197324414716 0.875149814057507
7.62541806020067 0.877631778394458
7.65886287625418 0.880071163921324
7.69230769230769 0.882468433095861
7.7257525083612 0.884824054271642
7.75919732441471 0.887138501152937
7.79264214046823 0.889412252265093
7.82608695652174 0.891645790440503
7.85953177257525 0.893839602320258
7.89297658862876 0.895994177871509
7.92642140468227 0.898110009920551
7.95986622073579 0.90018759370159
7.9933110367893 0.902227426421158
8.02675585284281 0.904230006838066
8.06020066889632 0.906195834858804
8.09364548494983 0.908125411148246
8.12709030100334 0.910019236755496
8.16053511705686 0.911877812754715
8.19397993311037 0.913701639900712
8.22742474916388 0.915491218299104
8.26086956521739 0.917247047090791
8.2943143812709 0.918969624150537
8.32775919732441 0.920659445799361
8.36120401337793 0.922317006530498
8.39464882943144 0.92394279874864
8.42809364548495 0.925537312522174
8.46153846153846 0.927101035348114
8.49498327759197 0.928634451929438
8.52842809364548 0.930138043964514
8.561872909699 0.931612289948302
8.59531772575251 0.933057664985035
8.62876254180602 0.934474640612036
8.66220735785953 0.935863684634373
8.69565217391304 0.937225260970025
8.72909698996656 0.938559829505243
8.76254180602007 0.939867845959771
8.79598662207358 0.941149761761648
8.82943143812709 0.942406023931223
8.8628762541806 0.943637074974118
8.89632107023411 0.9448433527828
8.92976588628762 0.946025290546461
8.96321070234114 0.947183316668912
8.99665551839465 0.948317854694183
9.03010033444816 0.949429323239535
9.06354515050167 0.950518135935601
9.09698996655518 0.951584701373369
9.1304347826087 0.952629423057721
9.16387959866221 0.953652699367269
9.19732441471572 0.954654923520211
9.23076923076923 0.955636483545939
9.26421404682274 0.956597762262169
9.29765886287625 0.957539137257309
9.33110367892977 0.958460980877849
9.36454849498328 0.959363660220533
9.39799331103679 0.96024753712906
9.4314381270903 0.961112968195126
9.46488294314381 0.961960304763562
9.49832775919732 0.962789892941362
9.53177257525084 0.963602073610413
9.56521739130435 0.9643971824437
9.59866220735786 0.965175549924828
9.63210702341137 0.965937501370644
9.66555183946488 0.966683356956799
9.69899665551839 0.96741343174607
9.73244147157191 0.968128035719277
9.76588628762542 0.968827473808629
9.79933110367893 0.969512045933352
9.83277591973244 0.970182047037439
9.86622073578595 0.970837767129384
9.89966555183946 0.971479491323762
9.93311036789298 0.97210749988452
9.96655518394649 0.972722068269849
10 0.973323467178518
