0 0.0310200644933812
0.0334448160535117 0.0317562573431164
0.0668896321070234 0.0325093359234735
0.100334448160535 0.0332796594366364
0.133779264214047 0.0340675933797195
0.167224080267559 0.0348735095889852
0.20066889632107 0.035697786280682
0.234113712374582 0.0365408080882662
0.267558528428094 0.0374029660957591
0.301003344481605 0.0382846578669856
0.334448160535117 0.0391862874704253
0.367892976588629 0.0401082654994049
0.40133779264214 0.0410510090873422
0.434782608695652 0.0420149419177511
0.468227424749164 0.0430004942286991
0.501672240802676 0.0440081028114043
0.535117056856187 0.0450382110026471
0.568561872909699 0.0460912686706608
0.602006688963211 0.047167732194157
0.635451505016722 0.0482680644341307
0.668896321070234 0.0493927346980812
0.702341137123746 0.0505422186962738
0.735785953177257 0.0517169984896599
0.769230769230769 0.0529175624290605
0.802675585284281 0.0541444050852139
0.836120401337793 0.0553980271692744
0.869565217391304 0.0566789354433448
0.903010033444816 0.0579876426206139
0.936454849498328 0.0593246672546666
0.969899665551839 0.0606905336175227
1.00334448160535 0.0620857715659588
1.03678929765886 0.0635109163956573
1.07023411371237 0.064966508682726
1.10367892976589 0.066453094112123
1.1371237458194 0.0679712232925231
1.17056856187291 0.0695214515571543
1.20401337792642 0.0711043387501361
1.23745819397993 0.0727204489978482
1.27090301003344 0.0743703504648604
1.30434782608696 0.0760546150939561
1.33779264214047 0.0777738183297854
1.37123745819398 0.0795285388256902
1.40468227424749 0.0813193581332479
1.438127090301 0.0831468603740914
1.47157190635451 0.0850116318935704
1.50501672240803 0.0869142608958352
1.53846153846154 0.0888553370599323
1.57190635451505 0.0908354511365237
1.60535117056856 0.0928551945248553
1.63879598662207 0.0949151588296234
1.67224080267559 0.0970159353974098
1.7056856187291 0.0991581148323821
1.73913043478261 0.101342286490986
1.77257525083612 0.103569037955381
1.80602006688963 0.105838954485419
1.83946488294314 0.108152618448978
1.87290969899666 0.110510608730533
1.90635451505017 0.112913500117861
1.93979933110368 0.11536186266684
1.97324414715719 0.117856261044352
2.0066889632107 0.120397253849331
2.04013377926421 0.122985392912085
2.07357859531773 0.125621222572056
2.10702341137124 0.128305278934245
2.14046822742475 0.131038089104615
2.17391304347826 0.133820170404823
2.20735785953177 0.136652029566739
2.24080267558528 0.139534161907246
2.2742474916388 0.142467050483938
2.30769230769231 0.145451165232363
2.34113712374582 0.1484869620856
2.37458193979933 0.151574882076992
2.40802675585284 0.154715350426977
2.44147157190635 0.157908775615053
2.47491638795987 0.16115554843799
2.50836120401338 0.164456041055505
2.54180602006689 0.167810606024719
2.5752508361204 0.171219575324815
2.60869565217391 0.174683259373395
2.64214046822742 0.178201946036172
2.67558528428094 0.181775899631689
2.70903010033445 0.185405359932902
2.74247491638796 0.189090541167524
2.77591973244147 0.192831631019164
2.80936454849498 0.196628789631344
2.84280936454849 0.200482148616634
2.87625418060201 0.204391810073174
2.90969899665552 0.208357845610983
2.94314381270903 0.212380295390528
2.97658862876254 0.216459167176096
3.01003344481605 0.220594435406597
3.04347826086956 0.224786040286507
3.07692307692308 0.229033886899682
3.11036789297659 0.233337844348881
3.1438127090301 0.237697744923847
3.17725752508361 0.242113383300844
3.21070234113712 0.246584515776584
3.24414715719064 0.251110859539492
3.27759197324415 0.255692091981266
3.31103678929766 0.260327850051689
3.34448160535117 0.265017729659645
3.37792642140468 0.26976128512325
3.41137123745819 0.274558028671986
3.44481605351171 0.279407430003665
3.47826086956522 0.284308915899006
3.51170568561873 0.289261869896499
3.54515050167224 0.294265632030171
3.57859531772575 0.299319498632743
3.61204013377926 0.304422722206561
3.64548494983278 0.309574511364544
3.67892976588629 0.314774030843245
3.7123745819398 0.32002040158997
3.74581939799331 0.325312700925704
3.77926421404682 0.330649962785444
3.81270903010033 0.33603117803729
3.84615384615385 0.341455294881478
3.87959866220736 0.346921219330283
3.91304347826087 0.352427815769512
3.94648829431438 0.357973907602037
3.97993311036789 0.363558277973584
4.0133779264214 0.369179670580733
4.04682274247492 0.374836790560795
4.08026755852843 0.380528305462998
4.11371237458194 0.386252846300083
4.14715719063545 0.392009008679193
4.18060200668896 0.397795354010598
4.21404682274247 0.403610410792559
4.24749163879599 0.409452675970329
4.2809364548495 0.415320616367022
4.31438127090301 0.421212670183812
4.34782608695652 0.427127248566635
4.38127090301003 0.43306273723634
4.41471571906354 0.439017498178953
4.44816053511706 0.444989871392503
4.48160535117057 0.450978176686602
4.51505016722408 0.456980715530801
4.54849498327759 0.462995772947482
4.5819397993311 0.469021619444921
4.61538461538461 0.47505651298596
4.64882943143813 0.481098700987568
4.68227424749164 0.487146422346466
4.71571906354515 0.493197909485866
4.74916387959866 0.499251390418285
4.78260869565217 0.50530509081933
4.81605351170569 0.511357236107299
4.8494983277592 0.517406053523427
4.88294314381271 0.523449774207586
4.91638795986622 0.529486635264293
4.94983277591973 0.535514881813894
4.98327759197324 0.541532769023877
5.01672240802676 0.547538564115334
5.05016722408027 0.553530548339716
5.08361204013378 0.559507018921128
5.11705685618729 0.565466290959579
5.1505016722408 0.571406699290747
5.18394648829431 0.577326600298002
5.21739130434783 0.583224373672643
5.25083612040134 0.58909842411849
5.28428093645485 0.59494718299722
5.31772575250836 0.600769109911058
5.35117056856187 0.606562694219694
5.38461538461538 0.612326456488544
5.4180602006689 0.618058949865753
5.45150501672241 0.623758761385583
5.48494983277592 0.629424513196145
5.51839464882943 0.635054863709676
5.55183946488294 0.640648508673871
5.58528428093645 0.646204182163038
5.61872909698997 0.651720657488159
5.65217391304348 0.657196748025171
5.68561872909699 0.662631307961109
5.7190635451505 0.668023232957968
5.75250836120401 0.673371460734454
5.78595317725753 0.67867497156601
5.81939799331104 0.683932788703766
5.85284280936455 0.68914397871331
5.88628762541806 0.694307651734367
5.91973244147157 0.699422961662739
5.95317725752508 0.704489106256013
5.9866220735786 0.709505327164761
6.02006688963211 0.714470909891135
6.05351170568562 0.719385183676912
6.08695652173913 0.724247521323193
6.12040133779264 0.729057338944118
6.15384615384615 0.733814095657042
6.18729096989967 0.738517293211782
6.22073578595318 0.743166475561566
6.25418060200669 0.747761228378473
6.2876254180602 0.752301178516156
6.32107023411371 0.756785993422733
6.35451505016722 0.761215380506755
6.38795986622074 0.765589086459185
6.42140468227425 0.769906896534358
6.45484949832776 0.774168633792859
6.48829431438127 0.7783741583093
6.52173913043478 0.782523366347906
6.55518394648829 0.786616189508831
6.58862876254181 0.790652593848068
6.62207357859532 0.794632578973792
6.65551839464883 0.798556177121886
6.68896321070234 0.802423452213379
6.72240802675585 0.806234498896437
6.75585284280936 0.809989441575467
6.78929765886288 0.81368843342984
6.82274247491639 0.817331655424627
6.8561872909699 0.820919315315681
6.88963210702341 0.824451646651284
6.92307692307692 0.827928907772497
6.95652173913043 0.831351380814251
6.98996655518395 0.834719370709125
7.02341137123746 0.838033204195638
7.05685618729097 0.841293228832806
7.09030100334448 0.844499812022602
7.12374581939799 0.847653340041854
7.1571906354515 0.85075421708502
7.19063545150502 0.853802864319182
7.22408026755853 0.8567997189525
7.25752508361204 0.859745233317271
7.29096989966555 0.862639873968634
7.32441471571906 0.865484120799903
7.35785953177257 0.868278466175365
7.39130434782609 0.871023414081347
7.4247491638796 0.873719479296236
7.45819397993311 0.876367186580069
7.49163879598662 0.878967069884222
7.52508361204013 0.881519671581662
7.55852842809364 0.884025541718147
7.59197324414716 0.886485237284683
7.62541806020067 0.888899321511492
7.65886287625418 0.89126836318368
7.69230769230769 0.893592935978724
7.7257525083612 0.895873617825853
7.75919732441471 0.898110990287341
7.79264214046823 0.900305637961671
7.82608695652174 0.902458147908506
7.85953177257525 0.904569109095319
7.89297658862876 0.906639111865548
7.92642140468227 0.90866874742805
7.95986622073579 0.91065860736763
7.9933110367893 0.912609283176373
8.02675585284281 0.914521365805493
8.06020066889632 0.916395445237356
8.09364548494983 0.918232110077352
8.12709030100334 0.920031947165233
8.16053511705686 0.921795541205536
8.19397993311037 0.923523474416694
8.22742474916388 0.925216326198399
8.26086956521739 0.926874672816809
8.2943143812709 0.928499087107135
8.32775919732441 0.930090138193178
8.36120401337793 0.931648391223348
8.39464882943144 0.933174407122701
8.42809364548495 0.934668742360535
8.46153846153846 0.936131948733066
8.49498327759197 0.937564573160728
8.52842809364548 0.938967157499612
8.561872909699 0.940340238366576
8.59531772575251 0.941684346977576
8.62876254180602 0.943000008998732
8.66220735785953 0.944287744409681
8.69565217391304 0.94554806737876
8.72909698996656 0.946781486149571
8.76254180602007 0.947988502938481
8.79598662207358 0.949169613842623
8.82943143812709 0.950325308757971
8.8628762541806 0.951456071307062
8.89632107023411 0.95256237877596
8.92976588628762 0.953644702060051
8.96321070234114 0.95470350561828
8.99665551839465 0.955739247435435
9.03010033444816 0.956752378992115
9.06354515050167 0.957743345241998
9.09698996655518 0.958712584596072
9.1304347826087 0.959660528913461
9.16387959866221 0.960587603498525
9.19732441471572 0.961494227103896
9.23076923076923 0.962380811939143
9.26421404682274 0.963247763684746
9.29765886287625 0.964095481511089
9.33110367892977 0.964924358102192
9.36454849498328 0.965734779683882
9.39799331103679 0.96652712605616
9.4314381270903 0.967301770629489
9.46488294314381 0.968059080464763
9.49832775919732 0.968799416316703
9.53177257525084 0.969523132680478
9.56521739130435 0.970230577841291
9.59866220735786 0.970922093926749
9.63210702341137 0.9715980169618
9.66555183946488 0.972258676926038
9.69899665551839 0.972904397813192
9.73244147157191 0.973535497692625
9.76588628762542 0.97415228877266
9.79933110367893 0.974755077465577
9.83277591973244 0.97534416445412
9.86622073578595 0.975919844759372
9.89966555183946 0.976482407809837
9.93311036789298 0.977032137511622
9.96655518394649 0.977569312319558
10 0.978094205309161
