0 0.00861356295547012
0.0334448160535117 0.00884427169217506
0.0668896321070234 0.00908110321063075
0.100334448160535 0.00932421693250338
0.133779264214047 0.0095737762638566
0.167224080267559 0.00982994868566017
0.20066889632107 0.0100929058458505
0.234113712374582 0.0103628236529401
0.267558528428094 0.0106398823711696
0.301003344481605 0.0109242667171957
0.334448160535117 0.011216165958303
0.367892976588629 0.0115157740121273
0.40133779264214 0.0118232895478739
0.434782608695652 0.0121389160890115
0.468227424749164 0.0124628621174183
0.501672240802676 0.0127953411789551
0.535117056856187 0.0131365719904346
0.568561872909699 0.0134867785479533
0.602006688963211 0.0138461902365468
0.635451505016722 0.0142150419411271
0.668896321070234 0.0145935741586533
0.702341137123746 0.0149820331114845
0.735785953177257 0.0153806708618552
0.769230769230769 0.0157897454274122
0.802675585284281 0.016209520897742
0.836120401337793 0.0166402675518146
0.869565217391304 0.0170822619762616
0.903010033444816 0.0175357871843987
0.936454849498328 0.0180011327358992
0.969899665551839 0.0184785948570133
1.00334448160535 0.0189684765612218
1.03678929765886 0.0194710877702064
1.07023411371237 0.0199867454350066
1.10367892976589 0.020515773657227
1.1371237458194 0.0210585038101472
1.17056856187291 0.0216152746595792
1.20401337792642 0.0221864324843034
1.23745819397993 0.022772331195907
1.27090301003344 0.0233733324578339
1.30434782608696 0.0239898058034473
1.33779264214047 0.0246221287528905
1.37123745819398 0.0252706869285207
1.40468227424749 0.0259358741686768
1.438127090301 0.0266180926395293
1.47157190635451 0.0273177529447445
1.50501672240803 0.0280352742326826
1.53846153846154 0.0287710843008338
1.57190635451505 0.0295256196971778
1.60535117056856 0.0302993258181422
1.63879598662207 0.0310926570028114
1.67224080267559 0.0319060766230257
1.7056856187291 0.0327400571689919
1.73913043478261 0.0335950803300046
1.77257525083612 0.0344716370698655
1.80602006688963 0.0353702276965627
1.83946488294314 0.0362913619257573
1.87290969899666 0.0372355589376012
1.90635451505017 0.0382033474263929
1.93979933110368 0.0391952656425551
1.97324414715719 0.0402118614263994
2.0066889632107 0.0412536922331194
2.04013377926421 0.042321325148436
2.07357859531773 0.0434153368942933
2.10702341137124 0.0445363138239857
2.14046822742475 0.0456848519060712
2.17391304347826 0.0468615566964093
2.20735785953177 0.0480670432976348
2.24080267558528 0.0493019363053626
2.2742474916388 0.0505668697403943
2.30769230769231 0.051862486966178
2.34113712374582 0.0531894405907526
2.37458193979933 0.0545483923523886
2.40802675585284 0.0559400129881168
2.44147157190635 0.0573649820843212
2.47491638795987 0.0588239879085528
2.50836120401338 0.0603177272217063
2.54180602006689 0.0618469050696878
2.5752508361204 0.0634122345536857
2.60869565217391 0.0650144365781502
2.64214046822742 0.0666542395755716
2.67558528428094 0.0683323792071452
2.70903010033445 0.0700495980384009
2.74247491638796 0.0718066451888758
2.77591973244147 0.0736042759549062
2.80936454849498 0.0754432514046181
2.84280936454849 0.0773243379442019
2.87625418060201 0.0792483068545658
2.90969899665552 0.081215933797474
2.94314381270903 0.0832279982902955
2.97658862876254 0.0852852831485073
3.01003344481605 0.0873885738951227
3.04347826086956 0.0895386581362449
3.07692307692308 0.0917363249019828
3.11036789297659 0.0939823639520041
3.1438127090301 0.0962775650450479
3.17725752508361 0.0986227171717726
3.21070234113712 0.101018607750369
3.24414715719064 0.103466021784438
3.27759197324415 0.105965740982696
3.31103678929766 0.108518542840158
3.34448160535117 0.11112519968053
3.37792642140468 0.113786477659622
3.41137123745819 0.116503135729721
3.44481605351171 0.119275924564936
3.47826086956522 0.122105585447677
3.51170568561873 0.124992849116514
3.54515050167224 0.127938434575837
3.57859531772575 0.130943047867831
3.61204013377926 0.134007380807468
3.64548494983278 0.137132109681339
3.67892976588629 0.140317893911326
3.7123745819398 0.143565374684294
3.74581939799331 0.146875173549121
3.77926421404682 0.150247890982629
3.81270903010033 0.153684104926089
3.84615384615385 0.157184369294255
3.87959866220736 0.160749212459003
3.91304347826087 0.164379135709919
3.94648829431438 0.16807461169435
3.97993311036789 0.171836082839666
4.0133779264214 0.175663959760686
4.04682274247492 0.179558619655448
4.08026755852843 0.183520404692704
4.11371237458194 0.187549620394763
4.14715719063545 0.191646534019497
4.18060200668896 0.195811372945546
4.21404682274247 0.200044323064964
4.24749163879599 0.204345527187759
4.2809364548495 0.208715083462958
4.31438127090301 0.21315304382102
4.34782608695652 0.217659412442597
4.38127090301003 0.222234144258803
4.41471571906354 0.2268771434883
4.44816053511706 0.231588262216633
4.48160535117057 0.236367299023379
4.51505016722408 0.241213997662746
4.54849498327759 0.246128045803361
4.5819397993311 0.251109073833014
4.61538461538461 0.256156653734156
4.64882943143813 0.26127029803598
4.68227424749164 0.266449458848833
4.71571906354515 0.271693526986711
4.74916387959866 0.27700183118348
4.78260869565217 0.28237363740833
4.81605351170569 0.287808148285875
4.8494983277592 0.293304502626079
4.88294314381271 0.298861775069025
4.91638795986622 0.30447897584925
4.94983277591973 0.310155050684143
4.98327759197324 0.315888880790539
5.01672240802676 0.321679283033353
5.05016722408027 0.327525010209662
5.08361204013378 0.333424751471293
5.11705685618729 0.339377132888487
5.1505016722408 0.345380718156787
5.18394648829431 0.351434009448766
5.21739130434783 0.357535448411728
5.25083612040134 0.363683417311943
5.28428093645485 0.369876240325458
5.31772575250836 0.376112184974898
5.35117056856187 0.38238946371114
5.38461538461538 0.388706235638088
5.4180602006689 0.395060608378219
5.45150501672241 0.401450640075929
5.48494983277592 0.4078743415351
5.51839464882943 0.414329678486737
5.55183946488294 0.420814573981883
5.58528428093645 0.427326910904473
5.61872909698997 0.433864534598209
5.65217391304348 0.440425255600987
5.68561872909699 0.447006852479896
5.7190635451505 0.453607074759318
5.75250836120401 0.460223645934181
5.78595317725753 0.466854266560019
5.81939799331104 0.473496617411074
5.85284280936455 0.480148362697369
5.88628762541806 0.486807153331339
5.91973244147157 0.493470630234392
5.95317725752508 0.500136427673532
5.9866220735786 0.506802176618051
6.02006688963211 0.513465508106179
6.05351170568562 0.520124056611509
6.08695652173913 0.526775463399076
6.12040133779264 0.533417379860943
6.15384615384615 0.540047470821314
6.18729096989967 0.546663417801337
6.22073578595318 0.553262922233929
6.25418060200669 0.559843708619283
6.2876254180602 0.566403527611946
6.32107023411371 0.572940159030754
6.35451505016722 0.579451414783264
6.38795986622074 0.585935141696792
6.42140468227425 0.592389224248561
6.45484949832776 0.598811587188039
6.48829431438127 0.605200198044994
6.52173913043478 0.61155306951738
6.55518394648829 0.617868261733744
6.58862876254181 0.624143884385372
6.62207357859532 0.630378098724068
6.65551839464883 0.636569119421981
6.68896321070234 0.642715216290577
6.72240802675585 0.648814715856402
6.75585284280936 0.654866002791936
6.78929765886288 0.660867521200403
6.82274247491639 0.66681777575401
6.8561872909699 0.672715332685652
6.88963210702341 0.678558820634695
6.92307692307692 0.684346931347956
6.95652173913043 0.690078420237554
6.98996655518395 0.695752106797771
7.02341137123746 0.701366874883536
7.05685618729097 0.706921672853569
7.09030100334448 0.712415513581666
7.12374581939799 0.717847474339923
7.1571906354515 0.723216696558098
7.19063545150502 0.728522385463574
7.22408026755853 0.7337638096067
7.25752508361204 0.738940300276494
7.29096989966555 0.744051250811937
7.32441471571906 0.749096115814244
7.35785953177257 0.754074410265643
7.39130434782609 0.758985708560305
7.4247491638796 0.763829643453174
7.45819397993311 0.76860590493246
7.49163879598662 0.773314239021606
7.52508361204013 0.77795444651654
7.55852842809364 0.782526381663977
7.59197324414716 0.787029950786501
7.62541806020067 0.791465110860058
7.65886287625418 0.795831868049435
7.69230769230769 0.80013027620713
7.7257525083612 0.804360435340939
7.75919732441471 0.808522490055397
7.79264214046823 0.812616627972073
7.82608695652174 0.816643078133531
7.85953177257525 0.82060210939559
7.89297658862876 0.824494028812313
7.92642140468227 0.828319180017971
7.95986622073579 0.832077941610003
7.9933110367893 0.835770725536776
8.02675585284281 0.839397975493775
8.06020066889632 0.842960165331568
8.09364548494983 0.846457797478745
8.12709030100334 0.849891401382752
8.16053511705686 0.853261531971379
8.19397993311037 0.856568768137393
8.22742474916388 0.859813711248654
8.26086956521739 0.862996983685792
8.2943143812709 0.866119227409376
8.32775919732441 0.869181102558252
8.36120401337793 0.872183286080602
8.39464882943144 0.875126470399033
8.42809364548495 0.878011362110873
8.46153846153846 0.880838680724656
8.49498327759197 0.883609157433632
8.52842809364548 0.886323533926976
8.561872909699 0.888982561239228
8.59531772575251 0.891586998638353
8.62876254180602 0.894137612552683
8.66220735785953 0.896635175536886
8.69565217391304 0.899080465276982
8.72909698996656 0.901474263634323
8.76254180602007 0.903817355728359
8.79598662207358 0.906110529057914
8.82943143812709 0.908354572660618
8.8628762541806 0.910550276310056
8.89632107023411 0.912698429750122
8.92976588628762 0.914799821966027
8.96321070234114 0.916855240491309
8.99665551839465 0.918865470750181
9.03010033444816 0.920831295434487
9.06354515050167 0.922753493914503
9.09698996655518 0.924632841682769
9.1304347826087 0.926470109830149
9.16387959866221 0.928266064553229
9.19732441471572 0.930021466692201
9.23076923076923 0.931737071298335
9.26421404682274 0.933413627230121
9.29765886287625 0.935051876777181
9.33110367892977 0.936652555311024
9.36454849498328 0.938216390961713
9.39799331103679 0.939744104319544
9.4314381270903 0.941236408160781
9.46488294314381 0.942694007196575
9.49832775919732 0.944117597844123
9.53177257525084 0.945507868019194
9.56521739130435 0.946865496949127
9.59866220735786 0.948191155005427
9.63210702341137 0.949485503555115
9.66555183946488 0.950749194829966
9.69899665551839 0.951982871812838
9.73244147157191 0.953187168140263
9.76588628762542 0.954362708020529
9.79933110367893 0.955510106166471
9.83277591973244 0.956629967742235
9.86622073578595 0.957722888323278
9.89966555183946 0.958789453868909
9.93311036789298 0.959830240706669
9.96655518394649 0.960845815527906
10 0.961836735393892
