0 0.0411299057646342
0.0334448160535117 0.0420066903080434
0.0668896321070234 0.0429013294029873
0.100334448160535 0.043814150684937
0.133779264214047 0.0447454862560689
0.167224080267559 0.0456956726771234
0.20066889632107 0.0466650509554331
0.234113712374582 0.0476539665289385
0.267558528428094 0.0486627692460071
0.301003344481605 0.0496918133408664
0.334448160535117 0.050741457404456
0.367892976588629 0.051812064350501
0.40133779264214 0.0529040013766041
0.434782608695652 0.0540176399201488
0.468227424749164 0.055153355608804
0.501672240802676 0.0563115282054136
0.535117056856187 0.0574925415470543
0.568561872909699 0.058696783478038
0.602006688963211 0.0599246457766351
0.635451505016722 0.0611765240752882
0.668896321070234 0.0624528177740879
0.702341137123746 0.0637539299472733
0.735785953177257 0.0650802672425254
0.769230769230769 0.0664322397728117
0.802675585284281 0.0678102610005461
0.836120401337793 0.0692147476138214
0.869565217391304 0.0706461193944755
0.903010033444816 0.0721047990777483
0.936454849498328 0.0735912122032905
0.969899665551839 0.0751057869572832
1.00334448160535 0.076648954005431
1.03678929765886 0.0782211463165914
1.07023411371237 0.0798227989768079
1.10367892976589 0.0814543489935175
1.1371237458194 0.0831162350897043
1.17056856187291 0.0848088974877813
1.20401337792642 0.0865327776829836
1.23745819397993 0.0882883182060653
1.27090301003344 0.0900759623750983
1.30434782608696 0.0918961540361816
1.33779264214047 0.0937493372928773
1.37123745819398 0.095635956224201
1.40468227424749 0.0975564545910054
1.438127090301 0.0995112755306079
1.47157190635451 0.101500861239529
1.50501672240803 0.103525652644218
1.53846153846154 0.10558608905967
1.57190635451505 0.107682607835834
1.60535117056856 0.109815643991762
1.63879598662207 0.11198562983743
1.67224080267559 0.114192994583229
1.7056856187291 0.116438163937094
1.73913043478261 0.118721559689316
1.77257525083612 0.121043599285067
1.80602006688963 0.123404695384706
1.83946488294314 0.125805255411989
1.87290969899666 0.128245681090277
1.90635451505017 0.130726367966937
1.93979933110368 0.133247704926106
1.97324414715719 0.135810073690047
2.0066889632107 0.13841384830937
2.04013377926421 0.141059394642398
2.07357859531773 0.143747069824031
2.10702341137124 0.146477221724461
2.14046822742475 0.149250188398179
2.17391304347826 0.152066297523692
2.20735785953177 0.154925865834491
2.24080267558528 0.157829198541767
2.2742474916388 0.160776588749498
2.30769230769231 0.163768316862497
2.34113712374582 0.166804649988139
2.37458193979933 0.169885841332445
2.40802675585284 0.173012129591323
2.44147157190635 0.176183738337757
2.47491638795987 0.179400875405826
2.50836120401338 0.182663732272437
2.54180602006689 0.185972483437744
2.5752508361204 0.18932728580525
2.60869565217391 0.19272827806263
2.64214046822742 0.196175580064376
2.67558528428094 0.199669292217396
2.70903010033445 0.20320949487074
2.74247491638796 0.206796247710681
2.77591973244147 0.2104295891624
2.80936454849498 0.214109535799579
2.84280936454849 0.217836081763235
2.87625418060201 0.221609198191151
2.90969899665552 0.225428832659314
2.94314381270903 0.229294908636767
2.97658862876254 0.233207324955342
3.01003344481605 0.23716595529573
3.04347826086956 0.241170647691376
3.07692307692308 0.245221224051714
3.11036789297659 0.249317479706228
3.1438127090301 0.253459182970876
3.17725752508361 0.257646074738385
3.21070234113712 0.261877868093925
3.24414715719064 0.266154247957667
3.27759197324415 0.270474870755717
3.31103678929766 0.274839364120891
3.34448160535117 0.279247326624764
3.37792642140468 0.283698327542427
3.41137123745819 0.288191906651303
3.44481605351171 0.292727574065368
3.47826086956522 0.29730481010606
3.51170568561873 0.301923065211096
3.54515050167224 0.306581759882376
3.57859531772575 0.311280284674074
3.61204013377926 0.316018000221939
3.64548494983278 0.320794237314769
3.67892976588629 0.325608297008915
3.7123745819398 0.330459450786611
3.74581939799331 0.335346940758791
3.77926421404682 0.340269979913003
3.81270903010033 0.345227752406886
3.84615384615385 0.350219413907586
3.87959866220736 0.355244091977373
3.91304347826087 0.360300886505594
3.94648829431438 0.365388870187
3.97993311036789 0.370507089046322
4.0133779264214 0.375654563008886
4.04682274247492 0.380830286516916
4.08026755852843 0.386033229191015
4.11371237458194 0.391262336536234
4.14715719063545 0.396516530691972
4.18060200668896 0.401794711224822
4.21404682274247 0.407095755963368
4.24749163879599 0.412418521873779
4.2809364548495 0.417761845974946
4.31438127090301 0.423124546291765
4.34782608695652 0.428505422845047
4.38127090301003 0.433903258676435
4.41471571906354 0.439316820906562
4.44816053511706 0.444744861824611
4.48160535117057 0.450186120007299
4.51505016722408 0.455639321465229
4.54849498327759 0.461103180814451
4.5819397993311 0.466576402471003
4.61538461538461 0.472057681866093
4.64882943143813 0.477545706679541
4.68227424749164 0.48303915808903
4.71571906354515 0.488536712032644
4.74916387959866 0.494037040482141
4.78260869565217 0.499538812724375
4.81605351170569 0.505040696648229
4.8494983277592 0.510541360034425
4.88294314381271 0.51603947184556
4.91638795986622 0.521533703513704
4.94983277591973 0.52702273022293
4.98327759197324 0.532505232184133
5.01672240802676 0.537979895899554
5.05016722408027 0.543445415414426
5.08361204013378 0.548900493553244
5.11705685618729 0.55434384313818
5.1505016722408 0.55977418818724
5.18394648829431 0.565190265089842
5.21739130434783 0.570590823757546
5.25083612040134 0.575974628747772
5.28428093645485 0.581340460358431
5.31772575250836 0.586687115691483
5.35117056856187 0.592013409683547
5.38461538461538 0.597318176101802
5.4180602006689 0.602600268503517
5.45150501672241 0.60785856115768
5.48494983277592 0.613091949927319
5.51839464882943 0.618299353111216
5.55183946488294 0.623479712243863
5.58528428093645 0.628631992852625
5.61872909698997 0.633755185171211
5.65217391304348 0.638848304808681
5.68561872909699 0.643910393373357
5.7190635451505 0.648940519051121
5.75250836120401 0.65393777713774
5.78595317725753 0.658901290524945
5.81939799331104 0.663830210140167
5.85284280936455 0.668723715339912
5.88628762541806 0.673581014256908
5.91973244147157 0.678401344101264
5.95317725752508 0.683183971415983
5.9866220735786 0.687928192287311
6.02006688963211 0.692633332510472
6.05351170568562 0.697298747711471
6.08695652173913 0.701923823425724
6.12040133779264 0.70650797513436
6.15384615384615 0.711050648259159
6.18729096989967 0.715551318117108
6.22073578595318 0.720009489835699
6.25418060200669 0.724424698230104
6.2876254180602 0.728796507643462
6.32107023411371 0.733124511751535
6.35451505016722 0.73740833333308
6.38795986622074 0.741647624007289
6.42140468227425 0.7458420639397
6.45484949832776 0.749991361518036
6.48829431438127 0.754095252999415
6.52173913043478 0.758153502130428
6.55518394648829 0.762165899741581
6.58862876254181 0.766132263317618
6.62207357859532 0.770052436545222
6.65551839464883 0.773926288839637
6.68896321070234 0.777753714851703
6.72240802675585 0.781534633956805
6.75585284280936 0.785268989727244
6.78929765886288 0.788956749389485
6.82274247491639 0.792597903267737
6.8561872909699 0.796192464215307
6.88963210702341 0.799740467035107
6.92307692307692 0.803241967890705
6.95652173913043 0.806697043709245
6.98996655518395 0.810105791577547
7.02341137123746 0.813468328132643
7.05685618729097 0.816784788947984
7.09030100334448 0.820055327916501
7.12374581939799 0.823280116631655
7.1571906354515 0.826459343767589
7.19063545150502 0.829593214459416
7.22408026755853 0.832681949684672
7.25752508361204 0.835725785646881
7.29096989966555 0.838724973162156
7.32441471571906 0.841679777049696
7.35785953177257 0.844590475527013
7.39130434782609 0.847457359610652
7.4247491638796 0.850280732523136
7.45819397993311 0.853060909106826
7.49163879598662 0.85579821524532
7.52508361204013 0.858492987292993
7.55852842809364 0.861145571513214
7.59197324414716 0.863756323525765
7.62541806020067 0.866325607763896
7.65886287625418 0.868853796941458
7.69230769230769 0.871341271530492
7.7257525083612 0.873788419249598
7.75919732441471 0.876195634563413
7.79264214046823 0.878563318193447
7.82608695652174 0.880891876640509
7.85953177257525 0.883181721718935
7.89297658862876 0.885433270102767
7.92642140468227 0.887646942884029
7.95986622073579 0.889823165143198
7.9933110367893 0.891962365531949
8.02675585284281 0.894064975868219
8.06020066889632 0.896131430743625
8.09364548494983 0.89816216714322
8.12709030100334 0.900157624077575
8.16053511705686 0.902118242227143
8.19397993311037 0.904044463598827
8.22742474916388 0.905936731194687
8.26086956521739 0.907795488692673
8.2943143812709 0.909621180139265
8.32775919732441 0.9114142496539
8.36120401337793 0.913175141145022
8.39464882943144 0.914904298037619
8.42809364548495 0.916602163012048
8.46153846153846 0.918269177753988
8.49498327759197 0.919905782715331
8.52842809364548 0.921512416885788
8.561872909699 0.92308951757503
8.59531772575251 0.924637520205139
8.62876254180602 0.926156858113139
8.66220735785953 0.927647962363403
8.69565217391304 0.929111261569686
8.72909698996656 0.930547181726571
8.76254180602007 0.931956146050065
8.79598662207358 0.933338574827144
8.82943143812709 0.934694885273973
8.8628762541806 0.936025491402579
8.89632107023411 0.93733080389573
8.92976588628762 0.938611229989787
8.96321070234114 0.939867173365272
8.99665551839465 0.941099034044933
9.03010033444816 0.942307208299053
9.06354515050167 0.943492088557767
9.09698996655518 0.944654063330172
9.1304347826087 0.945793517129966
9.16387959866221 0.946910830407419
9.19732441471572 0.948006379487428
9.23076923076923 0.949080536513448
9.26421404682274 0.950133669397067
9.29765886287625 0.95116614177302
9.33110367892977 0.952178312959425
9.36454849498328 0.95317053792304
9.39799331103679 0.954143167249321
9.4314381270903 0.955096547117105
9.46488294314381 0.956031019277708
9.49832775919732 0.956946921038247
9.53177257525084 0.957844585249011
9.56521739130435 0.958724340294687
9.59866220735786 0.959586510089276
9.63210702341137 0.960431414074522
9.66555183946488 0.961259367221676
9.69899665551839 0.962070680036458
9.73244147157191 0.96286565856703
9.76588628762542 0.963644604414849
9.79933110367893 0.964407814748238
9.83277591973244 0.965155582318533
9.86622073578595 0.965888195478675
9.89966555183946 0.966605938204098
9.93311036789298 0.967309090115794
9.96655518394649 0.967997926505417
10 0.968672718362323
