0 0.0395720944565676
0.0334448160535117 0.0403028424199723
0.0668896321070234 0.0410465078435835
0.100334448160535 0.0418032976158458
0.133779264214047 0.042573421140465
0.167224080267559 0.0433570903361934
0.20066889632107 0.044154519635163
0.234113712374582 0.0449659259797023
0.267558528428094 0.0457915288175756
0.301003344481605 0.0466315500955777
0.334448160535117 0.0474862142514196
0.367892976588629 0.0483557482038353
0.40133779264214 0.0492403813408419
0.434782608695652 0.0501403455060819
0.468227424749164 0.051055874983175
0.501672240802676 0.0519872064780068
0.535117056856187 0.0529345790988793
0.568561872909699 0.0538982343344465
0.602006688963211 0.0548784160293585
0.635451505016722 0.0558753703575356
0.668896321070234 0.0568893457929919
0.702341137123746 0.0579205930781275
0.735785953177257 0.0589693651894087
0.769230769230769 0.0600359173003516
0.802675585284281 0.0611205067417262
0.836120401337793 0.0622233929588957
0.869565217391304 0.0633448374662063
0.903010033444816 0.0644851037983399
0.936454849498328 0.0656444574585451
0.969899665551839 0.0668231658636568
1.00334448160535 0.0680214982858183
1.03678929765886 0.0692397257908179
1.07023411371237 0.0704781211729511
1.10367892976589 0.0717369588863218
1.1371237458194 0.0730165149724925
1.17056856187291 0.0743170669843984
1.20401337792642 0.0756388939064362
1.23745819397993 0.0769822760706422
1.27090301003344 0.078347495068873
1.30434782608696 0.0797348336609059
1.33779264214047 0.0811445756783721
1.37123745819398 0.0825770059244445
1.40468227424749 0.0840324100691958
1.438127090301 0.0855110745405508
1.47157190635451 0.0870132864107537
1.50501672240803 0.0885393332782786
1.53846153846154 0.0900895031451084
1.57190635451505 0.0916640842893146
1.60535117056856 0.0932633651328722
1.63879598662207 0.094887634104645
1.67224080267559 0.0965371794984843
1.7056856187291 0.098212289326384
1.73913043478261 0.0999132511666433
1.77257525083612 0.101640352006987
1.80602006688963 0.103393878082608
1.83946488294314 0.105174114709086
1.87290969899666 0.106981346110161
1.90635451505017 0.108815855240339
1.93979933110368 0.110677923602289
1.97324414715719 0.112567831059056
2.0066889632107 0.114485855641051
2.04013377926421 0.116432273347838
2.07357859531773 0.118407357944727
2.10702341137124 0.120411380754185
2.14046822742475 0.1224446104421
2.17391304347826 0.124507312798922
2.20735785953177 0.126599750515745
2.24080267558528 0.128722182955356
2.2742474916388 0.130874865918348
2.30769230769231 0.133058051404348
2.34113712374582 0.135271987368454
2.37458193979933 0.137516917472982
2.40802675585284 0.139793080834623
2.44147157190635 0.142100711767138
2.47491638795987 0.144440039519718
2.50836120401338 0.14681128801116
2.54180602006689 0.149214675560007
2.5752508361204 0.151650414610833
2.60869565217391 0.154118711456858
2.64214046822742 0.156619765959078
2.67558528428094 0.159153771262134
2.70903010033445 0.16172091350715
2.74247491638796 0.164321371541764
2.77591973244147 0.166955316627622
2.80936454849498 0.169622912145599
2.84280936454849 0.172324313299033
2.87625418060201 0.175059666815264
2.90969899665552 0.177829110645808
2.94314381270903 0.180632773665481
2.97658862876254 0.183470775370812
3.01003344481605 0.186343225578132
3.04347826086956 0.189250224121671
3.07692307692308 0.192191860552086
3.11036789297659 0.195168213835802
3.1438127090301 0.198179352055585
3.17725752508361 0.201225332112778
3.21070234113712 0.204306199431645
3.24414715719064 0.207421987666269
3.27759197324415 0.210572718410477
3.31103678929766 0.213758400911271
3.34448160535117 0.216979031786254
3.37792642140468 0.220234594745547
3.41137123745819 0.223525060318713
3.44481605351171 0.226850385587201
3.47826086956522 0.230210513922843
3.51170568561873 0.23360537473293
3.54515050167224 0.237034883212414
3.57859531772575 0.240498940103773
3.61204013377926 0.243997431465098
3.64548494983278 0.247530228446949
3.67892976588629 0.251097187078522
3.7123745819398 0.25469814806371
3.74581939799331 0.258332936587577
3.77926421404682 0.262001362133817
3.81270903010033 0.265703218313748
3.84615384615385 0.269438282707359
3.87959866220736 0.273206316716977
3.91304347826087 0.277007065434056
3.94648829431438 0.280840257519621
3.97993311036789 0.284705605098866
4.0133779264214 0.288602803670405
4.04682274247492 0.292531532030649
4.08026755852843 0.296491452213778
4.11371237458194 0.300482209447755
4.14715719063545 0.304503432126801
4.18060200668896 0.308554731800742
4.21404682274247 0.312635703181612
4.24749163879599 0.316745924167869
4.2809364548495 0.320884955886555
4.31438127090301 0.325052342753709
4.34782608695652 0.329247612553313
4.38127090301003 0.33347027653501
4.41471571906354 0.337719829530821
4.44816053511706 0.341995750091031
4.48160535117057 0.346297500639406
4.51505016722408 0.350624527647846
4.54849498327759 0.354976261830549
4.5819397993311 0.359352118357739
4.61538461538461 0.363751497088943
4.64882943143813 0.368173782825791
4.68227424749164 0.372618345584259
4.71571906354515 0.37708454088623
4.74916387959866 0.381571710070228
4.78260869565217 0.386079180621111
4.81605351170569 0.390606266518493
4.8494983277592 0.395152268603601
4.88294314381271 0.399716474964252
4.91638795986622 0.404298161337583
4.94983277591973 0.408896591530118
4.98327759197324 0.413511017854736
5.01672240802676 0.418140681584048
5.05016722408027 0.422784813419651
5.08361204013378 0.427442633976703
5.11705685618729 0.432113354283211
5.1505016722408 0.436796176293397
5.18394648829431 0.441490293414458
5.21739130434783 0.44619489104603
5.25083612040134 0.450909147131599
5.28428093645485 0.455632232721105
5.31772575250836 0.460363312543928
5.35117056856187 0.465101545591439
5.38461538461538 0.469846085708262
5.4180602006689 0.474596082191381
5.45150501672241 0.479350680396187
5.48494983277592 0.484109022348578
5.51839464882943 0.488870247362151
5.55183946488294 0.493633492659577
5.58528428093645 0.498397893997197
5.61872909698997 0.503162586291871
5.65217391304348 0.507926704249126
5.68561872909699 0.512689382991634
5.7190635451505 0.517449758687036
5.75250836120401 0.522206969174166
5.78595317725753 0.526960154586692
5.81939799331104 0.531708457973226
5.85284280936455 0.536451025912955
5.88628762541806 0.541187009125856
5.91973244147157 0.54591556307657
5.95317725752508 0.550635848571038
5.9866220735786 0.555347032345006
6.02006688963211 0.560048287643533
6.05351170568562 0.564738794790669
6.08695652173913 0.569417741748478
6.12040133779264 0.57408432466462
6.15384615384615 0.578737748407733
6.18729096989967 0.583377227089886
6.22073578595318 0.588001984575403
6.25418060200669 0.592611254975402
6.2876254180602 0.597204283127419
6.32107023411371 0.601780325059518
6.35451505016722 0.606338648438354
6.38795986622074 0.610878533000657
6.42140468227425 0.615399270967664
6.45484949832776 0.619900167442085
6.48829431438127 0.624380540787175
6.52173913043478 0.628839722987593
6.55518394648829 0.633277059991719
6.58862876254181 0.637691912035159
6.62207357859532 0.642083653945222
6.65551839464883 0.646451675426168
6.68896321070234 0.650795381325095
6.72240802675585 0.655114191878354
6.75585284280936 0.659407542938421
6.78929765886288 0.663674886181217
6.82274247491639 0.667915689293878
6.8561872909699 0.672129436143031
6.88963210702341 0.676315626923662
6.92307692307692 0.680473778288713
6.95652173913043 0.684603423459547
6.98996655518395 0.688704112317499
7.02341137123746 0.69277541147672
7.05685618729097 0.696816904338578
7.09030100334448 0.700828191127914
7.12374581939799 0.704808888911441
7.1571906354515 0.708758631598663
7.19063545150502 0.712677069925649
7.22408026755853 0.716563871422072
7.25752508361204 0.72041872036192
7.29096989966555 0.724241317698313
7.32441471571906 0.72803138098287
7.35785953177257 0.731788644270113
7.39130434782609 0.73551285800737
7.4247491638796 0.739203788910692
7.45819397993311 0.742861219827287
7.49163879598662 0.746484949584991
7.52508361204013 0.750074792829319
7.55852842809364 0.753630579848608
7.59197324414716 0.757152156387827
7.62541806020067 0.760639383451577
7.65886287625418 0.764092137096847
7.69230769230769 0.767510308216079
7.7257525083612 0.770893802311084
7.75919732441471 0.774242539258374
7.79264214046823 0.777556453066465
7.82608695652174 0.78083549162568
7.85953177257525 0.784079616451011
7.89297658862876 0.787288802418576
7.92642140468227 0.7904630374962
7.95986622073579 0.793602322468636
7.9933110367893 0.796706670657963
8.02675585284281 0.799776107639645
8.06020066889632 0.802810670954759
8.09364548494983 0.805810409818879
8.12709030100334 0.80877538482809
8.16053511705686 0.811705667662581
8.19397993311037 0.814601340788302
8.22742474916388 0.817462497157076
8.26086956521739 0.820289239905636
8.2943143812709 0.823081682053963
8.32775919732441 0.825839946203344
8.36120401337793 0.828564164234518
8.39464882943144 0.831254477006295
8.42809364548495 0.833911034054977
8.46153846153846 0.836533993294946
8.49498327759197 0.839123520720729
8.52842809364548 0.841679790110843
8.561872909699 0.844202982733737
8.59531772575251 0.84669328705608
8.62876254180602 0.849150898453694
8.66220735785953 0.851576018925348
8.69565217391304 0.853968856809681
8.72909698996656 0.856329626505443
8.76254180602007 0.858658548195294
8.79598662207358 0.860955847573332
8.82943143812709 0.863221755576537
8.8628762541806 0.865456508120299
8.89632107023411 0.867660345838184
8.92976588628762 0.869833513826073
8.96321070234114 0.871976261390818
8.99665551839465 0.874088841803501
9.03010033444816 0.876171512057441
9.06354515050167 0.87822453263101
9.09698996655518 0.880248167255351
9.1304347826087 0.882242682687071
9.16387959866221 0.884208348485978
9.19732441471572 0.88614543679789
9.23076923076923 0.888054222142585
9.26421404682274 0.889934981206904
9.29765886287625 0.891787992643044
9.33110367892977 0.89361353687205
9.36454849498328 0.895411895892515
9.39799331103679 0.89718335309449
9.4314381270903 0.898928193078593
9.46488294314381 0.900646701480302
9.49832775919732 0.902339164799425
9.53177257525084 0.904005870234695
9.56521739130435 0.90564710552348
9.59866220735786 0.907263158786565
9.63210702341137 0.908854318377949
9.66555183946488 0.910420872739625
9.69899665551839 0.911963110261291
9.73244147157191 0.913481319144919
9.76588628762542 0.914975787274139
9.79933110367893 0.916446802088365
9.83277591973244 0.917894650461598
9.86622073578595 0.919319618585841
9.89966555183946 0.920721991859035
9.93311036789298 0.922102054777472
9.96655518394649 0.923460090832574
10 0.924796382411984
