0 0.040640750441749
0.0334448160535117 0.0415118422918258
0.0668896321070234 0.0424007798827317
0.100334448160535 0.0433078931437034
0.133779264214047 0.0442335165617185
0.167224080267559 0.0451779891752519
0.20066889632107 0.0461416545641884
0.234113712374582 0.0471248608357063
0.267558528428094 0.0481279606059428
0.301003344481605 0.0491513109772494
0.334448160535117 0.0501952735108364
0.367892976588629 0.0512602141946059
0.40133779264214 0.0523465034059644
0.434782608695652 0.0534545158694035
0.468227424749164 0.0545846306086334
0.501672240802676 0.0557372308930476
0.535117056856187 0.056912704178296
0.568561872909699 0.0581114420407373
0.602006688963211 0.05933384010554
0.635451505016722 0.0605802979681969
0.668896321070234 0.0618512191092149
0.702341137123746 0.0631470108017407
0.735785953177257 0.0644680840118771
0.769230769230769 0.0658148532914477
0.802675585284281 0.06718773666296
0.836120401337793 0.0685871554965217
0.869565217391304 0.070013534378459
0.903010033444816 0.0714673009713881
0.936454849498328 0.072948885865492
0.969899665551839 0.0744587224207513
1.00334448160535 0.0759972465998847
1.03678929765886 0.0775648967917518
1.07023411371237 0.0791621136249756
1.10367892976589 0.0807893397715466
1.1371237458194 0.0824470197401707
1.17056856187291 0.0841355996591325
1.20401337792642 0.0858555270484473
1.23745819397993 0.0876072505810835
1.27090301003344 0.0893912198330454
1.30434782608696 0.0912078850221123
1.33779264214047 0.0930576967350408
1.37123745819398 0.0949411056430485
1.40468227424749 0.0968585622054064
1.438127090301 0.0988105163609819
1.47157190635451 0.100797417207587
1.50501672240803 0.102819712669004
1.53846153846154 0.104877849149569
1.57190635451505 0.10697227117623
1.60535117056856 0.109103421027981
1.63879598662207 0.111271738352641
1.67224080267559 0.113477659770921
1.7056856187291 0.115721618467782
1.73913043478261 0.118004043771077
1.77257525083612 0.120325360717543
1.80602006688963 0.122685989606181
1.83946488294314 0.125086345539131
1.87290969899666 0.127526837950164
1.90635451505017 0.130007870120951
1.93979933110368 0.132529838685288
1.97324414715719 0.135093133121506
2.0066889632107 0.137698135233331
2.04013377926421 0.14034521861948
2.07357859531773 0.143034748132332
2.10702341137124 0.145767079326062
2.14046822742475 0.148542557894627
2.17391304347826 0.151361519100097
2.20735785953177 0.154224287191805
2.24080267558528 0.157131174816881
2.2742474916388 0.160082482422755
2.30769230769231 0.163078497652277
2.34113712374582 0.166119494732122
2.37458193979933 0.169205733855241
2.40802675585284 0.172337460558116
2.44147157190635 0.175514905093668
2.47491638795987 0.178738281800681
2.50836120401338 0.182007788470691
2.54180602006689 0.185323605713298
2.5752508361204 0.188685896320938
2.60869565217391 0.192094804634182
2.64214046822742 0.195550455908691
2.67558528428094 0.199052955684973
2.70903010033445 0.202602389162185
2.74247491638796 0.206198820577195
2.77591973244147 0.209842292590234
2.80936454849498 0.213532825678452
2.84280936454849 0.217270417538753
2.87625418060201 0.221055042501332
2.90969899665552 0.224886650955329
2.94314381270903 0.22876516878809
2.97658862876254 0.23269049683952
3.01003344481605 0.236662510373049
3.04347826086956 0.240681058564743
3.07692307692308 0.244745964012123
3.11036789297659 0.248857022264235
3.1438127090301 0.253014001374556
3.17725752508361 0.257216641478297
3.21070234113712 0.261464654395666
3.24414715719064 0.265757723262655
3.27759197324415 0.270095502190875
3.31103678929766 0.27447761595799
3.34448160535117 0.278903659730212
3.37792642140468 0.283373198818342
3.41137123745819 0.287885768468781
3.44481605351171 0.292440873690881
3.47826086956522 0.297037989121986
3.51170568561873 0.301676558931424
3.54515050167224 0.306355996764667
3.57859531772575 0.311075685728816
3.61204013377926 0.315834978420458
3.64548494983278 0.320633196996911
3.67892976588629 0.325469633291736
3.7123745819398 0.330343548975344
3.74581939799331 0.335254175761402
3.77926421404682 0.340200715659647
3.81270903010033 0.34518234127561
3.84615384615385 0.35019819615764
3.87959866220736 0.355247395191498
3.91304347826087 0.360329025042663
3.94648829431438 0.365442144646381
3.97993311036789 0.370585785745351
4.0133779264214 0.375758953474811
4.04682274247492 0.380960626994652
4.08026755852843 0.386189760168065
4.11371237458194 0.391445282286071
4.14715719063545 0.396726098837165
4.18060200668896 0.402031092321158
4.21404682274247 0.407359123106174
4.24749163879599 0.412709030327602
4.2809364548495 0.418079632827716
4.31438127090301 0.423469730134487
4.34782608695652 0.428878103478029
4.38127090301003 0.434303516842985
4.41471571906354 0.439744718055029
4.44816053511706 0.445200439899552
4.48160535117057 0.450669401270506
4.51505016722408 0.45615030834725
4.54849498327759 0.461641855797169
4.5819397993311 0.467142728001739
4.61538461538461 0.472651600303624
4.64882943143813 0.478167140272334
4.68227424749164 0.483688008985881
4.71571906354515 0.48921286232585
4.74916387959866 0.49474035228322
4.78260869565217 0.500269128272247
4.81605351170569 0.505797838449704
4.8494983277592 0.511325131036724
4.88294314381271 0.516849655640515
4.91638795986622 0.522370064573193
4.94983277591973 0.527885014165004
4.98327759197324 0.533393166069217
5.01672240802676 0.538893188555997
5.05016722408027 0.544383757792624
5.08361204013378 0.549863559107454
5.11705685618729 0.555331288235076
5.1505016722408 0.560785652540197
5.18394648829431 0.566225372217855
5.21739130434783 0.571649181467635
5.25083612040134 0.577055829639669
5.28428093645485 0.582444082350278
5.31772575250836 0.587812722565236
5.35117056856187 0.593160551648734
5.38461538461538 0.598486390376232
5.4180602006689 0.603789079909531
5.45150501672241 0.609067482732485
5.48494983277592 0.614320483545932
5.51839464882943 0.619546990120537
5.55183946488294 0.624745934106374
5.58528428093645 0.629916271798218
5.61872909698997 0.63505698485564
5.65217391304348 0.640167080977145
5.68561872909699 0.645245594527738
5.7190635451505 0.650291587119399
5.75250836120401 0.655304148144144
5.78595317725753 0.66028239525943
5.81939799331104 0.665225474825811
5.85284280936455 0.670132562296894
5.88628762541806 0.675002862561741
5.91973244147157 0.679835610240014
5.95317725752508 0.684630069930238
5.9866220735786 0.689385536411731
6.02006688963211 0.694101334800777
6.05351170568562 0.698776820661799
6.08695652173913 0.703411380074336
6.12040133779264 0.708004429656731
6.15384615384615 0.712555416547543
6.18729096989967 0.717063818345747
6.22073578595318 0.721529143010881
6.25418060200669 0.725950928724356
6.2876254180602 0.730328743713214
6.32107023411371 0.734662186037672
6.35451505016722 0.738950883343833
6.38795986622074 0.743194492582997
6.42140468227425 0.747392699699046
6.45484949832776 0.75154521928539
6.48829431438127 0.755651794212999
6.52173913043478 0.759712195231079
6.55518394648829 0.763726220541923
6.58862876254181 0.767693695351528
6.62207357859532 0.771614471397529
6.65551839464883 0.775488426456029
6.68896321070234 0.779315463828876
6.72240802675585 0.783095511812944
6.75585284280936 0.786828523152952
6.78929765886288 0.790514474479332
6.82274247491639 0.794153365732643
6.8561872909699 0.797745219576002
6.88963210702341 0.801290080796951
6.92307692307692 0.80478801570019
6.95652173913043 0.808239111492524
6.98996655518395 0.811643475661362
7.02341137123746 0.815001235348063
7.05685618729097 0.818312536717375
7.09030100334448 0.821577544324177
7.12374581939799 0.824796440478673
7.1571906354515 0.827969424611179
7.19063545150502 0.831096712637535
7.22408026755853 0.834178536326205
7.25752508361204 0.837215142667999
7.29096989966555 0.840206793249362
7.32441471571906 0.843153763630108
7.35785953177257 0.846056342726406
7.39130434782609 0.848914832199816
7.4247491638796 0.851729545853094
7.45819397993311 0.854500809033452
7.49163879598662 0.857228958043902
7.52508361204013 0.859914339563281
7.55852842809364 0.862557310075495
7.59197324414716 0.865158235308479
7.62541806020067 0.867717489683338
7.65886287625418 0.87023545577406
7.69230769230769 0.872712523778203
7.7257525083612 0.87514909099886
7.75919732441471 0.877545561338213
7.79264214046823 0.879902344802921
7.82608695652174 0.882219857021566
7.85953177257525 0.884498518774349
7.89297658862876 0.886738755535179
7.92642140468227 0.888940997026273
7.95986622073579 0.891105676785378
7.9933110367893 0.893233231745649
8.02675585284281 0.895324101828249
8.06020066889632 0.897378729547649
8.09364548494983 0.899397559629641
8.12709030100334 0.901381038642009
8.16053511705686 0.903329614637804
8.19397993311037 0.90524373681115
8.22742474916388 0.907123855165465
8.26086956521739 0.908970420194014
8.2943143812709 0.910783882572623
8.32775919732441 0.912564692864437
8.36120401337793 0.914313301236558
8.39464882943144 0.916030157188373
8.42809364548495 0.917715709291409
8.46153846153846 0.919370404940505
8.49498327759197 0.920994690116115
8.52842809364548 0.922589009157508
8.561872909699 0.92415380454666
8.59531772575251 0.925689516702615
8.62876254180602 0.927196583786073
8.66220735785953 0.928675441513974
8.69565217391304 0.930126522983844
8.72909698996656 0.931550258507645
8.76254180602007 0.9329470754549
8.79598662207358 0.93431739810484
8.82943143812709 0.935661647507315
8.8628762541806 0.936980241352229
8.89632107023411 0.938273593847257
8.92976588628762 0.939542115603572
8.96321070234114 0.940786213529361
8.99665551839465 0.94200629073086
9.03010033444816 0.943202746420678
9.06354515050167 0.944375975833167
9.09698996655518 0.945526370146579
9.1304347826087 0.946654316411804
9.16387959866221 0.947760197487424
9.19732441471572 0.948844391980871
9.23076923076923 0.949907274195452
9.26421404682274 0.950949214083026
9.29765886287625 0.951970577202098
9.33110367892977 0.952971724681134
9.36454849498328 0.953953013186868
9.39799331103679 0.954914794897411
9.4314381270903 0.955857417479934
9.46488294314381 0.95678122407276
9.49832775919732 0.957686553271648
9.53177257525084 0.958573739120083
9.56521739130435 0.959443111103401
9.59866220735786 0.960294994146559
9.63210702341137 0.961129708615375
9.66555183946488 0.961947570321081
9.69899665551839 0.962748890528006
9.73244147157191 0.963533975964254
9.76588628762542 0.964303128835192
9.79933110367893 0.965056646839627
9.83277591973244 0.965794823188509
9.86622073578595 0.966517946626022
9.89966555183946 0.967226301452937
9.93311036789298 0.967920167552078
9.96655518394649 0.96859982041579
10 0.969265531175285
