0 0.0393634206258963
0.0334448160535117 0.0402261092428556
0.0668896321070234 0.0411068954995255
0.100334448160535 0.0420061232840918
0.133779264214047 0.0429241414380747
0.167224080267559 0.043861303755242
0.20066889632107 0.0448179689764602
0.234113712374582 0.0457945007802794
0.267558528428094 0.046791267769042
0.301003344481605 0.0478086434502982
0.334448160535117 0.0488470062133066
0.367892976588629 0.0499067393003935
0.40133779264214 0.0509882307729368
0.434782608695652 0.0520918734717374
0.468227424749164 0.0532180649715343
0.501672240802676 0.054367207529415
0.535117056856187 0.0555397080268676
0.568561872909699 0.0567359779052171
0.602006688963211 0.057956433094183
0.635451505016722 0.0592014939332914
0.668896321070234 0.0604715850858702
0.702341137123746 0.0617671354453547
0.735785953177257 0.0630885780336239
0.769230769230769 0.0644363498910883
0.802675585284281 0.0658108919582453
0.836120401337793 0.0672126489484171
0.869565217391304 0.068642069211385
0.903010033444816 0.0700996045876315
0.936454849498328 0.0715857102529022
0.969899665551839 0.0731008445528002
1.00334448160535 0.0746454688271244
1.03678929765886 0.0762200472236681
1.07023411371237 0.0778250465011914
1.10367892976589 0.0794609358212915
1.1371237458194 0.0811281865288905
1.17056856187291 0.0828272719210714
1.20401337792642 0.0845586670039972
1.23745819397993 0.0863228482376527
1.27090301003344 0.0881202932681597
1.30434782608696 0.089951480647423
1.33779264214047 0.0918168895398761
1.37123745819398 0.0937169994161059
1.40468227424749 0.0956522897331494
1.438127090301 0.0976232396012687
1.47157190635451 0.0996303274370262
1.50501672240803 0.101674030602498
1.53846153846154 0.103754825030486
1.57190635451505 0.105873184835598
1.60535117056856 0.1080295819111
1.63879598662207 0.110224485511465
1.67224080267559 0.112458361820553
1.7056856187291 0.114731673505404
1.73913043478261 0.117044879255633
1.77257525083612 0.119398433308479
1.80602006688963 0.121792784959535
1.83946488294314 0.124228378059283
1.87290969899666 0.12670565049555
1.90635451505017 0.129225033662048
1.93979933110368 0.131786951913209
1.97324414715719 0.134391822005558
2.0066889632107 0.137040052525903
2.04013377926421 0.139732043306685
2.07357859531773 0.142468184828848
2.10702341137124 0.145248857612662
2.14046822742475 0.148074431596963
2.17391304347826 0.150945265507336
2.20735785953177 0.153861706213799
2.24080267558528 0.156824088078631
2.2742474916388 0.159832732295004
2.30769230769231 0.162887946217156
2.34113712374582 0.165990022682899
2.37458193979933 0.169139239329291
2.40802675585284 0.17233585790239
2.44147157190635 0.175580123562031
2.47491638795987 0.178872264182649
2.50836120401338 0.182212489651228
2.54180602006689 0.185600991163486
2.5752508361204 0.189037940519499
2.60869565217391 0.19252348942001
2.64214046822742 0.196057768764698
2.67558528428094 0.199640887953788
2.70903010033445 0.203272934194389
2.74247491638796 0.206953971813015
2.77591973244147 0.210684041575809
2.80936454849498 0.214463160018001
2.84280936454849 0.218291318784206
2.87625418060201 0.222168483981197
2.90969899665552 0.226094595544822
2.94314381270903 0.230069566622767
2.97658862876254 0.234093282974914
3.01003344481605 0.238165602393037
3.04347826086956 0.242286354141638
3.07692307692308 0.246455338421698
3.11036789297659 0.250672325859168
3.1438127090301 0.254937057020011
3.17725752508361 0.259249241953593
3.21070234113712 0.263608559766245
3.24414715719064 0.26801465822678
3.27759197324415 0.27246715340573
3.31103678929766 0.276965629350057
3.34448160535117 0.281509637795045
3.37792642140468 0.286098697915038
3.41137123745819 0.290732296114653
3.44481605351171 0.295409885862025
3.47826086956522 0.300130887565587
3.51170568561873 0.304894688495823
3.54515050167224 0.30970064275334
3.57859531772575 0.314548071284524
3.61204013377926 0.319436261945961
3.64548494983278 0.324364469618698
3.67892976588629 0.329331916373298
3.7123745819398 0.334337791686563
3.74581939799331 0.339381252710633
3.77926421404682 0.344461424595091
3.81270903010033 0.349577400862534
3.84615384615385 0.35472824383795
3.87959866220736 0.359912985132092
3.91304347826087 0.365130626178905
3.94648829431438 0.370380138826888
3.97993311036789 0.375660465984149
4.0133779264214 0.380970522316719
4.04682274247492 0.386309194999565
4.08026755852843 0.391675344519568
4.11371237458194 0.397067805529557
4.14715719063545 0.402485387752353
4.18060200668896 0.407926876933607
4.21404682274247 0.413391035842048
4.24749163879599 0.418876605315617
4.2809364548495 0.424382305351795
4.31438127090301 0.429906836240296
4.34782608695652 0.43544887973614
4.38127090301003 0.441007100270988
4.41471571906354 0.446580146200482
4.44816053511706 0.452166651085223
4.48160535117057 0.457765235002863
4.51505016722408 0.463374505888724
4.54849498327759 0.468993060902212
4.5819397993311 0.474619487816235
4.61538461538461 0.480252366426708
4.64882943143813 0.485890269979212
4.68227424749164 0.491531766609748
4.71571906354515 0.49717542079653
4.74916387959866 0.502819794819677
4.78260869565217 0.508463450225669
4.81605351170569 0.514104949293382
4.8494983277592 0.519742856498547
4.88294314381271 0.52537573997345
4.91638795986622 0.531002172958728
4.94983277591973 0.536620735244138
4.98327759197324 0.542230014595226
5.01672240802676 0.54782860816285
5.05016722408027 0.553415123872615
5.08361204013378 0.558988181791311
5.11705685618729 0.564546415467548
5.1505016722408 0.570088473243882
5.18394648829431 0.575613019537813
5.21739130434783 0.581118736089158
5.25083612040134 0.586604323171417
5.28428093645485 0.592068500764882
5.31772575250836 0.59751000968936
5.35117056856187 0.602927612694541
5.38461538461538 0.608320095506168
5.4180602006689 0.613686267826329
5.45150501672241 0.619024964286331
5.48494983277592 0.624335045350785
5.51839464882943 0.629615398171692
5.55183946488294 0.634864937391454
5.58528428093645 0.640082605893934
5.61872909698997 0.645267375502821
5.65217391304348 0.650418247626722
5.68561872909699 0.655534253850578
5.7190635451505 0.660614456473127
5.75250836120401 0.665657948990332
5.78595317725753 0.670663856524801
5.81939799331104 0.675631336201404
5.85284280936455 0.68055957746942
5.88628762541806 0.685447802371684
5.91973244147157 0.690295265761355
5.95317725752508 0.695101255467013
5.9866220735786 0.699865092406959
6.02006688963211 0.704586130653683
6.05351170568562 0.70926375744956
6.08695652173913 0.71389739317496
6.12040133779264 0.718486491270042
6.15384615384615 0.723030538111565
6.18729096989967 0.727529052846182
6.22073578595318 0.731981587181675
6.25418060200669 0.736387725137734
6.2876254180602 0.740747082757879
6.32107023411371 0.7450593077842
6.35451505016722 0.749324079296627
6.38795986622074 0.753541107318475
6.42140468227425 0.757710132390027
6.45484949832776 0.761830925111957
6.48829431438127 0.765903285660388
6.52173913043478 0.769927043275409
6.55518394648829 0.773902055724848
6.58862876254181 0.777828208745122
6.62207357859532 0.781705415460953
6.65551839464883 0.785533615785741
6.68896321070234 0.78931277580434
6.72240802675585 0.793042887139991
6.75585284280936 0.796723966307104
6.78929765886288 0.800356054051562
6.82274247491639 0.803939214680197
6.8561872909699 0.807473535381013
6.88963210702341 0.810959125535715
6.92307692307692 0.814396116026055
6.95652173913043 0.817784658535438
6.98996655518395 0.821124924847203
7.02341137123746 0.824417106140924
7.05685618729097 0.827661412288038
7.09030100334448 0.830858071148033
7.12374581939799 0.834007327866388
7.1571906354515 0.837109444175396
7.19063545150502 0.840164697698939
7.22408026755853 0.843173381262233
7.25752508361204 0.8461358022075
7.29096989966555 0.849052281716466
7.32441471571906 0.851923154140528
7.35785953177257 0.854748766339381
7.39130434782609 0.857529477028832
7.4247491638796 0.860265656138482
7.45819397993311 0.862957684179896
7.49163879598662 0.865605951625834
7.52508361204013 0.868210858301065
7.55852842809364 0.870772812785226
7.59197324414716 0.873292231828161
7.62541806020067 0.875769539778099
7.65886287625418 0.87820516802302
7.69230769230769 0.88059955444547
7.7257525083612 0.882953142891101
7.75919732441471 0.885266382651104
7.79264214046823 0.887539727958738
7.82608695652174 0.889773637500049
7.85953177257525 0.891968573938901
7.89297658862876 0.894125003456364
7.92642140468227 0.896243395304492
7.95986622073579 0.898324221374496
7.9933110367893 0.900367955779272
8.02675585284281 0.902375074450247
8.06020066889632 0.904346054748447
8.09364548494983 0.906281375089694
8.12709030100334 0.908181514583813
8.16053511705686 0.910046952687689
8.19397993311037 0.911878168872034
8.22742474916388 0.913675642301673
8.26086956521739 0.915439851529157
8.2943143812709 0.917171274201496
8.32775919732441 0.918870386779794
8.36120401337793 0.920537664271557
8.39464882943144 0.922173579975422
8.42809364548495 0.923778605238064
8.46153846153846 0.925353209223027
8.49498327759197 0.926897858691196
8.52842809364548 0.928413017792664
8.561872909699 0.929899147869689
8.59531772575251 0.93135670727049
8.62876254180602 0.932786151173569
8.66220735785953 0.934187931422304
8.69565217391304 0.935562496369498
8.72909698996656 0.936910290731615
8.76254180602007 0.938231755452404
8.79598662207358 0.939527327575636
8.82943143812709 0.940797440126641
8.8628762541806 0.942042522002399
8.89632107023411 0.943262997869865
8.92976588628762 0.944459288072268
8.96321070234114 0.945631808543098
8.99665551839465 0.946780970727517
9.03010033444816 0.947907181510907
9.06354515050167 0.9490108431543
9.09698996655518 0.950092353236427
9.1304347826087 0.951152104602122
9.16387959866221 0.952190485316831
9.19732441471572 0.953207878626982
9.23076923076923 0.954204662925958
9.26421404682274 0.95518121172546
9.29765886287625 0.956137893631996
9.33110367892977 0.957075072328295
9.36454849498328 0.957993106559416
9.39799331103679 0.958892350123321
9.4314381270903 0.959773151865731
9.46488294314381 0.960635855679028
9.49832775919732 0.961480800505032
9.53177257525084 0.962308320341441
9.56521739130435 0.963118744251749
9.59866220735786 0.963912396378471
9.63210702341137 0.964689595959488
9.66555183946488 0.965450657347336
9.69899665551839 0.966195890031295
9.73244147157191 0.966925598662097
9.76588628762542 0.967640083079104
9.79933110367893 0.968339638339817
9.83277591973244 0.969024554751559
9.86622073578595 0.9696951179052
9.89966555183946 0.97035160871079
9.93311036789298 0.970994303434973
9.96655518394649 0.971623473740049
10 0.972239386724582
