0 0.00911786973577274
0.0334448160535117 0.00941432731812338
0.0668896321070234 0.00972032933882661
0.100334448160535 0.0100361768367889
0.133779264214047 0.0103621799338432
0.167224080267559 0.0106986580814735
0.20066889632107 0.0110459403123899
0.234113712374582 0.0114043654969161
0.267558528428094 0.0117742826041363
0.301003344481605 0.0121560509677361
0.334448160535117 0.0125500405564551
0.367892976588629 0.0129566322490558
0.40133779264214 0.0133762181136938
0.434782608695652 0.0138092016915559
0.468227424749164 0.0142559982846145
0.501672240802676 0.0147170352473239
0.535117056856187 0.0151927522820615
0.568561872909699 0.0156836017380935
0.602006688963211 0.016190048913818
0.635451505016722 0.016712572362011
0.668896321070234 0.0172516641977716
0.702341137123746 0.0178078304088311
0.735785953177257 0.0183815911678583
0.769230769230769 0.0189734811463563
0.802675585284281 0.0195840498297122
0.836120401337793 0.0202138618329175
0.869565217391304 0.0208634972164389
0.903010033444816 0.021533551801673
0.936454849498328 0.0222246374853728
0.969899665551839 0.0229373825523859
1.00334448160535 0.0236724319859905
1.03678929765886 0.0244304477750644
1.07023411371237 0.0252121092172633
1.10367892976589 0.0260181132173259
1.1371237458194 0.0268491745795627
1.17056856187291 0.0277060262935177
1.20401337792642 0.0285894198117278
1.23745819397993 0.0295001253184323
1.27090301003344 0.0304389319880106
1.30434782608696 0.0314066482318546
1.33779264214047 0.0324041019322978
1.37123745819398 0.0334321406621455
1.40468227424749 0.0344916318882657
1.438127090301 0.0355834631576122
1.47157190635451 0.0367085422639642
1.50501672240803 0.0378677973935737
1.53846153846154 0.0390621772478202
1.57190635451505 0.0402926511408756
1.60535117056856 0.0415602090702861
1.63879598662207 0.0428658617582798
1.67224080267559 0.0442106406615088
1.7056856187291 0.0455955979468354
1.73913043478261 0.0470218064306726
1.77257525083612 0.0484903594792882
1.80602006688963 0.0500023708673847
1.83946488294314 0.0515589745921671
1.87290969899666 0.0531613246400209
1.90635451505017 0.0548105947028219
1.93979933110368 0.0565079778408211
1.97324414715719 0.0582546860889537
2.0066889632107 0.0600519500033491
2.04013377926421 0.0619010181447449
2.07357859531773 0.0638031564954404
2.10702341137124 0.0657596478063747
2.14046822742475 0.0677717908708606
2.17391304347826 0.0698408997214787
2.20735785953177 0.0719683027466087
2.24080267558528 0.0741553417230686
2.2742474916388 0.0764033707613404
2.30769230769231 0.0787137551598859
2.34113712374582 0.0810878701651014
2.37458193979933 0.0835270996335222
2.40802675585284 0.0860328345929801
2.44147157190635 0.0886064716995242
2.47491638795987 0.0912494115870581
2.50836120401338 0.0939630571068102
2.54180602006689 0.0967488114539519
2.5752508361204 0.0996080761789072
2.60869565217391 0.10254224908116
2.64214046822742 0.10555272198366
2.67558528428094 0.108640878386273
2.70903010033445 0.111808090997079
2.74247491638796 0.115055719140752
2.77591973244147 0.118385106043711
2.80936454849498 0.121797575996203
2.84280936454849 0.125294431392066
2.87625418060201 0.128876949647469
2.90969899665552 0.132546380000558
2.94314381270903 0.136303940194644
2.97658862876254 0.140150813048241
3.01003344481605 0.144088142916056
3.04347826086956 0.148117032045805
3.07692307692308 0.152238536836608
3.11036789297659 0.156453664005543
3.1438127090301 0.160763366669885
3.17725752508361 0.165168540353483
3.21070234113712 0.169670018926685
3.24414715719064 0.174268570490215
3.27759197324415 0.178964893214401
3.31103678929766 0.18375961114615
3.34448160535117 0.188653269997094
3.37792642140468 0.193646332927301
3.41137123745819 0.198739176339948
3.44481605351171 0.203932085703312
3.47826086956522 0.209225251417346
3.51170568561873 0.214618764742982
3.54515050167224 0.220112613813155
3.57859531772575 0.225706679745252
3.61204013377926 0.231400732875394
3.64548494983278 0.237194429135552
3.67892976588629 0.243087306594939
3.7123745819398 0.249078782187543
3.74581939799331 0.255168148647865
3.77926421404682 0.261354571677061
3.81270903010033 0.267637087361634
3.84615384615385 0.274014599866633
3.87959866220736 0.280485879424961
3.91304347826087 0.28704956064384
3.94648829431438 0.293704141148811
3.97993311036789 0.300447980584702
4.0133779264214 0.307279299991968
4.04682274247492 0.314196181575503
4.08026755852843 0.321196568881587
4.11371237458194 0.328278267396997
4.14715719063545 0.33543894558249
4.18060200668896 0.342676136350872
4.21404682274247 0.349987238997755
4.24749163879599 0.357369521590753
4.2809364548495 0.364820123820497
4.31438127090301 0.372336060314256
4.34782608695652 0.37991422441034
4.38127090301003 0.387551392388698
4.41471571906354 0.395244228150382
4.44816053511706 0.402989288335708
4.48160535117057 0.410783027868138
4.51505016722408 0.418621805908109
4.54849498327759 0.426501892198268
4.5819397993311 0.434419473778915
4.61538461538461 0.442370662049867
4.64882943143813 0.450351500152499
4.68227424749164 0.458357970643448
4.71571906354515 0.46638600342932
4.74916387959866 0.474431483929852
4.78260869565217 0.482490261435271
4.81605351170569 0.490558157622162
4.8494983277592 0.498630975190945
4.88294314381271 0.506704506587166
4.91638795986622 0.514774542768166
4.94983277591973 0.522836881976329
4.98327759197324 0.530887338480095
5.01672240802676 0.53892175124413
5.05016722408027 0.546935992490628
5.08361204013378 0.554925976114483
5.11705685618729 0.562887665916223
5.1505016722408 0.570817083617934
5.18394648829431 0.578710316629005
5.21739130434783 0.586563525530389
5.25083612040134 0.594372951248104
5.28428093645485 0.602134921888943
5.31772575250836 0.609845859213767
5.35117056856187 0.617502284726278
5.38461538461538 0.625100825357833
5.4180602006689 0.632638218731568
5.45150501672241 0.640111317991916
5.48494983277592 0.647517096188393
5.51839464882943 0.65485265020535
5.55183946488294 0.662115204232201
5.58528428093645 0.669302112771357
5.61872909698997 0.676410863183788
5.65217391304348 0.683439077774712
5.68561872909699 0.690384515424395
5.7190635451505 0.697245072771356
5.75250836120401 0.704018784957511
5.78595317725753 0.710703825946807
5.81939799331104 0.717298508430757
5.85284280936455 0.723801283336035
5.88628762541806 0.730210738950735
5.91973244147157 0.736525599687299
5.95317725752508 0.742744724501208
5.9866220735786 0.748867104985516
6.02006688963211 0.754891863162071
6.05351170568562 0.760818248990848
6.08695652173913 0.766645637619265
6.12040133779264 0.77237352639357
6.15384615384615 0.778001531654492
6.18729096989967 0.783529385339301
6.22073578595318 0.788956931412206
6.25418060200669 0.794284122144694
6.2876254180602 0.799511014266983
6.32107023411371 0.80463776501119
6.35451505016722 0.809664628066186
6.38795986622074 0.814591949463369
6.42140468227425 0.81942016341179
6.45484949832776 0.824149788100212
6.48829431438127 0.828781421482771
6.52173913043478 0.833315737063945
6.55518394648829 0.837753479697596
6.58862876254181 0.84209546141382
6.62207357859532 0.846342557286351
6.65551839464883 0.85049570135227
6.68896321070234 0.854555882594737
6.72240802675585 0.858524140998511
6.75585284280936 0.862401563687025
6.78929765886288 0.866189281148845
6.82274247491639 0.869888463560426
6.8561872909699 0.87350031721119
6.88963210702341 0.877026081036082
6.92307692307692 0.880467023259972
6.95652173913043 0.883824438157488
6.98996655518395 0.887099642931115
7.02341137123746 0.890293974709734
7.05685618729097 0.893408787669124
7.09030100334448 0.896445450275323
7.12374581939799 0.899405342651232
7.1571906354515 0.902289854066296
7.19063545150502 0.905100380548638
7.22408026755853 0.907838322618608
7.25752508361204 0.910505083142291
7.29096989966555 0.913102065303204
7.32441471571906 0.915630670690071
7.35785953177257 0.918092297498314
7.39130434782609 0.920488338842641
7.4247491638796 0.922820181177924
7.45819397993311 0.925089202825353
7.49163879598662 0.927296772600741
7.52508361204013 0.929444248541701
7.55852842809364 0.931532976730353
7.59197324414716 0.933564290208101
7.62541806020067 0.935539507979032
7.65886287625418 0.937459934098382
7.69230769230769 0.939326856842582
7.7257525083612 0.941141547957324
7.75919732441471 0.942905261980152
7.79264214046823 0.944619235634115
7.82608695652174 0.946284687289011
7.85953177257525 0.94790281648688
7.89297658862876 0.949474803528399
7.92642140468227 0.951001809116933
7.95986622073579 0.952484974057076
7.9933110367893 0.95392541900459
8.02675585284281 0.955324244264725
8.06020066889632 0.95668252963602
8.09364548494983 0.958001334296768
8.12709030100334 0.959281696731411
8.16053511705686 0.96052463469425
8.19397993311037 0.961731145207945
8.22742474916388 0.962902204594382
8.26086956521739 0.964038768535576
8.2943143812709 0.965141772162391
8.32775919732441 0.966212130168946
8.36120401337793 0.967250736950691
8.39464882943144 0.96825846676419
8.42809364548495 0.96923617390681
8.46153846153846 0.970184692914539
8.49498327759197 0.971104838776284
8.52842809364548 0.971997407163089
8.561872909699 0.972863174670774
8.59531772575251 0.973702899074602
8.62876254180602 0.974517319594641
8.66220735785953 0.975307157170592
8.69565217391304 0.976073114744891
8.72909698996656 0.976815877553001
8.76254180602007 0.977536113419852
8.79598662207358 0.978234473061472
8.82943143812709 0.978911590390893
8.8628762541806 0.979568082827505
8.89632107023411 0.980204551609061
8.92976588628762 0.980821582105609
8.96321070234114 0.981419744134666
8.99665551839465 0.981999592277015
9.03010033444816 0.982561666192538
9.06354515050167 0.983106490935548
9.09698996655518 0.983634577269127
9.1304347826087 0.98414642197802
9.16387959866221 0.984642508179664
9.19732441471572 0.985123305632972
9.23076923076923 0.98558927104453
9.26421404682274 0.986040848371895
9.29765886287625 0.986478469123696
9.33110367892977 0.986902552656297
9.36454849498328 0.987313506466792
9.39799331103679 0.987711726482107
9.4314381270903 0.988097597344064
9.46488294314381 0.988471492690204
9.49832775919732 0.988833775430267
9.53177257525084 0.989184798018188
9.56521739130435 0.989524902719512
9.59866220735786 0.989854421874139
9.63210702341137 0.990173678154331
9.66555183946488 0.990482984817929
9.69899665551839 0.990782645956722
9.73244147157191 0.99107295673995
9.76588628762542 0.991354203652916
9.79933110367893 0.991626664730695
9.83277591973244 0.991890609786944
9.86622073578595 0.992146300637816
9.89966555183946 0.992393991321002
9.93311036789298 0.992633928309912
9.96655518394649 0.992866350723045
10 0.993091490528559
