0 0.0255372230834187
0.0334448160535117 0.0261795826515388
0.0668896321070234 0.0268376550360515
0.100334448160535 0.0275118019597625
0.133779264214047 0.02820239232261
0.167224080267559 0.0289098022845388
0.20066889632107 0.0296344153459562
0.234113712374582 0.0303766224255226
0.267558528428094 0.0311368219350245
0.301003344481605 0.0319154198510616
0.334448160535117 0.0327128297832691
0.367892976588629 0.0335294730387818
0.40133779264214 0.0343657786826374
0.434782608695652 0.0352221835937975
0.468227424749164 0.0360991325164569
0.501672240802676 0.0369970781062938
0.535117056856187 0.0379164809713017
0.568561872909699 0.0388578097068281
0.602006688963211 0.0398215409244324
0.635451505016722 0.0408081592741585
0.668896321070234 0.0418181574598038
0.702341137123746 0.0428520362467523
0.735785953177257 0.043910304461922
0.769230769230769 0.044993478985365
0.802675585284281 0.0461020847330395
0.836120401337793 0.0472366546302625
0.869565217391304 0.0483977295753321
0.903010033444816 0.0495858583927985
0.936454849498328 0.0508015977758434
0.969899665551839 0.0520455122172172
1.00334448160535 0.0533181739281665
1.03678929765886 0.054620162744772
1.07023411371237 0.0559520660211048
1.10367892976589 0.0573144785085939
1.1371237458194 0.0587080022209891
1.17056856187291 0.0601332462842891
1.20401337792642 0.0615908267709984
1.23745819397993 0.063081366518062
1.27090301003344 0.0646054949278255
1.30434782608696 0.0661638477513542
1.33779264214047 0.0677570668534447
1.37123745819398 0.0693857999586562
1.40468227424749 0.0710507003776852
1.438127090301 0.0727524267134089
1.47157190635451 0.0744916425459214
1.50501672240803 0.0762690160958922
1.53846153846154 0.0780852198655796
1.57190635451505 0.0799409302568412
1.60535117056856 0.0818368271654933
1.63879598662207 0.0837735935513841
1.67224080267559 0.0857519149835599
1.7056856187291 0.0877724791599272
1.73913043478261 0.0898359754008288
1.77257525083612 0.0919430941159843
1.80602006688963 0.0940945262442695
1.83946488294314 0.0962909626658458
1.87290969899666 0.0985330935861854
1.90635451505017 0.10082160789158
1.93979933110368 0.103157192475763
1.97324414715719 0.105540531537337
2.0066889632107 0.107972305847729
2.04013377926421 0.110453191989478
2.07357859531773 0.112983861564721
2.10702341137124 0.11556498037379
2.14046822742475 0.118197207563932
2.17391304347826 0.120881194748236
2.20735785953177 0.123617585094931
2.24080267558528 0.126407012387297
2.2742474916388 0.129250100054569
2.30769230769231 0.132147460174249
2.34113712374582 0.135099692446411
2.37458193979933 0.138107383140646
2.40802675585284 0.141171104016437
2.44147157190635 0.14429141121787
2.47491638795987 0.147468844143689
2.50836120401338 0.150703924293881
2.54180602006689 0.153997154094052
2.5752508361204 0.157349015699043
2.60869565217391 0.160759969777344
2.64214046822742 0.164230454278027
2.67558528428094 0.167760883182055
2.70903010033445 0.171351645239974
2.74247491638796 0.175003102698158
2.77591973244147 0.178715590015918
2.80936454849498 0.182489412575933
2.84280936454849 0.186324845390629
2.87625418060201 0.190222131807278
2.90969899665552 0.194181482214715
2.94314381270903 0.198203072754768
2.97658862876254 0.202287044041576
3.01003344481605 0.206433499892159
3.04347826086956 0.210642506071705
3.07692307692308 0.214914089057187
3.11036789297659 0.219248234823013
3.1438127090301 0.223644887652551
3.17725752508361 0.228103948979444
3.21070234113712 0.232625276262745
3.24414715719064 0.237208681899938
3.27759197324415 0.241853932182024
3.31103678929766 0.246560746294855
3.34448160535117 0.251328795370954
3.37792642140468 0.25615770159608
3.41137123745819 0.261047037374764
3.44481605351171 0.26599632455908
3.47826086956522 0.271005033744808
3.51170568561873 0.276072583639143
3.54515050167224 0.281198340504003
3.57859531772575 0.286381617678878
3.61204013377926 0.291621675187061
3.64548494983278 0.296917719428953
3.67892976588629 0.302268902965947
3.7123745819398 0.307674324398244
3.74581939799331 0.313133028339713
3.77926421404682 0.318644005492677
3.81270903010033 0.324206192825279
3.84615384615385 0.329818473853763
3.87959866220736 0.335479679031753
3.91304347826087 0.34118858624826
3.94648829431438 0.346943921435834
3.97993311036789 0.352744359289925
4.0133779264214 0.358588524100139
4.04682274247492 0.364474990693697
4.08026755852843 0.37040228549102
4.11371237458194 0.376368887672939
4.14715719063545 0.382373230458641
4.18060200668896 0.388413702493009
4.21404682274247 0.394488649341617
4.24749163879599 0.400596375091207
4.2809364548495 0.406735144053031
4.31438127090301 0.412903182566054
4.34782608695652 0.419098680896553
4.38127090301003 0.42531979523028
4.41471571906354 0.431564649752918
4.44816053511706 0.437831338814222
4.48160535117057 0.444117929170802
4.51505016722408 0.450422462302237
4.54849498327759 0.456742956794787
4.5819397993311 0.463077410786751
4.61538461538461 0.469423804469157
4.64882943143813 0.475780102635286
4.68227424749164 0.482144257272243
4.71571906354515 0.488514210187633
4.74916387959866 0.49488789566422
4.78260869565217 0.50126324313532
4.81605351170569 0.507638179873563
4.8494983277592 0.514010633685635
4.88294314381271 0.520378535605535
4.91638795986622 0.526739822578928
4.94983277591973 0.533092440131189
4.98327759197324 0.53943434501184
5.01672240802676 0.545763507808157
5.05016722408027 0.552077915520899
5.08361204013378 0.558375574095276
5.11705685618729 0.564654510900481
5.1505016722408 0.570912777151355
5.18394648829431 0.577148450266011
5.21739130434783 0.583359636153552
5.25083612040134 0.589544471426309
5.28428093645485 0.595701125531399
5.31772575250836 0.601827802796728
5.35117056856187 0.607922744386955
5.38461538461538 0.613984230165332
5.4180602006689 0.620010580457726
5.45150501672241 0.626000157715527
5.48494983277592 0.631951368074622
5.51839464882943 0.63786266280796
5.55183946488294 0.643732539669727
5.58528428093645 0.649559544129547
5.61872909698997 0.655342270495539
5.65217391304348 0.661079362925507
5.68561872909699 0.666769516325923
5.7190635451505 0.672411477138783
5.75250836120401 0.67800404401679
5.78595317725753 0.683546068387717
5.81939799331104 0.689036454909139
5.85284280936455 0.69447416181508
5.88628762541806 0.699858201156458
5.91973244147157 0.7051876389375
5.95317725752508 0.710461595150605
5.9866220735786 0.715679243712382
6.02006688963211 0.720839812303859
6.05351170568562 0.725942582118066
6.08695652173913 0.730986887518398
6.12040133779264 0.735972115611358
6.15384615384615 0.74089770573742
6.18729096989967 0.745763148883895
6.22073578595318 0.750567987023801
6.25418060200669 0.755311812384824
6.2876254180602 0.759994266652523
6.32107023411371 0.76461504011199
6.35451505016722 0.769173870732213
6.38795986622074 0.773670543197382
6.42140468227425 0.778104887889388
6.45484949832776 0.782476779825744
6.48829431438127 0.786786137557095
6.52173913043478 0.791032922028466
6.55518394648829 0.795217135408298
6.58862876254181 0.799338819889255
6.62207357859532 0.803398056464688
6.65551839464883 0.807394963684552
6.68896321070234 0.811329696394437
6.72240802675585 0.815202444461269
6.75585284280936 0.819013431489111
6.78929765886288 0.82276291352835
6.82274247491639 0.826451177781412
6.8561872909699 0.83007854130803
6.88963210702341 0.833645349732906
6.92307692307692 0.837151975958481
6.95652173913043 0.840598818885382
6.98996655518395 0.843986302142928
7.02341137123746 0.847314872831978
7.05685618729097 0.850585000282191
7.09030100334448 0.853797174825675
7.12374581939799 0.856951906588814
7.1571906354515 0.860049724303931
7.19063545150502 0.863091174142299
7.22408026755853 0.866076818569885
7.25752508361204 0.869007235227039
7.29096989966555 0.871883015833264
7.32441471571906 0.874704765118016
7.35785953177257 0.877473099778406
7.39130434782609 0.88018864746453
7.4247491638796 0.88285204579305
7.45819397993311 0.885463941389545
7.49163879598662 0.888024988960031
7.52508361204013 0.890535850391977
7.55852842809364 0.892997193885018
7.59197324414716 0.895409693111517
7.62541806020067 0.897774026407003
7.65886287625418 0.900090875990484
7.69230769230769 0.90236092721451
7.7257525083612 0.904584867844835
7.75919732441471 0.906763387369449
7.79264214046823 0.908897176336688
7.82608695652174 0.910986925722091
7.85953177257525 0.913033326323611
7.89297658862876 0.91503706818476
7.92642140468227 0.916998840045213
7.95986622073579 0.918919328818367
7.9933110367893 0.920799219095321
8.02675585284281 0.922639192674719
8.06020066889632 0.924439928117853
8.09364548494983 0.926202100328442
8.12709030100334 0.927926380156437
8.16053511705686 0.929613434025225
8.19397993311037 0.93126392358158
8.22742474916388 0.932878505367686
8.26086956521739 0.934457830514584
8.2943143812709 0.936002544456351
8.32775919732441 0.937513286664346
8.36120401337793 0.93899069040084
8.39464882943144 0.940435382491368
8.42809364548495 0.941847983115115
8.46153846153846 0.943229105612682
8.49498327759197 0.94457935631057
8.52842809364548 0.945899334361717
8.561872909699 0.94718963160147
8.59531772575251 0.948450832418322
8.62876254180602 0.949683513638821
8.66220735785953 0.950888244426021
8.69565217391304 0.95206558619088
8.72909698996656 0.953216092516014
8.76254180602007 0.954340309091233
8.79598662207358 0.95543877366031
8.82943143812709 0.956512015978407
8.8628762541806 0.957560557779664
8.89632107023411 0.958584912754399
8.92976588628762 0.959585586535437
8.96321070234114 0.960563076693078
8.99665551839465 0.96151787273822
9.03010033444816 0.962450456133194
9.06354515050167 0.963361300309858
9.09698996655518 0.96425087069453
9.1304347826087 0.96511962473934
9.16387959866221 0.965968011959614
9.19732441471572 0.966796473976892
9.23076923076923 0.967605444567231
9.26421404682274 0.968395349714416
9.29765886287625 0.969166607667763
9.33110367892977 0.969919629004163
9.36454849498328 0.970654816694074
9.39799331103679 0.971372566171153
9.4314381270903 0.972073265405232
9.46488294314381 0.972757294978385
9.49832775919732 0.973425028163798
9.53177257525084 0.974076831007219
9.56521739130435 0.974713062410723
9.59866220735786 0.975334074218581
9.63210702341137 0.975940211305013
9.66555183946488 0.976531811663619
9.69899665551839 0.977109206498289
9.73244147157191 0.977672720315407
9.76588628762542 0.978222671017182
9.79933110367893 0.978759369995926
9.83277591973244 0.979283122229125
9.86622073578595 0.979794226375163
9.89966555183946 0.980292974869542
9.93311036789298 0.980779654021483
9.96655518394649 0.981254544110761
10 0.981717919484683
