0 0.0348315220969295
0.0334448160535117 0.0356248809014749
0.0668896321070234 0.0364356279015914
0.100334448160535 0.03726411283509
0.133779264214047 0.0381106910328072
0.167224080267559 0.0389757234398292
0.20066889632107 0.0398595766330097
0.234113712374582 0.0407626228345653
0.267558528428094 0.0416852399215197
0.301003344481605 0.0426278114307635
0.334448160535117 0.0435907265594885
0.367892976588629 0.0445743801607466
0.40133779264214 0.0455791727338785
0.434782608695652 0.0466055104095473
0.468227424749164 0.0476538049291059
0.501672240802676 0.048724473618021
0.535117056856187 0.0498179393530659
0.568561872909699 0.0509346305229917
0.602006688963211 0.0520749809823746
0.635451505016722 0.053239429998334
0.668896321070234 0.054428422189808
0.702341137123746 0.055642407459066
0.735785953177257 0.0568818409151318
0.769230769230769 0.0581471827887877
0.802675585284281 0.0594388983388187
0.836120401337793 0.060757457749158
0.869565217391304 0.0621033360165838
0.903010033444816 0.0634770128286172
0.936454849498328 0.0648789724312661
0.969899665551839 0.0663097034862562
1.00334448160535 0.0677696989173891
1.03678929765886 0.0692594557456639
1.07023411371237 0.0707794749127994
1.10367892976589 0.0723302610927924
1.1371237458194 0.0739123224911487
1.17056856187291 0.0755261706314253
1.20401337792642 0.0771723201287233
1.23745819397993 0.0788512884497763
1.27090301003344 0.0805635956592828
1.30434782608696 0.082309764152137
1.33779264214047 0.0840903183712195
1.37123745819398 0.0859057845104181
1.40468227424749 0.0877566902025591
1.438127090301 0.0896435641919387
1.47157190635451 0.091566935991161
1.50501672240803 0.0935273355219992
1.53846153846154 0.0955252927400157
1.57190635451505 0.0975613372426947
1.60535117056856 0.0996359978608583
1.63879598662207 0.101749802233162
1.67224080267559 0.103903276363487
1.7056856187291 0.106096944161076
1.73913043478261 0.108331326963277
1.77257525083612 0.110606943040806
1.80602006688963 0.112924307085459
1.83946488294314 0.115283929680241
1.87290969899666 0.117686316751916
1.90635451505017 0.120131969006028
1.93979933110368 0.122621381344474
1.97324414715719 0.125155042265766
2.0066889632107 0.127733433248142
2.04013377926421 0.130357028115777
2.07357859531773 0.13302629238834
2.10702341137124 0.135741682614253
2.14046822742475 0.138503645688018
2.17391304347826 0.141312618152061
2.20735785953177 0.144169025483602
2.24080267558528 0.147073281367101
2.2742474916388 0.150025786952922
2.30769230769231 0.15302693010291
2.34113712374582 0.156077084623631
2.37458193979933 0.15917660948812
2.40802675585284 0.162325848047038
2.44147157190635 0.165525127230206
2.47491638795987 0.168774756739575
2.50836120401338 0.17207502823475
2.54180602006689 0.175426214512257
2.5752508361204 0.178828568679846
2.60869565217391 0.182282323327155
2.64214046822742 0.185787689694176
2.67558528428094 0.189344856839002
2.70903010033445 0.192953990806448
2.74247491638796 0.196615233799159
2.77591973244147 0.20032870335295
2.80936454849498 0.204094491518129
2.84280936454849 0.207912664048678
2.87625418060201 0.211783259601176
2.90969899665552 0.215706288945456
2.94314381270903 0.219681734189013
2.97658862876254 0.223709548017236
3.01003344481605 0.227789652951608
3.04347826086956 0.231921940628015
3.07692307692308 0.236106271097403
3.11036789297659 0.240342472150981
3.1438127090301 0.244630338672265
3.17725752508361 0.248969632018214
3.21070234113712 0.253360079431761
3.24414715719064 0.25780137348802
3.27759197324415 0.262293171576461
3.31103678929766 0.266835095421317
3.34448160535117 0.271426730642468
3.37792642140468 0.276067626359024
3.41137123745819 0.280757294837778
3.44481605351171 0.28549521118864
3.47826086956522 0.290280813109137
3.51170568561873 0.295113500679942
3.54515050167224 0.299992636213355
3.57859531772575 0.304917544156563
3.61204013377926 0.30988751105137
3.64548494983278 0.314901785552027
3.67892976588629 0.319959578502639
3.7123745819398 0.325060063075493
3.74581939799331 0.330202374971534
3.77926421404682 0.335385612684048
3.81270903010033 0.340608837826451
3.84615384615385 0.345871075524945
3.87959866220736 0.351171314876573
3.91304347826087 0.356508509473096
3.94648829431438 0.361881577990857
3.97993311036789 0.367289404846658
4.0133779264214 0.372730840919437
4.04682274247492 0.378204704337368
4.08026755852843 0.383709781329758
4.11371237458194 0.389244827142947
4.14715719063545 0.394808567019176
4.18060200668896 0.400399697237201
4.21404682274247 0.406016886213204
4.24749163879599 0.411658775660349
4.2809364548495 0.417323981805137
4.31438127090301 0.423011096658487
4.34782608695652 0.428718689339298
4.38127090301003 0.434445307448044
4.41471571906354 0.440189478487767
4.44816053511706 0.445949711329661
4.48160535117057 0.451724497720275
4.51505016722408 0.457512313827195
4.54849498327759 0.463311621819935
4.5819397993311 0.469120871482603
4.61538461538461 0.474938501854826
4.64882943143813 0.480762942897262
4.68227424749164 0.48659261717797
4.71571906354515 0.492425941575798
4.74916387959866 0.498261328996904
4.78260869565217 0.504097190100458
4.81605351170569 0.509931935029536
4.8494983277592 0.51576397514322
4.88294314381271 0.521591724745875
4.91638795986622 0.527413602809615
4.94983277591973 0.533228034685992
4.98327759197324 0.539033453802971
5.01672240802676 0.544828303343327
5.05016722408027 0.550611037900664
5.08361204013378 0.556380125109356
5.11705685618729 0.562134047244788
5.1505016722408 0.567871302790423
5.18394648829431 0.573590407968316
5.21739130434783 0.579289898229873
5.25083612040134 0.584968329703753
5.28428093645485 0.590624280598043
5.31772575250836 0.596256352553928
5.35117056856187 0.601863171948339
5.38461538461538 0.607443391143165
5.4180602006689 0.6129956896789
5.45150501672241 0.618518775410701
5.48494983277592 0.624011385585122
5.51839464882943 0.629472287855934
5.55183946488294 0.63490028123768
5.58528428093645 0.640294196995821
5.61872909698997 0.645652899472531
5.65217391304348 0.650975286847415
5.68561872909699 0.656260291832633
5.7190635451505 0.661506882302107
5.75250836120401 0.666714061854706
5.78595317725753 0.671880870311487
5.81939799331104 0.677006384147263
5.85284280936455 0.682089716856961
5.88628762541806 0.687130019257409
5.91973244147157 0.692126479725352
5.95317725752508 0.697078324372677
5.9866220735786 0.701984817159962
6.02006688963211 0.706845259949639
6.05351170568562 0.711658992500152
6.08695652173913 0.71642539240267
6.12040133779264 0.721143874961988
6.15384615384615 0.725813893023394
6.18729096989967 0.73043493674733
6.22073578595318 0.735006533333823
6.25418060200669 0.739528246698679
6.2876254180602 0.743999677103544
6.32107023411371 0.748420460741962
6.35451505016722 0.752790269283637
6.38795986622074 0.757108809379115
6.42140468227425 0.761375822127145
6.45484949832776 0.765591082507004
6.48829431438127 0.769754398778061
6.52173913043478 0.773865611848882
6.55518394648829 0.777924594618155
6.58862876254181 0.781931251289699
6.62207357859532 0.785885516663821
6.65551839464883 0.789787355407235
6.68896321070234 0.793636761303743
6.72240802675585 0.797433756487817
6.75585284280936 0.801178390663204
6.78929765886288 0.804870740308595
6.82274247491639 0.808510907872381
6.8561872909699 0.812099020958432
6.88963210702341 0.815635231504782
6.92307692307692 0.819119714957044
6.95652173913043 0.822552669438318
6.98996655518395 0.82593431491726
7.02341137123746 0.829264892375936
7.05685618729097 0.832544662979001
7.09030100334448 0.835773907245666
7.12374581939799 0.838952924225847
7.1571906354515 0.842082030681817
7.19063545150502 0.845161560276594
7.22408026755853 0.848191862770243
7.25752508361204 0.851173303225179
7.29096989966555 0.854106261221489
7.32441471571906 0.85699113008322
7.35785953177257 0.859828316116509
7.39130434782609 0.86261823786036
7.4247491638796 0.865361325350801
7.45819397993311 0.868058019399083
7.49163879598662 0.870708770884541
7.52508361204013 0.873314040062638
7.55852842809364 0.875874295888681
7.59197324414716 0.878390015357618
7.62541806020067 0.8808616828603
7.65886287625418 0.883289789556481
7.69230769230769 0.885674832764843
7.7257525083612 0.888017315370235
7.75919732441471 0.89031774524828
7.79264214046823 0.892576634707479
7.82608695652174 0.894794499948857
7.85953177257525 0.896971860543204
7.89297658862876 0.89910923892588
7.92642140468227 0.901207159909158
7.95986622073579 0.90326615021201
7.9933110367893 0.905286738007229
8.02675585284281 0.907269452485761
8.06020066889632 0.909214823438056
8.09364548494983 0.911123380852268
8.12709030100334 0.912995654529084
8.16053511705686 0.91483217371293
8.19397993311037 0.916633466739332
8.22742474916388 0.918400060698121
8.26086956521739 0.920132481112235
8.2943143812709 0.921831251631778
8.32775919732441 0.923496893743054
8.36120401337793 0.925129926492233
8.39464882943144 0.926730866223321
8.42809364548495 0.928300226330094
8.46153846153846 0.929838517021648
8.49498327759197 0.931346245101208
8.52842809364548 0.932823913757841
8.561872909699 0.934272022370713
8.59531772575251 0.935691066325529
8.62876254180602 0.937081536842782
8.66220735785953 0.938443920817463
8.69565217391304 0.939778700669857
8.72909698996656 0.941086354207066
8.76254180602007 0.942367354494898
8.79598662207358 0.943622169739767
8.82943143812709 0.944851263180256
8.8628762541806 0.946055092987974
8.89632107023411 0.947234112177388
8.92976588628762 0.948388768524264
8.96321070234114 0.949519504492405
8.99665551839465 0.950626757168334
9.03010033444816 0.951710958203621
9.06354515050167 0.952772533764516
9.09698996655518 0.953811904488593
9.1304347826087 0.954829485448091
9.16387959866221 0.95582568611966
9.19732441471572 0.956800910360222
9.23076923076923 0.957755556388663
9.26421404682274 0.958690016773075
9.29765886287625 0.959604678423292
9.33110367892977 0.960499922588451
9.36454849498328 0.961376124859323
9.39799331103679 0.962233655175175
9.4314381270903 0.963072877834917
9.46488294314381 0.963894151512314
9.49832775919732 0.964697829275022
9.53177257525084 0.965484258607255
9.56521739130435 0.966253781435848
9.59866220735786 0.967006734159535
9.63210702341137 0.967743447681242
9.66555183946488 0.968464247443194
9.69899665551839 0.969169453464673
9.73244147157191 0.969859380382247
9.76588628762542 0.970534337492293
9.79933110367893 0.971194628795667
9.83277591973244 0.971840553044355
9.86622073578595 0.972472403789965
9.89966555183946 0.973090469433908
9.93311036789298 0.973695033279144
9.96655518394649 0.974286373583344
10 0.974864763613367
