0 0.036348410034375
0.0334448160535117 0.0371657905390316
0.0668896321070234 0.0380008269596452
0.100334448160535 0.0388538677813754
0.133779264214047 0.0397252668752707
0.167224080267559 0.0406153835116427
0.20066889632107 0.0415245823695859
0.234113712374582 0.0424532335424286
0.267558528428094 0.0434017125388922
0.301003344481605 0.0443704002797297
0.334448160535117 0.0453596830896076
0.367892976588629 0.0463699526839884
0.40133779264214 0.0474016061507641
0.434782608695652 0.0484550459263844
0.468227424749164 0.0495306797662169
0.501672240802676 0.0506289207088695
0.535117056856187 0.0517501870341991
0.568561872909699 0.0528949022147249
0.602006688963211 0.0540634948601565
0.635451505016722 0.0552563986547438
0.668896321070234 0.0564740522871489
0.702341137123746 0.0577168993725324
0.735785953177257 0.0589853883665457
0.769230769230769 0.0602799724709128
0.802675585284281 0.0616011095302816
0.836120401337793 0.0629492619200212
0.869565217391304 0.0643248964246372
0.903010033444816 0.0657284841064752
0.936454849498328 0.0671605001643777
0.969899665551839 0.0686214237819621
1.00334448160535 0.0701117379651806
1.03678929765886 0.0716319293688275
1.07023411371237 0.0731824881116551
1.10367892976589 0.0747639075797646
1.1371237458194 0.0763766842179366
1.17056856187291 0.0780213173085705
1.20401337792642 0.0796983087379063
1.23745819397993 0.0814081627492051
1.27090301003344 0.0831513856825727
1.30434782608696 0.0849284857011166
1.33779264214047 0.0867399725031358
1.37123745819398 0.0885863570200503
1.40468227424749 0.0904681510997929
1.438127090301 0.0923858671753928
1.47157190635451 0.0943400179184983
1.50501672240803 0.0963311158776005
1.53846153846154 0.0983596731007361
1.57190635451505 0.100426200742468
1.60535117056856 0.102531208654962
1.63879598662207 0.104675204962999
1.67224080267559 0.106858695622787
1.7056856187291 0.109082183964477
1.73913043478261 0.111346170218275
1.77257525083612 0.113651151024132
1.80602006688963 0.115997618924971
1.83946488294314 0.118386061843481
1.87290969899666 0.120816962542521
1.90635451505017 0.123290798069235
1.93979933110368 0.125808039183003
1.97324414715719 0.128369149767412
2.0066889632107 0.13097458622646
2.04013377926421 0.133624796865259
2.07357859531773 0.136320221255568
2.10702341137124 0.139061289586508
2.14046822742475 0.141848422000889
2.17391304347826 0.144682027917633
2.20735785953177 0.147562505340808
2.24080267558528 0.150490240155891
2.2742474916388 0.153465605413899
2.30769230769231 0.156488960604102
2.34113712374582 0.159560650916118
2.37458193979933 0.162681006492211
2.40802675585284 0.165850341670727
2.44147157190635 0.169068954221627
2.47491638795987 0.172337124575185
2.50836120401338 0.175655115044939
2.54180602006689 0.179023169046113
2.5752508361204 0.182441510310735
2.60869565217391 0.185910342100785
2.64214046822742 0.189429846420761
2.67558528428094 0.193000183231118
2.70903010033445 0.196621489664106
2.74247491638796 0.200293879243588
2.77591973244147 0.204017441110495
2.80936454849498 0.207792239255617
2.84280936454849 0.211618311761515
2.87625418060201 0.215495670055357
2.90969899665552 0.219424298174567
2.94314381270903 0.223404152047203
2.97658862876254 0.227435158789029
3.01003344481605 0.231517216019285
3.04347826086956 0.235650191197201
3.07692307692308 0.239833920981304
3.11036789297659 0.244068210613634
3.1438127090301 0.248352833330946
3.17725752508361 0.252687529805041
3.21070234113712 0.257072007614324
3.24414715719064 0.261505940748716
3.27759197324415 0.265988969150024
3.31103678929766 0.27052069828984
3.34448160535117 0.275100698787042
3.37792642140468 0.279728506066898
3.41137123745819 0.284403620063762
3.44481605351171 0.289125504969265
3.47826086956522 0.29389358902788
3.51170568561873 0.298707264381622
3.54515050167224 0.303565886965597
3.57859531772575 0.30846877645602
3.61204013377926 0.313415216272196
3.64548494983278 0.318404453633893
3.67892976588629 0.323435699675369
3.7123745819398 0.328508129617233
3.74581939799331 0.333620882997169
3.77926421404682 0.338773063960381
3.81270903010033 0.343963741610538
3.84615384615385 0.349191950421753
3.87959866220736 0.354456690712043
3.91304347826087 0.3597569291785
3.94648829431438 0.36509159949424
3.97993311036789 0.370459602967034
4.0133779264214 0.375859809259314
4.04682274247492 0.38129105716907
4.08026755852843 0.386752155470981
4.11371237458194 0.392241883816901
4.14715719063545 0.397758993694648
4.18060200668896 0.403302209443856
4.21404682274247 0.408870229327437
4.24749163879599 0.414461726657029
4.2809364548495 0.42007535097062
4.31438127090301 0.425709729260335
4.34782608695652 0.431363467248224
4.38127090301003 0.437035150707694
4.41471571906354 0.442723346828071
4.44816053511706 0.448426605619623
4.48160535117057 0.454143461356215
4.51505016722408 0.459872434052651
4.54849498327759 0.465612030973585
4.5819397993311 0.471360748170816
4.61538461538461 0.477117072045625
4.64882943143813 0.482879480932766
4.68227424749164 0.488646446702576
4.71571906354515 0.49441643637768
4.74916387959866 0.500187913760625
4.78260869565217 0.505959341068812
4.81605351170569 0.511729180573006
4.8494983277592 0.517495896235727
4.88294314381271 0.523257955345818
4.91638795986622 0.529013830145481
4.94983277591973 0.534761999446136
4.98327759197324 0.540500950229468
5.01672240802676 0.546229179230102
5.05016722408027 0.551945194496425
5.08361204013378 0.557647516926119
5.11705685618729 0.563334681773128
5.1505016722408 0.569005240122821
5.18394648829431 0.574657760332293
5.21739130434783 0.580290829432833
5.25083612040134 0.585903054491762
5.28428093645485 0.591493063930964
5.31772575250836 0.597059508799619
5.35117056856187 0.602601063998788
5.38461538461538 0.6081164294557
5.4180602006689 0.613604331245734
5.45150501672241 0.619063522660313
5.48494983277592 0.624492785219078
5.51839464882943 0.629890929624917
5.55183946488294 0.635256796660617
5.58528428093645 0.640589258026096
5.61872909698997 0.645887217115357
5.65217391304348 0.651149609732505
5.68561872909699 0.656375404746372
5.7190635451505 0.661563604683443
5.75250836120401 0.666713246259007
5.78595317725753 0.671823400846598
5.81939799331104 0.676893174885996
5.85284280936455 0.681921710230201
5.88628762541806 0.686908184431978
5.91973244147157 0.691851810970708
5.95317725752508 0.696751839420454
5.9866220735786 0.70160755556027
6.02006688963211 0.706418281427913
6.05351170568562 0.711183375318277
6.08695652173913 0.715902231727943
6.12040133779264 0.720574281247365
6.15384615384615 0.725198990402324
6.18729096989967 0.729775861446347
6.22073578595318 0.73430443210588
6.25418060200669 0.738784275280087
6.2876254180602 0.743214998697187
6.32107023411371 0.747596244529309
6.35451505016722 0.751927688967888
6.38795986622074 0.756209041761662
6.42140468227425 0.760440045719346
6.45484949832776 0.764620476179096
6.48829431438127 0.768750140446874
6.52173913043478 0.772828877205834
6.55518394648829 0.776856555898847
6.58862876254181 0.780833076086261
6.62207357859532 0.784758366781008
6.65551839464883 0.788632385763084
6.68896321070234 0.792455118875484
6.72240802675585 0.796226579303553
6.75585284280936 0.799946806839749
6.78929765886288 0.803615867135708
6.82274247491639 0.807233850943506
6.8561872909699 0.810800873347922
6.88963210702341 0.814317072991474
6.92307692307692 0.817782611293929
6.95652173913043 0.821197671667933
6.98996655518395 0.824562458732351
7.02341137123746 0.827877197524827
7.05685618729097 0.831142132715019
7.09030100334448 0.834357527819893
7.12374581939799 0.837523664422398
7.1571906354515 0.840640841394763
7.19063545150502 0.843709374127601
7.22408026755853 0.84672959376593
7.25752508361204 0.849701846453152
7.29096989966555 0.852626492583968
7.32441471571906 0.855503906067133
7.35785953177257 0.858334473598893
7.39130434782609 0.861118593947887
7.4247491638796 0.863856677252216
7.45819397993311 0.866549144329337
7.49163879598662 0.869196425999373
7.52508361204013 0.871798962422365
7.55852842809364 0.874357202449937
7.59197324414716 0.876871602991807
7.62541806020067 0.879342628397491
7.65886287625418 0.881770749853529
7.69230769230769 0.884156444796483
7.7257525083612 0.886500196341941
7.75919732441471 0.888802492729688
7.79264214046823 0.891063826785175
7.82608695652174 0.89328469539738
7.85953177257525 0.895465599013113
7.89297658862876 0.897607041147763
7.92642140468227 0.899709527912499
7.95986622073579 0.901773567557832
7.9933110367893 0.903799670033495
8.02675585284281 0.905788346564505
8.06020066889632 0.907740109243277
8.09364548494983 0.909655470637637
8.12709030100334 0.911534943414541
8.16053511705686 0.9133790399793
8.19397993311037 0.915188272130095
8.22742474916388 0.916963150727529
8.26086956521739 0.918704185378975
8.2943143812709 0.920411884137442
8.32775919732441 0.922086753214685
8.36120401337793 0.92372929670826
8.39464882943144 0.925340016342227
8.42809364548495 0.926919411221189
8.46153846153846 0.928467977597351
8.49498327759197 0.92998620865028
8.52842809364548 0.931474594279027
8.561872909699 0.932933620906292
8.59531772575251 0.934363771294294
8.62876254180602 0.935765524372007
8.66220735785953 0.937139355073427
8.69565217391304 0.938485734186539
8.72909698996656 0.939805128212634
8.76254180602007 0.941097999235659
8.79598662207358 0.942364804801253
8.82943143812709 0.943605997805138
8.8628762541806 0.944822026390559
8.89632107023411 0.946013333854412
8.92976588628762 0.947180358561781
8.96321070234114 0.948323533868537
8.99665551839465 0.949443288051707
9.03010033444816 0.9505400442473
9.06354515050167 0.951614220395292
9.09698996655518 0.95266622919148
9.1304347826087 0.953696478045906
9.16387959866221 0.954705369047584
9.19732441471572 0.955693298935245
9.23076923076923 0.956660659073827
9.26421404682274 0.957607835436462
9.29765886287625 0.958535208591692
9.33110367892977 0.959443153695664
9.36454849498328 0.960332040489072
9.39799331103679 0.961202233298606
9.4314381270903 0.962054091042668
9.46488294314381 0.962887967241155
9.49832775919732 0.963704210029074
9.53177257525084 0.964503162173791
9.56521739130435 0.96528516109571
9.59866220735786 0.966050538892187
9.63210702341137 0.966799622364491
9.66555183946488 0.967532733047629
9.69899665551839 0.968250187242859
9.73244147157191 0.968952296052724
9.76588628762542 0.969639365418445
9.79933110367893 0.970311696159509
9.83277591973244 0.970969584015309
9.86622073578595 0.971613319688687
9.89966555183946 0.972243188891245
9.93311036789298 0.972859472390278
9.96655518394649 0.973462446057216
10 0.974052380917447
