0 0.0395425123617809
0.0334448160535117 0.0403959425340821
0.0668896321070234 0.041267000546435
0.100334448160535 0.0421560160563602
0.133779264214047 0.0430633233866594
0.167224080267559 0.0439892615237729
0.20066889632107 0.0449341741123937
0.234113712374582 0.0458984094461539
0.267558528428094 0.0468823204541932
0.301003344481605 0.047886264683414
0.334448160535117 0.0489106042762227
0.367892976588629 0.049955705943552
0.40133779264214 0.0510219409329549
0.434782608695652 0.0521096849915546
0.468227424749164 0.0532193183236315
0.501672240802676 0.0543512255426238
0.535117056856187 0.0555057956173124
0.568561872909699 0.0566834218119587
0.602006688963211 0.0578845016201585
0.635451505016722 0.0591094366921714
0.668896321070234 0.0603586327554833
0.702341137123746 0.0616324995283532
0.735785953177257 0.0629314506260963
0.769230769230769 0.0642559034598494
0.802675585284281 0.0656062791275652
0.836120401337793 0.0669830022969774
0.869565217391304 0.0683865010802801
0.903010033444816 0.0698172069002611
0.936454849498328 0.0712755543476307
0.969899665551839 0.0727619810292862
1.00334448160535 0.0742769274072526
1.03678929765886 0.0758208366280436
1.07023411371237 0.077394154342185
1.10367892976589 0.0789973285136504
1.1371237458194 0.0806308092189559
1.17056856187291 0.0822950484356721
1.20401337792642 0.0839904998201087
1.23745819397993 0.0857176184739414
1.27090301003344 0.0874768606995483
1.30434782608696 0.089268683743839
1.33779264214047 0.0910935455303632
1.37123745819398 0.0929519043794966
1.40468227424749 0.0948442187165135
1.438127090301 0.0967709467673672
1.47157190635451 0.0987325462420113
1.50501672240803 0.100729474005111
1.53846153846154 0.102762185734008
1.57190635451505 0.104831135563823
1.60535117056856 0.106936775719586
1.63879598662207 0.109079556135329
1.67224080267559 0.111259924060064
1.7056856187291 0.113478323650623
1.73913043478261 0.115735195551337
1.77257525083612 0.118030976460573
1.80602006688963 0.120366098684165
1.83946488294314 0.122740989675806
1.87290969899666 0.125156071564502
1.90635451505017 0.127611760669216
1.93979933110368 0.130108467000861
1.97324414715719 0.132646593751851
2.0066889632107 0.135226536773425
2.04013377926421 0.137848684041038
2.07357859531773 0.140513415108108
2.10702341137124 0.143221100548483
2.14046822742475 0.145972101388023
2.17391304347826 0.148766768525718
2.20735785953177 0.151605442144841
2.24080267558528 0.154488451114655
2.2742474916388 0.157416112383238
2.30769230769231 0.160388730362067
2.34113712374582 0.163406596303012
2.37458193979933 0.166469987668471
2.40802675585284 0.169579167495407
2.44147157190635 0.172734383754117
2.47491638795987 0.175935868702586
2.50836120401338 0.179183838237373
2.54180602006689 0.182478491241974
2.5752508361204 0.185820008933707
2.60869565217391 0.189208554210179
2.64214046822742 0.192644270996468
2.67558528428094 0.196127283594183
2.70903010033445 0.199657696033632
2.74247491638796 0.203235591430358
2.77591973244147 0.206861031347355
2.80936454849498 0.210534055164329
2.84280936454849 0.21425467945538
2.87625418060201 0.218022897376565
2.90969899665552 0.221838678064792
2.94314381270903 0.225701966049563
2.97658862876254 0.22961268067909
3.01003344481605 0.233570715562355
3.04347826086956 0.237575938028688
3.07692307692308 0.241628188606479
3.11036789297659 0.245727280522618
3.1438127090301 0.249872999224319
3.17725752508361 0.254065101924935
3.21070234113712 0.258303317175409
3.24414715719064 0.262587344462987
3.27759197324415 0.266916853838804
3.31103678929766 0.271291485575944
3.34448160535117 0.275710849859551
3.37792642140468 0.280174526510542
3.41137123745819 0.284682064744428
3.44481605351171 0.289232982966724
3.47826086956522 0.293826768606362
3.51170568561873 0.298462877988486
3.54515050167224 0.303140736247932
3.57859531772575 0.30785973728464
3.61204013377926 0.312619243762166
3.64548494983278 0.317418587150373
3.67892976588629 0.322257067813317
3.7123745819398 0.327133955143229
3.74581939799331 0.332048487741401
3.77926421404682 0.33699987364669
3.81270903010033 0.341987290612228
3.84615384615385 0.347009886430825
3.87959866220736 0.352066779309425
3.91304347826087 0.357157058292844
3.94648829431438 0.362279783736914
3.97993311036789 0.36743398783099
4.0133779264214 0.372618675169673
4.04682274247492 0.377832823373448
4.08026755852843 0.383075383757803
4.11371237458194 0.388345282050234
4.14715719063545 0.393641419154441
4.18060200668896 0.39896267196082
4.21404682274247 0.404307894202273
4.24749163879599 0.409675917354159
4.2809364548495 0.415065551577119
4.31438127090301 0.42047558670133
4.34782608695652 0.425904793250645
4.38127090301003 0.431351923504902
4.41471571906354 0.4368157125986
4.44816053511706 0.442294879653994
4.48160535117057 0.447788128946535
4.51505016722408 0.45329415110051
4.54849498327759 0.458811624312576
4.5819397993311 0.464339215600843
4.61538461538461 0.469875582077017
4.64882943143813 0.475419372239086
4.68227424749164 0.480969227281909
4.71571906354515 0.486523782423046
4.74916387959866 0.492081668241081
4.78260869565217 0.497641512023668
4.81605351170569 0.50320193912248
4.8494983277592 0.508761574312228
4.88294314381271 0.514319043150883
4.91638795986622 0.519872973338265
4.94983277591973 0.525421996070125
4.98327759197324 0.530964747384895
5.01672240802676 0.536499869500296
5.05016722408027 0.542026012137029
5.08361204013378 0.547541833826822
5.11705685618729 0.553046003202161
5.1505016722408 0.558537200265104
5.18394648829431 0.564014117632639
5.21739130434783 0.569475461756141
5.25083612040134 0.574919954112571
5.28428093645485 0.580346332365149
5.31772575250836 0.585753351491359
5.35117056856187 0.591139784876225
5.38461538461538 0.596504425368953
5.4180602006689 0.601846086301117
5.45150501672241 0.607163602464733
5.48494983277592 0.612455831048664
5.51839464882943 0.617721652531959
5.55183946488294 0.622959971532856
5.58528428093645 0.628169717612313
5.61872909698997 0.633349846031097
5.65217391304348 0.638499338459573
5.68561872909699 0.643617203639495
5.7190635451505 0.648702477997255
5.75250836120401 0.65375422620815
5.78595317725753 0.658771541711417
5.81939799331104 0.663753547175871
5.85284280936455 0.668699394916164
5.88628762541806 0.673608267259777
5.91973244147157 0.678479376865016
5.95317725752508 0.683311966990368
5.9866220735786 0.688105311715749
6.02006688963211 0.692858716116222
6.05351170568562 0.697571516388932
6.08695652173913 0.702243079934077
6.12040133779264 0.706872805390832
6.15384615384615 0.711460122629247
6.18729096989967 0.716004492699225
6.22073578595318 0.720505407737746
6.25418060200669 0.724962390835606
6.2876254180602 0.729374995864971
6.32107023411371 0.733742807269148
6.35451505016722 0.738065439815983
6.38795986622074 0.742342538316376
6.42140468227425 0.746573777309433
6.45484949832776 0.750758860715803
6.48829431438127 0.754897521460777
6.52173913043478 0.758989521068762
6.55518394648829 0.763034649230739
6.58862876254181 0.767032723346335
6.62207357859532 0.770983588042144
6.65551839464883 0.77488711466792
6.68896321070234 0.778743200772284
6.72240802675585 0.782551769559539
6.75585284280936 0.786312769329211
6.78929765886288 0.790026172899887
6.82274247491639 0.793691977018909
6.8561872909699 0.797310201759452
6.88963210702341 0.800880889906497
6.92307692307692 0.804404106333144
6.95652173913043 0.807879937368712
6.98996655518395 0.811308490160013
7.02341137123746 0.814689892027138
7.05685618729097 0.818024289815071
7.09030100334448 0.821311849242395
7.12374581939799 0.824552754248281
7.1571906354515 0.827747206338957
7.19063545150502 0.830895423934741
7.22408026755853 0.833997641718731
7.25752508361204 0.837054109988144
7.29096989966555 0.840065094009295
7.32441471571906 0.843030873377098
7.35785953177257 0.845951741379988
7.39130434782609 0.848828004371037
7.4247491638796 0.851659981146065
7.45819397993311 0.854448002329423
7.49163879598662 0.857192409768133
7.52508361204013 0.859893555934988
7.55852842809364 0.862551803341187
7.59197324414716 0.865167523959009
7.62541806020067 0.867741098655018
7.65886287625418 0.870272916634219
7.69230769230769 0.872763374895549
7.7257525083612 0.875212877699059
7.75919732441471 0.877621836045075
7.79264214046823 0.879990667165625
7.82608695652174 0.882319794028336
7.85953177257525 0.884609644853015
7.89297658862876 0.886860652641054
7.92642140468227 0.889073254717798
7.95986622073579 0.891247892287959
7.9933110367893 0.893385010004144
8.02675585284281 0.895485055548531
8.06020066889632 0.897548479227703
8.09364548494983 0.89957573358062
8.12709030100334 0.901567272999691
8.16053511705686 0.903523553364879
8.19397993311037 0.905445031690764
8.22742474916388 0.907332165786445
8.26086956521739 0.909185413928176
8.2943143812709 0.911005234544587
8.32775919732441 0.912792085914341
8.36120401337793 0.914546425876053
8.39464882943144 0.916268711550301
8.42809364548495 0.917959399073522
8.46153846153846 0.919618943343602
8.49498327759197 0.921247797776941
8.52842809364548 0.922846414076769
8.561872909699 0.924415242012493
8.59531772575251 0.925954729209823
8.62876254180602 0.927465320951458
8.66220735785953 0.928947459988063
8.69565217391304 0.930401586359307
8.72909698996656 0.931828137224685
8.76254180602007 0.933227546703899
8.79598662207358 0.934600245726507
8.82943143812709 0.935946661890607
8.8628762541806 0.937267219330285
8.89632107023411 0.938562338591563
8.92976588628762 0.939832436516606
8.96321070234114 0.941077926135903
8.99665551839465 0.942299216568195
9.03010033444816 0.943496712927875
9.06354515050167 0.944670816239616
9.09698996655518 0.945821923359969
9.1304347826087 0.94695042690571
9.16387959866221 0.94805671518865
9.19732441471572 0.949141172156713
9.23076923076923 0.950204177341016
9.26421404682274 0.95124610580873
9.29765886287625 0.952267328121497
9.33110367892977 0.953268210299173
9.36454849498328 0.954249113788684
9.39799331103679 0.955210395437775
9.4314381270903 0.956152407473454
9.46488294314381 0.95707549748491
9.49832775919732 0.95798000841072
9.53177257525084 0.958866278530141
9.56521739130435 0.959734641458311
9.59866220735786 0.960585426145149
9.63210702341137 0.961418956877804
9.66555183946488 0.962235553286461
9.69899665551839 0.963035530353335
9.73244147157191 0.963819198424702
9.76588628762542 0.964586863225784
9.79933110367893 0.965338825878363
9.83277591973244 0.966075382920949
9.86622073578595 0.966796826331376
9.89966555183946 0.967503443551671
9.93311036789298 0.968195517515072
9.96655518394649 0.968873326675063
10 0.969537145036297
