0 0.036235184591719
0.0334448160535117 0.0370437428286149
0.0668896321070234 0.0378696344308072
0.100334448160535 0.0387131990574223
0.133779264214047 0.0395747815863407
0.167224080267559 0.0404547321276347
0.20066889632107 0.0413534060333603
0.234113712374582 0.0422711639035021
0.267558528428094 0.0432083715878595
0.301003344481605 0.0441654001836604
0.334448160535117 0.0451426260286778
0.367892976588629 0.0461404306896237
0.40133779264214 0.0471592009455825
0.434782608695652 0.0481993287662445
0.468227424749164 0.0492612112846898
0.501672240802676 0.0503452507644718
0.535117056856187 0.0514518545607374
0.568561872909699 0.0525814350751195
0.602006688963211 0.0537344097041301
0.635451505016722 0.0549112007807764
0.668896321070234 0.0561122355091168
0.702341137123746 0.0573379458914699
0.735785953177257 0.0585887686479824
0.769230769230769 0.0598651451282594
0.802675585284281 0.0611675212147545
0.836120401337793 0.0624963472176147
0.869565217391304 0.0638520777606709
0.903010033444816 0.0652351716582608
0.936454849498328 0.0666460917825713
0.969899665551839 0.0680853049211819
1.00334448160535 0.0695532816244912
1.03678929765886 0.0710504960427092
1.07023411371237 0.0725774257520942
1.10367892976589 0.0741345515701171
1.1371237458194 0.0757223573592361
1.17056856187291 0.0773413298189672
1.20401337792642 0.078991958265938
1.23745819397993 0.0806747344016192
1.27090301003344 0.0823901520674305
1.30434782608696 0.0841387069869241
1.33779264214047 0.0859208964947601
1.37123745819398 0.08773721925219
1.40468227424749 0.089588174948781
1.438127090301 0.091474263990121
1.47157190635451 0.0933959871712562
1.50501672240803 0.0953538453356321
1.53846153846154 0.0973483390193169
1.57190635451505 0.0993799680803091
1.60535117056856 0.101449231312748
1.63879598662207 0.103556626045863
1.67224080267559 0.105702647727528
1.7056856187291 0.107887789492297
1.73913043478261 0.110112541713838
1.77257525083612 0.112377391541699
1.80602006688963 0.114682822422376
1.83946488294314 0.117029313604675
1.87290969899666 0.119417339629405
1.90635451505017 0.121847369803467
1.93979933110368 0.124319867658439
1.97324414715719 0.126835290393806
2.0066889632107 0.129394088305014
2.04013377926421 0.131996704196578
2.07357859531773 0.134643572780513
2.10702341137124 0.137335120060413
2.14046822742475 0.140071762701542
2.17391304347826 0.142853907387359
2.20735785953177 0.145681950162947
2.24080267558528 0.148556275765878
2.2742474916388 0.15147725694509
2.30769230769231 0.154445253768421
2.34113712374582 0.157460612919498
2.37458193979933 0.160523666984744
2.40802675585284 0.16363473373132
2.44147157190635 0.166794115376889
2.47491638795987 0.17000209785215
2.50836120401338 0.173258950057152
2.54180602006689 0.176564923112464
2.5752508361204 0.179920249606339
2.60869565217391 0.183325142839088
2.64214046822742 0.186779796065919
2.67558528428094 0.19028438173958
2.70903010033445 0.193839050754203
2.74247491638796 0.197443931691812
2.77591973244147 0.201099130072993
2.80936454849498 0.204804727613329
2.84280936454849 0.20856078148721
2.87625418060201 0.212367323600716
2.90969899665552 0.216224359875304
2.94314381270903 0.220131869544091
2.97658862876254 0.22408980446255
3.01003344481605 0.2280980884355
3.04347826086956 0.232156616562288
3.07692307692308 0.236265254602095
3.11036789297659 0.240423838361342
3.1438127090301 0.244632173105157
3.17725752508361 0.248890032994916
3.21070234113712 0.253197160553863
3.24414715719064 0.257553266162798
3.27759197324415 0.26195802758786
3.31103678929766 0.266411089542377
3.34448160535117 0.27091206328476
3.37792642140468 0.275460526254383
3.41137123745819 0.280056021747358
3.44481605351171 0.284698058634071
3.47826086956522 0.289386111120287
3.51170568561873 0.294119618553589
3.54515050167224 0.298897985276814
3.57859531772575 0.303720580530129
3.61204013377926 0.308586738403228
3.64548494983278 0.313495757839119
3.67892976588629 0.318446902690795
3.7123745819398 0.323439401832027
3.74581939799331 0.328472449323366
3.77926421404682 0.333545204634331
3.81270903010033 0.338656792922611
3.84615384615385 0.343806305370993
3.87959866220736 0.348992799582555
3.91304347826087 0.354215300034514
3.94648829431438 0.359472798590985
3.97993311036789 0.364764255074703
4.0133779264214 0.370088597897621
4.04682274247492 0.37544472475011
4.08026755852843 0.380831503348317
4.11371237458194 0.386247772239055
4.14715719063545 0.391692341661425
4.18060200668896 0.397163994464168
4.21404682274247 0.402661487077605
4.24749163879599 0.408183550538804
4.2809364548495 0.413728891568441
4.31438127090301 0.419296193697678
4.34782608695652 0.424884118443162
4.38127090301003 0.430491306528124
4.41471571906354 0.436116379147352
4.44816053511706 0.441757939273707
4.48160535117057 0.447414573003649
4.51505016722408 0.453084850939131
4.54849498327759 0.458767329603089
4.5819397993311 0.464460552885592
4.61538461538461 0.470163053517663
4.64882943143813 0.475873354569622
4.68227424749164 0.48158997097074
4.71571906354515 0.487311411046922
4.74916387959866 0.493036178073018
4.78260869565217 0.498762771836386
4.81605351170569 0.504489690208198
4.8494983277592 0.510215430719028
4.88294314381271 0.515938492135193
4.91638795986622 0.521657376032347
4.94983277591973 0.527370588362809
4.98327759197324 0.533076641013162
5.01672240802676 0.538774053348671
5.05016722408027 0.544461353741135
5.08361204013378 0.550137081076842
5.11705685618729 0.555799786241368
5.1505016722408 0.561448033578066
5.18394648829431 0.56708040231716
5.21739130434783 0.57269548797251
5.25083612040134 0.578291903703181
5.28428093645485 0.58386828163713
5.31772575250836 0.58942327415443
5.35117056856187 0.594955555127601
5.38461538461538 0.600463821116791
5.4180602006689 0.605946792517682
5.45150501672241 0.611403214660181
5.48494983277592 0.616831858856125
5.51839464882943 0.622231523394384
5.55183946488294 0.62760103448196
5.58528428093645 0.63293924712982
5.61872909698997 0.638245045982403
5.65217391304348 0.643517346089925
5.68561872909699 0.648755093622772
5.7190635451505 0.653957266527461
5.75250836120401 0.659122875123825
5.78595317725753 0.664250962643243
5.81939799331104 0.669340605707929
5.85284280936455 0.674390914751423
5.88628762541806 0.679401034380637
5.91973244147157 0.684370143679924
5.95317725752508 0.689297456457798
5.9866220735786 0.694182221437111
6.02006688963211 0.699023722389561
6.05351170568562 0.703821278215613
6.08695652173913 0.708574242970976
6.12040133779264 0.713282005840922
6.15384615384615 0.717943991063834
6.18729096989967 0.722559657805465
6.22073578595318 0.727128499985485
6.25418060200669 0.731650046057957
6.2876254180602 0.736123858747479
6.32107023411371 0.740549534742781
6.35451505016722 0.744926704349604
6.38795986622074 0.749255031104774
6.42140468227425 0.753534211353386
6.45484949832776 0.75776397379106
6.48829431438127 0.761944078973251
6.52173913043478 0.766074318793618
6.55518394648829 0.770154515933446
6.58862876254181 0.774184523284138
6.62207357859532 0.778164223344768
6.65551839464883 0.782093527596697
6.68896321070234 0.785972375857209
6.72240802675585 0.789800735614126
6.75585284280936 0.793578601343313
6.78929765886288 0.797305993810962
6.82274247491639 0.800982959362498
6.8561872909699 0.804609569199915
6.88963210702341 0.808185918649298
6.92307692307692 0.811712126420238
6.95652173913043 0.815188333858797
6.98996655518395 0.818614704195626
7.02341137123746 0.821991421790777
7.05685618729097 0.825318691376688
7.09030100334448 0.828596737300773
7.12374581939799 0.831825802768973
7.1571906354515 0.835006149091561
7.19063545150502 0.838138054932436
7.22408026755853 0.841221815563085
7.25752508361204 0.844257742122296
7.29096989966555 0.84724616088268
7.32441471571906 0.850187412524968
7.35785953177257 0.853081851420995
7.39130434782609 0.855929844926223
7.4247491638796 0.85873177268259
7.45819397993311 0.861488025932398
7.49163879598662 0.864199006843928
7.52508361204013 0.866865127849372
7.55852842809364 0.869486810995635
7.59197324414716 0.872064487308515
7.62541806020067 0.874598596170687
7.65886287625418 0.877089584713893
7.69230769230769 0.879537907225669
7.7257525083612 0.881944024570916
7.75919732441471 0.884308403628542
7.79264214046823 0.886631516743398
7.82608695652174 0.88891384119365
7.85953177257525 0.891155858673721
7.89297658862876 0.893358054792876
7.92642140468227 0.895520918589504
7.95986622073579 0.897644942061105
7.9933110367893 0.899730619709953
8.02675585284281 0.90177844810441
8.06020066889632 0.903788925455783
8.09364548494983 0.905762551210634
8.12709030100334 0.907699825658424
8.16053511705686 0.90960124955431
8.19397993311037 0.911467323756954
8.22742474916388 0.913298548881124
8.26086956521739 0.915095424964904
8.2943143812709 0.916858451151256
8.32775919732441 0.918588125383724
8.36120401337793 0.920284944116002
8.39464882943144 0.921949402035116
8.42809364548495 0.923581991797931
8.46153846153846 0.925183203780717
8.49498327759197 0.926753525841454
8.52842809364548 0.928293443094607
8.561872909699 0.929803437698036
8.59531772575251 0.931283988651755
8.62876254180602 0.932735571608217
8.66220735785953 0.934158658693797
8.69565217391304 0.935553718341187
8.72909698996656 0.936921215132345
8.76254180602007 0.938261609651713
8.79598662207358 0.939575358349357
8.82943143812709 0.940862913413741
8.8628762541806 0.942124722653788
8.89632107023411 0.943361229389941
8.92976588628762 0.944572872353897
8.96321070234114 0.945760085596715
8.99665551839465 0.946923298404992
9.03010033444816 0.948062935224805
9.06354515050167 0.949179415593129
9.09698996655518 0.950273154076438
9.1304347826087 0.951344560216204
9.16387959866221 0.952394038481015
9.19732441471572 0.953421988225037
9.23076923076923 0.954428803652553
9.26421404682274 0.955414873788319
9.29765886287625 0.956380582453468
9.33110367892977 0.957326308246729
9.36454849498328 0.95825242453071
9.39799331103679 0.959159299422997
9.4314381270903 0.960047295791857
9.46488294314381 0.960916771256301
9.49832775919732 0.961768078190307
9.53177257525084 0.962601563730967
9.56521739130435 0.963417569790381
9.59866220735786 0.964216433071075
9.63210702341137 0.964998485084759
9.66555183946488 0.96576405217424
9.69899665551839 0.966513455538305
9.73244147157191 0.967247011259406
9.76588628762542 0.967965030333966
9.79933110367893 0.968667818705161
9.83277591973244 0.969355677298
9.86622073578595 0.970028902056578
9.89966555183946 0.970687783983333
9.93311036789298 0.971332609180175
9.96655518394649 0.971963658891366
10 0.972581209547997
