0 0.0349133057845107
0.0334448160535117 0.03570915980766
0.0668896321070234 0.0365224688961777
0.100334448160535 0.0373535842941007
0.133779264214047 0.0382028628604596
0.167224080267559 0.03907066709021
0.20066889632107 0.0399573651314164
0.234113712374582 0.0408633307984665
0.267558528428094 0.0417889435810894
0.301003344481605 0.0427345886489389
0.334448160535117 0.0437006568515006
0.367892976588629 0.0446875447130696
0.40133779264214 0.0456956544225416
0.434782608695652 0.0467253938177502
0.468227424749164 0.047777176364077
0.501672240802676 0.0488514211270547
0.535117056856187 0.0499485527386723
0.568561872909699 0.0510690013570898
0.602006688963211 0.0522132026194577
0.635451505016722 0.0533815975875334
0.668896321070234 0.0545746326857768
0.702341137123746 0.0557927596316044
0.735785953177257 0.0570364353574714
0.769230769230769 0.0583061219244493
0.802675585284281 0.0596022864269561
0.836120401337793 0.060925400888297
0.869565217391304 0.0622759421466632
0.903010033444816 0.0636543917312365
0.936454849498328 0.0650612357280406
0.969899665551839 0.0664969646351791
1.00334448160535 0.0679620732070966
1.03678929765886 0.0694570602874981
1.07023411371237 0.07098242863056
1.10367892976589 0.0725386847100676
1.1371237458194 0.0741263385161118
1.17056856187291 0.0757459033389836
1.20401337792642 0.0773978955399023
1.23745819397993 0.0790828343082214
1.27090301003344 0.0808012414047602
1.30434782608696 0.0825536408909115
1.33779264214047 0.0843405588431892
1.37123745819398 0.0861625230528833
1.40468227424749 0.0880200627105019
1.438127090301 0.0899137080746919
1.47157190635451 0.0918439901253417
1.50501672240803 0.0938114402005863
1.53846153846154 0.0958165896174488
1.57190635451505 0.0978599692758746
1.60535117056856 0.0999421092459298
1.63879598662207 0.102063538337963
1.67224080267559 0.104224783655551
1.7056856187291 0.106426370131071
1.73913043478261 0.108668820043782
1.77257525083612 0.110952652520318
1.80602006688963 0.113278383017524
1.83946488294314 0.115646522787629
1.87290969899666 0.11805757832574
1.90635451505017 0.120512050799733
1.93979933110368 0.123010435462617
1.97324414715719 0.125553221047519
2.0066889632107 0.128140889145472
2.04013377926421 0.130773913566232
2.07357859531773 0.133452759682422
2.10702341137124 0.136177883757339
2.14046822742475 0.13894973225681
2.17391304347826 0.14176874114557
2.20735785953177 0.144635335168659
2.24080267558528 0.14754992711843
2.2742474916388 0.150512917087802
2.30769230769231 0.153524691710478
2.34113712374582 0.156585623388895
2.37458193979933 0.159696069510763
2.40802675585284 0.162856371655114
2.44147157190635 0.16606685478885
2.47491638795987 0.169327826454856
2.50836120401338 0.17263957595283
2.54180602006689 0.176002373514038
2.5752508361204 0.179416469471286
2.60869565217391 0.182882093425488
2.64214046822742 0.186399453410261
2.67558528428094 0.189968735056081
2.70903010033445 0.19359010075557
2.74247491638796 0.197263688831609
2.77591973244147 0.200989612709977
2.80936454849498 0.204767960098355
2.84280936454849 0.20859879217354
2.87625418060201 0.21248214277881
2.90969899665552 0.216418017633436
2.94314381270903 0.220406393556387
2.97658862876254 0.224447217706327
3.01003344481605 0.228540406840053
3.04347826086956 0.232685846591557
3.07692307692308 0.236883390773948
3.11036789297659 0.241132860706476
3.1438127090301 0.245434044568944
3.17725752508361 0.249786696785795
3.21070234113712 0.254190537442184
3.24414715719064 0.258645251734328
3.27759197324415 0.263150489456447
3.31103678929766 0.267705864526555
3.34448160535117 0.272310954553369
3.37792642140468 0.276965300446563
3.41137123745819 0.281668406072525
3.44481605351171 0.286419737957757
3.47826086956522 0.291218725041978
3.51170568561873 0.296064758482907
3.54515050167224 0.300957191514639
3.57859531772575 0.305895339361423
3.61204013377926 0.31087847920854
3.64548494983278 0.315905850231891
3.67892976588629 0.320976653687741
3.7123745819398 0.32609005306397
3.74581939799331 0.331245174294017
3.77926421404682 0.336441106034559
3.81270903010033 0.341676900007801
3.84615384615385 0.346951571409086
3.87959866220736 0.352264099380363
3.91304347826087 0.357613427549858
3.94648829431438 0.36299846463811
3.97993311036789 0.368418085130329
4.0133779264214 0.373871130014849
4.04682274247492 0.379356407587221
4.08026755852843 0.384872694319305
4.11371237458194 0.390418735792496
4.14715719063545 0.395993247694009
4.18060200668896 0.401594916874945
4.21404682274247 0.407222402468635
4.24749163879599 0.412874337067565
4.2809364548495 0.41854932795696
4.31438127090301 0.42424595840293
4.34782608695652 0.429962788992843
4.38127090301003 0.435698359025449
4.41471571906354 0.441451187948049
4.44816053511706 0.447219776837854
4.48160535117057 0.453002609924506
4.51505016722408 0.458798156150569
4.54849498327759 0.464604870766667
4.5819397993311 0.470421196957795
4.61538461538461 0.476245567497219
4.64882943143813 0.482076406424277
4.68227424749164 0.487912130742276
4.71571906354515 0.493751152132642
4.74916387959866 0.499591878681363
4.78260869565217 0.505432716613771
4.81605351170569 0.511272072033626
4.8494983277592 0.517108352662492
4.88294314381271 0.522939969575352
4.91638795986622 0.528765338928468
4.94983277591973 0.534582883675475
4.98327759197324 0.540391035267792
5.01672240802676 0.546188235335457
5.05016722408027 0.551972937344591
5.08361204013378 0.557743608227786
5.11705685618729 0.563498729983804
5.1505016722408 0.569236801243122
5.18394648829431 0.574956338795946
5.21739130434783 0.58065587907951
5.25083612040134 0.5863339796216
5.28428093645485 0.591989220437413
5.31772575250836 0.59762020537704
5.35117056856187 0.603225563421051
5.38461538461538 0.608803949921839
5.4180602006689 0.614354047788579
5.45150501672241 0.619874568613865
5.48494983277592 0.625364253740298
5.51839464882943 0.630821875265483
5.55183946488294 0.636246236984138
5.58528428093645 0.641636175266202
5.61872909698997 0.646990559870062
5.65217391304348 0.652308294690199
5.68561872909699 0.657588318438813
5.7190635451505 0.662829605261126
5.75250836120401 0.668031165284323
5.78595317725753 0.673192045100258
5.81939799331104 0.678311328182234
5.85284280936455 0.683388135236389
5.88628762541806 0.688421624488349
5.91973244147157 0.693410991906021
5.95317725752508 0.698355471359539
5.9866220735786 0.703254334719523
6.02006688963211 0.70810689189499
6.05351170568562 0.712912490812344
6.08695652173913 0.717670517337029
6.12040133779264 0.722380395139546
6.15384615384615 0.727041585507609
6.18729096989967 0.731653587106355
6.22073578595318 0.736215935688562
6.25418060200669 0.740728203756946
6.2876254180602 0.745190000180636
6.32107023411371 0.749600969768011
6.35451505016722 0.753960792798104
6.38795986622074 0.758269184512831
6.42140468227425 0.762525894572318
6.45484949832776 0.766730706475628
6.48829431438127 0.770883436949174
6.52173913043478 0.774983935305143
6.55518394648829 0.779032082772213
6.58862876254181 0.783027791800836
6.62207357859532 0.786971005345373
6.65551839464883 0.790861696125271
6.68896321070234 0.794699865867517
6.72240802675585 0.798485544532481
6.75585284280936 0.802218789525297
6.78929765886288 0.805899684894798
6.82274247491639 0.809528340522035
6.8561872909699 0.81310489130031
6.88963210702341 0.816629496308601
6.92307692307692 0.820102337980193
6.95652173913043 0.823523621268267
6.98996655518395 0.826893572810109
7.02341137123746 0.830212440091558
7.05685618729097 0.833480490613202
7.09030100334448 0.836698011059797
7.12374581939799 0.839865306474272
7.1571906354515 0.842982699437632
7.19063545150502 0.846050529255987
7.22408026755853 0.849069151155854
7.25752508361204 0.852038935488818
7.29096989966555 0.854960266946544
7.32441471571906 0.857833543787086
7.35785953177257 0.860659177073337
7.39130434782609 0.863437589924419
7.4247491638796 0.866169216780726
7.45819397993311 0.868854502683281
7.49163879598662 0.871493902567976
7.52508361204013 0.874087880575249
7.55852842809364 0.87663690937563
7.59197324414716 0.879141469511578
7.62541806020067 0.881602048755957
7.65886287625418 0.884019141487434
7.69230769230769 0.886393248083046
7.7257525083612 0.88872487432813
7.75919732441471 0.891014530843753
7.79264214046823 0.893262732531749
7.82608695652174 0.895469998037415
7.85953177257525 0.897636849229881
7.89297658862876 0.89976381070014
7.92642140468227 0.901851409276673
7.95986622073579 0.903900173558586
7.9933110367893 0.905910633466137
8.02675585284281 0.907883319808501
8.06020066889632 0.909818763868602
8.09364548494983 0.911717497004802
8.12709030100334 0.913580050269241
8.16053511705686 0.915406954042572
8.19397993311037 0.917198737684823
8.22742474916388 0.918955929202134
8.26086956521739 0.920679054929043
8.2943143812709 0.922368639226035
8.32775919732441 0.924025204192028
8.36120401337793 0.925649269391468
8.39464882943144 0.927241351595691
8.42809364548495 0.928801964538212
8.46153846153846 0.930331618683588
8.49498327759197 0.931830821009489
8.52842809364548 0.933300074801632
8.561872909699 0.934739879461197
8.59531772575251 0.93615073032438
8.62876254180602 0.937533118493692
8.66220735785953 0.938887530680658
8.69565217391304 0.940214449059548
8.72909698996656 0.941514351131759
8.76254180602007 0.942787709600516
8.79598662207358 0.944034992255504
8.82943143812709 0.945256661867099
8.8628762541806 0.946453176089835
8.89632107023411 0.947624987374765
8.92976588628762 0.948772542890374
8.96321070234114 0.949896284451714
8.99665551839465 0.95099664845742
9.03010033444816 0.952074065834296
9.06354515050167 0.953128961989148
9.09698996655518 0.954161756767551
9.1304347826087 0.955172864419254
9.16387959866221 0.956162693569916
9.19732441471572 0.9571316471989
9.23076923076923 0.95808012262282
9.26421404682274 0.959008511484592
9.29765886287625 0.959917199747698
9.33110367892977 0.960806567695423
9.36454849498328 0.961676989934797
9.39799331103679 0.962528835405009
9.4314381270903 0.96336246739005
9.46488294314381 0.964178243535354
9.49832775919732 0.964976515868217
9.53177257525084 0.965757630821784
9.56521739130435 0.966521929262385
9.59866220735786 0.967269746520024
9.63210702341137 0.968001412421836
9.66555183946488 0.968717251328313
9.69899665551839 0.969417582172124
9.73244147157191 0.970102718499357
9.76588628762542 0.970772968513022
9.79933110367893 0.971428635118636
9.83277591973244 0.972070015971767
9.86622073578595 0.972697403527355
9.89966555183946 0.973311085090699
9.93311036789298 0.973911342869958
9.96655518394649 0.974498454030033
10 0.975072690747724
