0 0.0362650355223975
0.0334448160535117 0.0370837086849361
0.0668896321070234 0.0379201359824463
0.100334448160535 0.0387746693097773
0.133779264214047 0.0396476660275165
0.167224080267559 0.0405394889759735
0.20066889632107 0.0414505064852423
0.234113712374582 0.0423810923811216
0.267558528428094 0.0433316259866657
0.301003344481605 0.0443024921191303
0.334448160535117 0.0452940810820729
0.367892976588629 0.0463067886523583
0.40133779264214 0.0473410160618137
0.434782608695652 0.0483971699732706
0.468227424749164 0.0494756624507245
0.501672240802676 0.0505769109233355
0.535117056856187 0.0517013381429874
0.568561872909699 0.0528493721351156
0.602006688963211 0.0540214461425081
0.635451505016722 0.0552179985617775
0.668896321070234 0.0564394728721971
0.702341137123746 0.0576863175565856
0.735785953177257 0.0589589860139244
0.769230769230769 0.0602579364633817
0.802675585284281 0.0615836318394157
0.836120401337793 0.0629365396776249
0.869565217391304 0.0643171319910086
0.903010033444816 0.0657258851362988
0.936454849498328 0.0671632796700216
0.969899665551839 0.0686298001939435
1.00334448160535 0.0701259351895582
1.03678929765886 0.0716521768412678
1.07023411371237 0.0732090208479123
1.10367892976589 0.0747969662223034
1.1371237458194 0.07641651507842
1.17056856187291 0.0780681724059246
1.20401337792642 0.079752445831666
1.23745819397993 0.0814698453678361
1.27090301003344 0.0832208831464577
1.30434782608696 0.0850060731398842
1.33779264214047 0.0868259308670032
1.37123745819398 0.0886809730848458
1.40468227424749 0.0905717174653134
1.438127090301 0.0924986822567483
1.47157190635451 0.0944623859300879
1.50501672240803 0.096463346809359
1.53846153846154 0.098502082686286
1.57190635451505 0.100579110418807
1.60535117056856 0.102694945513312
1.63879598662207 0.104850101690442
1.67224080267559 0.107045090434317
1.7056856187291 0.109280420525068
1.73913043478261 0.11155659755462
1.77257525083612 0.113874123425644
1.80602006688963 0.116233495833698
1.83946488294314 0.118635207732546
1.87290969899666 0.121079746782729
1.90635451505017 0.123567594783494
1.93979933110368 0.126099227088199
1.97324414715719 0.128675112003397
2.0066889632107 0.131295710171826
2.04013377926421 0.133961473939586
2.07357859531773 0.136672846707826
2.10702341137124 0.139430262269342
2.14046822742475 0.142234144130514
2.17391304347826 0.145084904819084
2.20735785953177 0.147982945178325
2.24080267558528 0.150928653648234
2.2742474916388 0.153922405534417
2.30769230769231 0.156964562265411
2.34113712374582 0.160055470639261
2.37458193979933 0.16319546206023
2.40802675585284 0.16638485176658
2.44147157190635 0.169623938050454
2.47491638795987 0.172913001470932
2.50836120401338 0.176252304061423
2.54180602006689 0.17964208853263
2.5752508361204 0.183082577472363
2.60869565217391 0.186573972543599
2.64214046822742 0.190116453682204
2.67558528428094 0.193710178295832
2.70903010033445 0.197355280465583
2.74247491638796 0.201051870152054
2.77591973244147 0.204800032407492
2.80936454849498 0.208599826595816
2.84280936454849 0.21245128562233
2.87625418060201 0.21635441517502
2.90969899665552 0.220309192979363
2.94314381270903 0.224315568068622
2.97658862876254 0.228373460071674
3.01003344481605 0.232482758520421
3.04347826086956 0.236643322178888
3.07692307692308 0.240854978396133
3.11036789297659 0.245117522485133
3.1438127090301 0.249430717129784
3.17725752508361 0.253794291822218
3.21070234113712 0.258207942332593
3.24414715719064 0.262671330213534
3.27759197324415 0.267184082341371
3.31103678929766 0.271745790496319
3.34448160535117 0.276356010983692
3.37792642140468 0.281014264298208
3.41137123745819 0.285720034833407
3.44481605351171 0.290472770638139
3.47826086956522 0.295271883221987
3.51170568561873 0.30011674741146
3.54515050167224 0.305006701258664
3.57859531772575 0.309941046004082
3.61204013377926 0.314919046094989
3.64548494983278 0.319939929260901
3.67892976588629 0.32500288664735
3.7123745819398 0.33010707300914
3.74581939799331 0.335251606964079
3.77926421404682 0.340435571308069
3.81270903010033 0.345658013392243
3.84615384615385 0.350917945562707
3.87959866220736 0.356214345663234
3.91304347826087 0.361546157601134
3.94648829431438 0.366912291976281
3.97993311036789 0.372311626773147
4.0133779264214 0.377743008115461
4.04682274247492 0.383205251082938
4.08026755852843 0.388697140589323
4.11371237458194 0.394217432320785
4.14715719063545 0.399764853733527
4.18060200668896 0.405338105109235
4.21404682274247 0.410935860666848
4.24749163879599 0.416556769728873
4.2809364548495 0.422199457940342
4.31438127090301 0.427862528538272
4.34782608695652 0.433544563669336
4.38127090301003 0.439244125753267
4.41471571906354 0.444959758889346
4.44816053511706 0.450689990303182
4.48160535117057 0.456433331830819
4.51505016722408 0.462188281437086
4.54849498327759 0.467953324764955
4.5819397993311 0.473726936712575
4.61538461538461 0.479507583034531
4.64882943143813 0.48529372196378
4.68227424749164 0.491083805850654
4.71571906354515 0.496876282815228
4.74916387959866 0.502669598409327
4.78260869565217 0.508462197284379
4.81605351170569 0.514252524861332
4.8494983277592 0.520039028998806
4.88294314381271 0.525820161655693
4.91638795986622 0.531594380544421
4.94983277591973 0.537360150771135
4.98327759197324 0.543115946459103
5.01672240802676 0.548860252351727
5.05016722408027 0.554591565391596
5.08361204013378 0.560308396272144
5.11705685618729 0.566009270958543
5.1505016722408 0.571692732174611
5.18394648829431 0.577357340852622
5.21739130434783 0.583001677543061
5.25083612040134 0.5886243437815
5.28428093645485 0.594223963409945
5.31772575250836 0.599799183850165
5.35117056856187 0.605348677326679
5.38461538461538 0.610871142037277
5.4180602006689 0.616365303269129
5.45150501672241 0.621829914458707
5.48494983277592 0.627263758193977
5.51839464882943 0.632665647157485
5.55183946488294 0.638034425009166
5.58528428093645 0.643368967207909
5.61872909698997 0.648668181771105
5.65217391304348 0.653931009971605
5.68561872909699 0.659156426971697
5.7190635451505 0.664343442393922
5.75250836120401 0.669491100828727
5.78595317725753 0.674598482279121
5.81939799331104 0.679664702542706
5.85284280936455 0.684688913531606
5.88628762541806 0.689670303530983
5.91973244147157 0.694608097396994
5.95317725752508 0.699501556695191
5.9866220735786 0.704349979780498
6.02006688963211 0.709152701820048
6.05351170568562 0.713909094760269
6.08695652173913 0.718618567239738
6.12040133779264 0.723280564449431
6.15384615384615 0.727894567942056
6.18729096989967 0.732460095392317
6.22073578595318 0.736976700309941
6.25418060200669 0.741443971707458
6.2876254180602 0.745861533724714
6.32107023411371 0.750229045212194
6.35451505016722 0.754546199275231
6.38795986622074 0.758812722781262
6.42140468227425 0.763028375832252
6.45484949832776 0.767192951204472
6.48829431438127 0.771306273757809
6.52173913043478 0.775368199816769
6.55518394648829 0.779378616525344
6.58862876254181 0.783337441177907
6.62207357859532 0.787244620528244
6.65551839464883 0.791100130078835
6.68896321070234 0.794903973352458
6.72240802675585 0.798656181148139
6.75585284280936 0.802356810783433
6.78929765886288 0.806005945324977
6.82274247491639 0.809603692809211
6.8561872909699 0.813150185455078
6.88963210702341 0.816645578870491
6.92307692307692 0.820090051254275
6.95652173913043 0.823483802595227
6.98996655518395 0.826827053869875
7.02341137123746 0.830120046240455
7.05685618729097 0.833363040254539
7.09030100334448 0.836556315047706
7.12374581939799 0.839700167550537
7.1571906354515 0.84279491170119
7.19063545150502 0.845840877664705
7.22408026755853 0.848838411060124
7.25752508361204 0.851787872196474
7.29096989966555 0.854689635318529
7.32441471571906 0.857544087863266
7.35785953177257 0.860351629727816
7.39130434782609 0.86311267254966
7.4247491638796 0.865827638999765
7.45819397993311 0.868496962089271
7.49163879598662 0.871121084490301
7.52508361204013 0.87370045787139
7.55852842809364 0.876235542247978
7.59197324414716 0.878726805348358
7.62541806020067 0.881174721995418
7.65886287625418 0.88357977350445
7.69230769230769 0.885942447097275
7.7257525083612 0.888263235332863
7.75919732441471 0.890542635554602
7.79264214046823 0.8927811493543
7.82608695652174 0.894979282053003
7.85953177257525 0.897137542198634
7.89297658862876 0.899256441080453
7.92642140468227 0.901336492260283
7.95986622073579 0.903378211120431
7.9933110367893 0.905382114428192
8.02675585284281 0.907348719916805
8.06020066889632 0.909278545882698
8.09364548494983 0.911172110798846
8.12709030100334 0.913029932944023
8.16053511705686 0.91485253004774
8.19397993311037 0.916640418950616
8.22742474916388 0.918394115279926
8.26086956521739 0.920114133140053
8.2943143812709 0.92180098481756
8.32775919732441 0.923455180500581
8.36120401337793 0.92507722801222
8.39464882943144 0.92666763255765
8.42809364548495 0.928226896484582
8.46153846153846 0.929755519056774
8.49498327759197 0.931253996240241
8.52842809364548 0.932722820501838
8.561872909699 0.934162480619861
8.59531772575251 0.935573461506324
8.62876254180602 0.936956244040577
8.66220735785953 0.938311304913902
8.69565217391304 0.939639116484757
8.72909698996656 0.940940146644312
8.76254180602007 0.942214858691948
8.79598662207358 0.943463711220363
8.82943143812709 0.944687158009968
8.8628762541806 0.945885647932217
8.89632107023411 0.947059624861566
8.92976588628762 0.948209527595721
8.96321070234114 0.949335789783864
8.99665551839465 0.950438839862532
9.03010033444816 0.95151910099886
9.06354515050167 0.952576991040866
9.09698996655518 0.953612922474496
9.1304347826087 0.954627302387126
9.16387959866221 0.955620532437251
9.19732441471572 0.956593008830075
9.23076923076923 0.957545122298737
9.26421404682274 0.958477258090905
9.29765886287625 0.959389795960488
9.33110367892977 0.960283110164207
9.36454849498328 0.961157569462797
9.39799331103679 0.962013537126592
9.4314381270903 0.962851370945272
9.46488294314381 0.963671423241543
9.49832775919732 0.964474040888551
9.53177257525084 0.965259565330803
9.56521739130435 0.966028332608413
9.59866220735786 0.966780673384462
9.63210702341137 0.967516912975304
9.66555183946488 0.968237371383618
9.69899665551839 0.968942363334045
9.73244147157191 0.969632198311244
9.76588628762542 0.970307180600192
9.79933110367893 0.970967609328588
9.83277591973244 0.971613778511203
9.86622073578595 0.972245977096035
9.89966555183946 0.972864489012134
9.93311036789298 0.973469593218961
9.96655518394649 0.974061563757161
10 0.974640669800619
