0 0.0331483833578049
0.0334448160535117 0.0339151657650249
0.0668896321070234 0.0346990486837032
0.100334448160535 0.0355003837543006
0.133779264214047 0.0363195284602386
0.167224080267559 0.0371568461584129
0.20066889632107 0.0380127061061736
0.234113712374582 0.0388874834845503
0.267558528428094 0.0397815594174892
0.301003344481605 0.0406953209868618
0.334448160535117 0.0416291612429976
0.367892976588629 0.0425834792104841
0.40133779264214 0.0435586798889697
0.434782608695652 0.0445551742486954
0.468227424749164 0.0455733792204761
0.501672240802676 0.0466137176798394
0.535117056856187 0.0476766184250257
0.568561872909699 0.0487625161485439
0.602006688963211 0.0498718514019666
0.635451505016722 0.0510050705536449
0.668896321070234 0.0521626257390117
0.702341137123746 0.0533449748031363
0.735785953177257 0.0545525812351854
0.769230769230769 0.0557859140944384
0.802675585284281 0.0570454479274983
0.836120401337793 0.0583316626763323
0.869565217391304 0.0596450435767711
0.903010033444816 0.0609860810470895
0.936454849498328 0.0623552705662863
0.969899665551839 0.0637531125416755
1.00334448160535 0.065180112165399
1.03678929765886 0.0666367792594661
1.07023411371237 0.0681236281089217
1.10367892976589 0.0696411772827454
1.1371237458194 0.0711899494420816
1.17056856187291 0.0727704711353992
1.20401337792642 0.074383272580183
1.23745819397993 0.0760288874307585
1.27090301003344 0.0777078525318568
1.30434782608696 0.0794207076575285
1.33779264214047 0.0811679952350231
1.37123745819398 0.0829502600532557
1.40468227424749 0.0847680489554927
1.438127090301 0.0866219105158963
1.47157190635451 0.0885123946995812
1.50501672240803 0.0904400525058481
1.53846153846154 0.0924054355942755
1.57190635451505 0.0944090958933672
1.60535117056856 0.0964515851914712
1.63879598662207 0.0985334547097083
1.67224080267559 0.10065525465667
1.7056856187291 0.102817533764673
1.73913043478261 0.105020838807378
1.77257525083612 0.107265714098626
1.80602006688963 0.109552700972355
1.83946488294314 0.111882337243514
1.87290969899666 0.114255156649924
1.90635451505017 0.116671688275063
1.93979933110368 0.119132455951814
1.97324414715719 0.121637977647246
2.0066889632107 0.124188764828547
2.04013377926421 0.126785321810291
2.07357859531773 0.129428145083251
2.10702341137124 0.132117722625052
2.14046822742475 0.134854533192993
2.17391304347826 0.137639045599453
2.20735785953177 0.140471717970323
2.24080267558528 0.143352996987021
2.2742474916388 0.146283317112664
2.30769230769231 0.149263099803087
2.34113712374582 0.152292752703437
2.37458193979933 0.155372668831169
2.40802675585284 0.158503225746338
2.44147157190635 0.161684784710146
2.47491638795987 0.164917689832825
2.50836120401338 0.168202267211963
2.54180602006689 0.171538824062509
2.5752508361204 0.174927647839744
2.60869565217391 0.178369005356613
2.64214046822742 0.181863141896881
2.67558528428094 0.18541028032566
2.70903010033445 0.189010620198947
2.74247491638796 0.192664336873888
2.77591973244147 0.196371580621559
2.80936454849498 0.200132475744146
2.84280936454849 0.203947119698474
2.87625418060201 0.207815582227908
2.90969899665552 0.211737904504721
2.94314381270903 0.215714098285102
2.97658862876254 0.219744145079013
3.01003344481605 0.223827995337199
3.04347826086956 0.227965567657667
3.07692307692308 0.232156748014034
3.11036789297659 0.236401389008165
3.1438127090301 0.240699309149552
3.17725752508361 0.245050292163923
3.21070234113712 0.249454086333599
3.24414715719064 0.253910403872085
3.27759197324415 0.258418920335449
3.31103678929766 0.262979274072958
3.34448160535117 0.267591065719502
3.37792642140468 0.272253857732245
3.41137123745819 0.276967173973942
3.44481605351171 0.281730499345306
3.47826086956522 0.286543279468736
3.51170568561873 0.291404920425672
3.54515050167224 0.29631478854973
3.57859531772575 0.30127221027772
3.61204013377926 0.30627647206049
3.64548494983278 0.311326820335483
3.67892976588629 0.316422461562725
3.7123745819398 0.321562562325836
3.74581939799331 0.326746249499521
3.77926421404682 0.331972610484817
3.81270903010033 0.337240693513219
3.84615384615385 0.34254950802062
3.87959866220736 0.347898025091821
3.91304347826087 0.353285177976153
3.94648829431438 0.358709862674572
3.97993311036789 0.364170938598358
4.0133779264214 0.36966722929934
4.04682274247492 0.375197523271334
4.08026755852843 0.38076057482228
4.11371237458194 0.386355105016303
4.14715719063545 0.391979802684701
4.18060200668896 0.397633325504646
4.21404682274247 0.403314301144111
4.24749163879599 0.409021328471349
4.2809364548495 0.414752978826981
4.31438127090301 0.420507797356543
4.34782608695652 0.426284304401116
4.38127090301003 0.43208099694344
4.41471571906354 0.437896350106719
4.44816053511706 0.4437288187031
4.48160535117057 0.44957683882864
4.51505016722408 0.455438829501387
4.54849498327759 0.461313194339019
4.5819397993311 0.467198323272356
4.61538461538461 0.47309259429089
4.64882943143813 0.478994375216367
4.68227424749164 0.484902025500337
4.71571906354515 0.490813898041493
4.74916387959866 0.496728341018531
4.78260869565217 0.502643699734222
4.81605351170569 0.508558318466309
4.8494983277592 0.514470542320853
4.88294314381271 0.520378719083594
4.91638795986622 0.526281201064958
4.94983277591973 0.532176346934313
4.98327759197324 0.538062523539161
5.01672240802676 0.543938107704987
5.05016722408027 0.54980148801158
5.08361204013378 0.555651066541733
5.11705685618729 0.561485260598338
5.1505016722408 0.567302504386013
5.18394648829431 0.57310125065355
5.21739130434783 0.578879972293626
5.25083612040134 0.584637163896371
5.28428093645485 0.590371343253591
5.31772575250836 0.596081052810612
5.35117056856187 0.60176486106293
5.38461538461538 0.607421363895036
5.4180602006689 0.613049185859034
5.45150501672241 0.618646981390857
5.48494983277592 0.624213435962137
5.51839464882943 0.629747267166
5.55183946488294 0.635247225735319
5.58528428093645 0.640712096492133
5.61872909698997 0.64614069922725
5.65217391304348 0.651531889509219
5.68561872909699 0.656884559422137
5.7190635451505 0.662197638231947
5.75250836120401 0.667470092981128
5.78595317725753 0.672700929011895
5.81939799331104 0.677889190418238
5.85284280936455 0.683033960427316
5.88628762541806 0.688134361710957
5.91973244147157 0.693189556628166
5.95317725752508 0.69819874739975
5.9866220735786 0.703161176216323
6.02006688963211 0.708076125281122
6.05351170568562 0.712942916789216
6.08695652173913 0.71776091284482
6.12040133779264 0.722529515318569
6.15384615384615 0.727248165646701
6.18729096989967 0.731916344574235
6.22073578595318 0.736533571844282
6.25418060200669 0.741099405835762
6.2876254180602 0.745613443151806
6.32107023411371 0.75007531816126
6.35451505016722 0.754484702495673
6.38795986622074 0.758841304504266
6.42140468227425 0.763144868669345
6.45484949832776 0.767395174984692
6.48829431438127 0.771592038299427
6.52173913043478 0.775735307629871
6.55518394648829 0.779824865441912
6.58862876254181 0.783860626906362
6.62207357859532 0.78784253912977
6.65551839464883 0.791770580363106
6.68896321070234 0.795644759190728
6.72240802675585 0.799465113701952
6.75585284280936 0.803231710647526
6.78929765886288 0.806944644583239
6.82274247491639 0.810604037002832
6.8561872909699 0.814210035462318
6.88963210702341 0.817762812697741
6.92307692307692 0.821262565738337
6.95652173913043 0.824709515016973
6.98996655518395 0.828103903479686
7.02341137123746 0.831445995696022
7.05685618729097 0.834736076971837
7.09030100334448 0.837974452466118
7.12374581939799 0.841161446313284
7.1571906354515 0.844297400752386
7.19063545150502 0.847382675264487
7.22408026755853 0.850417645719476
7.25752508361204 0.853402703533431
7.29096989966555 0.856338254837618
7.32441471571906 0.859224719660094
7.35785953177257 0.862062531120817
7.39130434782609 0.864852134641095
7.4247491638796 0.867593987168122
7.45819397993311 0.870288556415275
7.49163879598662 0.872936320118782
7.52508361204013 0.875537765311299
7.55852842809364 0.878093387612866
7.59197324414716 0.880603690539647
7.62541806020067 0.883069184830803
7.65886287625418 0.885490387793789
7.69230769230769 0.887867822668293
7.7257525083612 0.890202018009013
7.75919732441471 0.892493507087384
7.79264214046823 0.894742827312343
7.82608695652174 0.896950519670162
7.85953177257525 0.899117128183344
7.89297658862876 0.901243199388522
7.92642140468227 0.903329281833297
7.95986622073579 0.905375925591865
7.9933110367893 0.907383681799307
8.02675585284281 0.909353102204333
8.06020066889632 0.911284738740288
8.09364548494983 0.913179143114176
8.12709030100334 0.915036866413437
8.16053511705686 0.916858458730196
8.19397993311037 0.918644468802701
8.22742474916388 0.920395443673601
8.26086956521739 0.922111928364761
8.2943143812709 0.92379446556825
8.32775919732441 0.925443595353148
8.36120401337793 0.927059854887809
8.39464882943144 0.928643778177198
8.42809364548495 0.930195895814916
8.46153846153846 0.93171673474953
8.49498327759197 0.933206818064814
8.52842809364548 0.934666664773495
8.561872909699 0.936096789624116
8.59531772575251 0.937497702920608
8.62876254180602 0.938869910354176
8.66220735785953 0.940213912847094
8.69565217391304 0.941530206408025
8.72909698996656 0.942819281998448
8.76254180602007 0.944081625409823
8.79598662207358 0.945317717151101
8.82943143812709 0.946528032346182
8.8628762541806 0.947713040640965
8.89632107023411 0.9488732061196
8.92976588628762 0.950008987229587
8.96321070234114 0.951120836715358
8.99665551839465 0.952209201559987
9.03010033444816 0.953274522934688
9.06354515050167 0.954317236155759
9.09698996655518 0.95533777064864
9.1304347826087 0.956336549918768
9.16387959866221 0.957313991528904
9.19732441471572 0.958270507082639
9.23076923076923 0.959206502213765
9.26421404682274 0.960122376581234
9.29765886287625 0.96101852386941
9.33110367892977 0.961895331793357
9.36454849498328 0.962753182108879
9.39799331103679 0.963592450627063
9.4314381270903 0.964413507233082
9.46488294314381 0.965216715909008
9.49832775919732 0.9660024347604
9.53177257525084 0.966771016046461
9.56521739130435 0.967522806213514
9.59866220735786 0.968258145931629
9.63210702341137 0.96897737013416
9.66555183946488 0.969680808060026
9.69899665551839 0.970368783298541
9.73244147157191 0.971041613836602
9.76588628762542 0.971699612108087
9.79933110367893 0.972343085045275
9.83277591973244 0.972972334132141
9.86622073578595 0.973587655459376
9.89966555183946 0.974189339780981
9.93311036789298 0.974777672572294
9.96655518394649 0.97535293408933
10 0.975915399429292
