0 0.0289321204762476
0.0334448160535117 0.0296375704947315
0.0668896321070234 0.0303596836811901
0.100334448160535 0.0310988271352199
0.133779264214047 0.0318553747392662
0.167224080267559 0.0326297072182782
0.20066889632107 0.0334222121961862
0.234113712374582 0.0342332842489485
0.267558528428094 0.0350633249539069
0.301003344481605 0.0359127429351762
0.334448160535117 0.0367819539047861
0.367892976588629 0.0376713806992765
0.40133779264214 0.0385814533114432
0.434782608695652 0.0395126089169116
0.468227424749164 0.0404652918952112
0.501672240802676 0.0414399538450064
0.535117056856187 0.0424370535931305
0.568561872909699 0.043457057197056
0.602006688963211 0.0445004379404226
0.635451505016722 0.0455676763212325
0.668896321070234 0.0466592600323101
0.702341137123746 0.0477756839336105
0.735785953177257 0.0489174500159515
0.769230769230769 0.050085067355728
0.802675585284281 0.0512790520601607
0.836120401337793 0.0524999272026161
0.869565217391304 0.0537482227475243
0.903010033444816 0.0550244754644129
0.936454849498328 0.0563292288305602
0.969899665551839 0.0576630329217662
1.00334448160535 0.0590264442907269
1.03678929765886 0.0604200258324894
1.07023411371237 0.0618443466364598
1.10367892976589 0.063299981824424
1.1371237458194 0.0647875123740404
1.17056856187291 0.0663075249272539
1.20401337792642 0.067860611583079
1.23745819397993 0.0694473696741951
1.27090301003344 0.0710684015267959
1.30434782608696 0.0727243142031349
1.33779264214047 0.0744157192262077
1.37123745819398 0.0761432322860189
1.40468227424749 0.0779074729268791
1.438127090301 0.0797090642151914
1.47157190635451 0.0815486323871879
1.50501672240803 0.0834268064760928
1.53846153846154 0.0853442179181966
1.57190635451505 0.0873015001373438
1.60535117056856 0.0892992881073541
1.63879598662207 0.0913382178919132
1.67224080267559 0.0934189261614982
1.7056856187291 0.0955420496869235
1.73913043478261 0.0977082248091242
1.77257525083612 0.0999180868848252
1.80602006688963 0.102172269707781
1.83946488294314 0.104471404905305
1.87290969899666 0.106816121309862
1.90635451505017 0.109207044305524
1.93979933110368 0.111644795149154
1.97324414715719 0.114129990266239
2.0066889632107 0.116663240521332
2.04013377926421 0.119245150463146
2.07357859531773 0.121876317544391
2.10702341137124 0.124557331316532
2.14046822742475 0.1272887725997
2.17391304347826 0.130071212628083
2.20735785953177 0.132905212171198
2.24080267558528 0.135791320631532
2.2742474916388 0.138730075119125
2.30769230769231 0.141721999503784
2.34113712374582 0.144767603445673
2.37458193979933 0.147867381405176
2.40802675585284 0.151021811632995
2.44147157190635 0.154231355141568
2.47491638795987 0.15749645465901
2.50836120401338 0.160817533566885
2.54180602006689 0.164194994823234
2.5752508361204 0.1676292198724
2.60869565217391 0.171120567543323
2.64214046822742 0.174669372938095
2.67558528428094 0.178275946312661
2.70903010033445 0.181940571951737
2.74247491638796 0.185663507040051
2.77591973244147 0.189444980532228
2.80936454849498 0.193285192023685
2.84280936454849 0.197184310625055
2.87625418060201 0.201142473842774
2.90969899665552 0.205159786468575
2.94314381270903 0.209236319480717
2.97658862876254 0.213372108959919
3.01003344481605 0.217567155023038
3.04347826086956 0.221821420777618
3.07692307692308 0.226134831300545
3.11036789297659 0.230507272644082
3.1438127090301 0.234938590872658
3.17725752508361 0.239428591133808
3.21070234113712 0.243977036766726
3.24414715719064 0.248583648451923
3.27759197324415 0.253248103405487
3.31103678929766 0.257970034621471
3.34448160535117 0.262749030165904
3.37792642140468 0.267584632525924
3.41137123745819 0.272476338017463
3.44481605351171 0.277423596254899
3.47826086956522 0.28242580968598
3.51170568561873 0.287482333195278
3.54515050167224 0.292592473779291
3.57859531772575 0.297755490296226
3.61204013377926 0.302970593293325
3.64548494983278 0.30823694491447
3.67892976588629 0.3135536588906
3.7123745819398 0.318919800615317
3.74581939799331 0.32433438730782
3.77926421404682 0.329796388265091
3.81270903010033 0.335304725205045
3.84615384615385 0.340858272702044
3.87959866220736 0.346455858715964
3.91304347826087 0.352096265215691
3.94648829431438 0.357778228897618
3.97993311036789 0.363500441999444
4.0133779264214 0.369261553209215
4.04682274247492 0.375060168669264
4.08026755852843 0.380894853074338
4.11371237458194 0.386764130862893
4.14715719063545 0.392666487500177
4.18060200668896 0.398600370851383
4.21404682274247 0.404564192642817
4.24749163879599 0.410556330008676
4.2809364548495 0.416575127120708
4.31438127090301 0.422618896897662
4.34782608695652 0.428685922791161
4.38127090301003 0.434774460644273
4.41471571906354 0.440882740618778
4.44816053511706 0.44700896918682
4.48160535117057 0.453151331182393
4.51505016722408 0.459307991907808
4.54849498327759 0.465477099290085
4.5819397993311 0.471656786081988
4.61538461538461 0.477845172102215
4.64882943143813 0.484040366509094
4.68227424749164 0.49024047010198
4.71571906354515 0.496443577644434
4.74916387959866 0.502647780203154
4.78260869565217 0.508851167496567
4.81605351170569 0.515051830246953
4.8494983277592 0.52124786252994
4.88294314381271 0.527437364115231
4.91638795986622 0.533618442792467
4.94983277591973 0.53978921667619
4.98327759197324 0.545947816483959
5.01672240802676 0.55209238778181
5.05016722408027 0.558221093191363
5.08361204013378 0.564332114553096
5.11705685618729 0.570423655040445
5.1505016722408 0.576493941219647
5.18394648829431 0.582541225050448
5.21739130434783 0.588563785823078
5.25083612040134 0.594559932027139
5.28428093645485 0.600528003148363
5.31772575250836 0.606466371389479
5.35117056856187 0.612373443311754
5.38461538461538 0.618247661394092
5.4180602006689 0.624087505506897
5.45150501672241 0.629891494298253
5.48494983277592 0.635658186490318
5.51839464882943 0.641386182084151
5.55183946488294 0.647074123471562
5.58528428093645 0.652720696452891
5.61872909698997 0.658324631159989
5.65217391304348 0.663884702883965
5.68561872909699 0.669399732807638
5.7190635451505 0.674868588642917
5.75250836120401 0.680290185173644
5.78595317725753 0.685663484704752
5.81939799331104 0.690987497418854
5.85284280936455 0.696261281641651
5.88628762541806 0.701483944017828
5.91973244147157 0.706654639599316
5.95317725752508 0.711772571848045
5.9866220735786 0.716836992555523
6.02006688963211 0.721847201681752
6.05351170568562 0.726802547116193
6.08695652173913 0.731702424363619
6.12040133779264 0.736546276157869
6.15384615384615 0.741333592006614
6.18729096989967 0.746063907670354
6.22073578595318 0.750736804578973
6.25418060200669 0.755351909189235
6.2876254180602 0.759908892286646
6.32107023411371 0.764407468235187
6.35451505016722 0.768847394178402
6.38795986622074 0.773228469195371
6.42140468227425 0.777550533415061
6.45484949832776 0.781813467092562
6.48829431438127 0.786017189650658
6.52173913043478 0.790161658690161
6.55518394648829 0.794246868972364
6.58862876254181 0.798272851376921
6.62207357859532 0.802239671838381
6.65551839464883 0.806147430264528
6.68896321070234 0.809996259439581
6.72240802675585 0.813786323915222
6.75585284280936 0.817517818892314
6.78929765886288 0.821190969096062
6.82274247491639 0.824806027647268
6.8561872909699 0.828363274932202
6.88963210702341 0.831863017473512
6.92307692307692 0.835305586804452
6.95652173913043 0.838691338348621
6.98996655518395 0.842020650307232
7.02341137123746 0.845293922555875
7.05685618729097 0.848511575552539
7.09030100334448 0.851674049258618
7.12374581939799 0.854781802074417
7.1571906354515 0.857835309790653
7.19063545150502 0.860835064557228
7.22408026755853 0.863781573870525
7.25752508361204 0.866675359580309
7.29096989966555 0.869516956917228
7.32441471571906 0.872306913541808
7.35785953177257 0.875045788615712
7.39130434782609 0.877734151895975
7.4247491638796 0.88037258285277
7.45819397993311 0.882961669811249
7.49163879598662 0.885502009117837
7.52508361204013 0.887994204331335
7.55852842809364 0.89043886543907
7.59197324414716 0.892836608098283
7.62541806020067 0.895188052902856
7.65886287625418 0.897493824675427
7.69230769230769 0.89975455178486
7.7257525083612 0.901970865489016
7.75919732441471 0.904143399302663
7.79264214046823 0.906272788390379
7.82608695652174 0.90835966898418
7.85953177257525 0.910404677825633
7.89297658862876 0.91240845163213
7.92642140468227 0.914371626586975
7.95986622073579 0.916294837852913
7.9933110367893 0.91817871910868
8.02675585284281 0.920023902108157
8.06020066889632 0.921831016261652
8.09364548494983 0.923600688238846
8.12709030100334 0.925333541592897
8.16053511705686 0.927030196405199
8.19397993311037 0.92869126895026
8.22742474916388 0.930317371380183
8.26086956521739 0.931909111428181
8.2943143812709 0.933467092130602
8.32775919732441 0.934991911566891
8.36120401337793 0.936484162616941
8.39464882943144 0.937944432735269
8.42809364548495 0.939373303741465
8.46153846153846 0.940771351626351
8.49498327759197 0.942139146373297
8.52842809364548 0.943477251794152
8.561872909699 0.944786225379236
8.59531772575251 0.946066618160857
8.62876254180602 0.947318974589828
8.66220735785953 0.948543832424452
8.69565217391304 0.949741722631473
8.72909698996656 0.950913169298467
8.76254180602007 0.952058689557198
8.79598662207358 0.953178793517449
8.82943143812709 0.954273984210838
8.8628762541806 0.955344757544183
8.89632107023411 0.956391602261933
8.92976588628762 0.957414999917252
8.96321070234114 0.958415424851311
8.99665551839465 0.959393344180374
9.03010033444816 0.960349217790279
9.06354515050167 0.961283498337911
9.09698996655518 0.962196631259306
9.1304347826087 0.963089054783986
9.16387959866221 0.963961199955208
9.19732441471572 0.964813490655752
9.23076923076923 0.965646343638924
9.26421404682274 0.966460168564466
9.29765886287625 0.967255368039048
9.33110367892977 0.968032337661055
9.36454849498328 0.968791466069378
9.39799331103679 0.969533134995939
9.4314381270903 0.970257719321675
9.46488294314381 0.970965587135753
9.49832775919732 0.971657099797739
9.53177257525084 0.972332612002519
9.56521739130435 0.972992471847729
9.59866220735786 0.973637020903497
9.63210702341137 0.97426659428428
9.66555183946488 0.974881520722615
9.69899665551839 0.975482122644586
9.73244147157191 0.97606871624684
9.76588628762542 0.976641611574988
9.79933110367893 0.977201112603213
9.83277591973244 0.977747517314958
9.86622073578595 0.978281117784527
9.89966555183946 0.978802200259483
9.93311036789298 0.979311045243693
9.96655518394649 0.979807927580917
10 0.980293116538811
