0 0.012899466094127
0.0334448160535117 0.0132633247506786
0.0668896321070234 0.0136373050697433
0.100334448160535 0.0140216805070208
0.133779264214047 0.014416731443206
0.167224080267559 0.01482274533272
0.20066889632107 0.0152400168540504
0.234113712374582 0.015668848061613
0.267558528428094 0.0161095485390359
0.301003344481605 0.0165624355537591
0.334448160535117 0.0170278342128313
0.367892976588629 0.017506077619776
0.40133779264214 0.0179975070323892
0.434782608695652 0.0185024720213161
0.468227424749164 0.0190213306292446
0.501672240802676 0.0195544495305404
0.535117056856187 0.0201022041911335
0.568561872909699 0.0206649790284534
0.602006688963211 0.0212431675711931
0.635451505016722 0.0218371726186704
0.668896321070234 0.0224474063995338
0.702341137123746 0.0230742907295475
0.735785953177257 0.0237182571681692
0.769230769230769 0.0243797471736183
0.802675585284281 0.0250592122561102
0.836120401337793 0.0257571141289156
0.869565217391304 0.0264739248568779
0.903010033444816 0.0272101270020063
0.936454849498328 0.0279662137657335
0.969899665551839 0.0287426891274077
1.00334448160535 0.0295400679785627
1.03678929765886 0.0303588762524849
1.07023411371237 0.0311996510485703
1.10367892976589 0.0320629407509384
1.1371237458194 0.032949305140741
1.17056856187291 0.033859315501578
1.20401337792642 0.0347935547174009
1.23745819397993 0.0357526173622561
1.27090301003344 0.0367371097811907
1.30434782608696 0.0377476501616096
1.33779264214047 0.0387848685943451
1.37123745819398 0.0398494071236639
1.40468227424749 0.0409419197854068
1.438127090301 0.0420630726324221
1.47157190635451 0.043213543746421
1.50501672240803 0.0443940232353481
1.53846153846154 0.0456052132153296
1.57190635451505 0.0468478277762249
1.60535117056856 0.0481225929297761
1.63879598662207 0.0494302465393151
1.67224080267559 0.0507715382299569
1.7056856187291 0.0521472292781744
1.73913043478261 0.0535580924796184
1.77257525083612 0.0550049119940174
1.80602006688963 0.0564884831659611
1.83946488294314 0.0580096123203456
1.87290969899666 0.0595691165312303
1.90635451505017 0.0611678233628336
1.93979933110368 0.0628065705813728
1.97324414715719 0.0644862058364331
2.0066889632107 0.0662075863105356
2.04013377926421 0.0679715783355591
2.07357859531773 0.0697790569746636
2.10702341137124 0.0716309055683537
2.14046822742475 0.0735280152433215
2.17391304347826 0.0754712843827114
2.20735785953177 0.0774616180564552
2.24080267558528 0.0794999274103432
2.2742474916388 0.0815871290125138
2.30769230769231 0.0837241441560713
2.34113712374582 0.0859118981165757
2.37458193979933 0.0881513193631882
2.40802675585284 0.0904433387223035
2.44147157190635 0.0927888884925583
2.47491638795987 0.0951889015101712
2.50836120401338 0.0976443101636426
2.54180602006689 0.10015604535693
2.5752508361204 0.102725035420305
2.60869565217391 0.105352204968214
2.64214046822742 0.108038473703565
2.67558528428094 0.110784755168013
2.70903010033445 0.113591955437926
2.74247491638796 0.11646097176591
2.77591973244147 0.119392691167889
2.80936454849498 0.122387988955943
2.84280936454849 0.125447727217299
2.87625418060201 0.128572753240044
2.90969899665552 0.131763897886391
2.94314381270903 0.135021973914509
2.97658862876254 0.13834777425021
3.01003344481605 0.141742070210021
3.04347826086956 0.145205609677433
3.07692307692308 0.148739115234406
3.11036789297659 0.152343282250506
3.1438127090301 0.156018776932315
3.17725752508361 0.159766234336116
3.21070234113712 0.163586256347124
3.24414715719064 0.167479409628885
3.27759197324415 0.171446223546796
3.31103678929766 0.175487188070012
3.34448160535117 0.179602751656383
3.37792642140468 0.183793319125358
3.41137123745819 0.188059249524161
3.44481605351171 0.192400853992877
3.47826086956522 0.196818393634407
3.51170568561873 0.201312077395565
3.54515050167224 0.205882059965938
3.57859531772575 0.210528439701387
3.61204013377926 0.215251256579378
3.64548494983278 0.220050490193587
3.67892976588629 0.224926057795481
3.7123745819398 0.229877812390776
3.74581939799331 0.234905540898881
3.77926421404682 0.240008962383605
3.81270903010033 0.24518772636352
3.84615384615385 0.250441411210469
3.87959866220736 0.255769522644786
3.91304347826087 0.261171492335759
3.94648829431438 0.266646676615901
3.97993311036789 0.272194355317452
4.0133779264214 0.277813730739464
4.04682274247492 0.283503926753592
4.08026755852843 0.289263988056541
4.11371237458194 0.295092879576775
4.14715719063545 0.300989486042813
4.18060200668896 0.306952611720008
4.21404682274247 0.312980980322261
4.24749163879599 0.31907323510465
4.2809364548495 0.325227939142349
4.31438127090301 0.331443575800656
4.34782608695652 0.337718549400246
4.38127090301003 0.344051186081089
4.41471571906354 0.350439734867708
4.44816053511706 0.356882368937653
4.48160535117057 0.363377187094258
4.51505016722408 0.369922215443847
4.54849498327759 0.376515409276707
4.5819397993311 0.383154655150187
4.61538461538461 0.389837773171379
4.64882943143813 0.396562519475871
4.68227424749164 0.403326588898138
4.71571906354515 0.410127617828154
4.74916387959866 0.416963187247907
4.78260869565217 0.423830825940542
4.81605351170569 0.430728013863983
4.8494983277592 0.437652185679996
4.88294314381271 0.444600734428825
4.91638795986622 0.451571015338756
4.94983277591973 0.458560349759185
4.98327759197324 0.465566029205132
5.01672240802676 0.472585319500468
5.05016722408027 0.479615465006605
5.08361204013378 0.486653692922885
5.11705685618729 0.493697217644505
5.1505016722408 0.500743245163501
5.18394648829431 0.50778897749802
5.21739130434783 0.51483161713501
5.25083612040134 0.521868371471314
5.28428093645485 0.52889645723822
5.31772575250836 0.535913104894576
5.35117056856187 0.542915562973773
5.38461538461538 0.549901102370178
5.4180602006689 0.556867020550922
5.45150501672241 0.56381064567939
5.48494983277592 0.570729340637262
5.51839464882943 0.57762050693251
5.55183946488294 0.584481588481425
5.58528428093645 0.591310075253399
5.61872909698997 0.598103506767995
5.65217391304348 0.604859475434592
5.68561872909699 0.61157562972576
5.7190635451505 0.618249677176395
5.75250836120401 0.624879387201545
5.78595317725753 0.631462593726788
5.81939799331104 0.637997197625962
5.85284280936455 0.644481168962
5.88628762541806 0.650912549027573
5.91973244147157 0.657289452183176
5.95317725752508 0.663610067491238
5.9866220735786 0.669872660145733
6.02006688963211 0.676075572697671
6.05351170568562 0.682217226077695
6.08695652173913 0.688296120417845
6.12040133779264 0.69431083567531
6.15384615384615 0.70026003206178
6.18729096989967 0.706142450282639
6.22073578595318 0.711956911590963
6.25418060200669 0.717702317661817
6.2876254180602 0.723377650292934
6.32107023411371 0.728981970938337
6.35451505016722 0.734514420081885
6.38795986622074 0.739974216458133
6.42140468227425 0.745360656128199
6.45484949832776 0.750673111418612
6.48829431438127 0.755911029731333
6.52173913043478 0.761073932233307
6.55518394648829 0.766161412434018
6.58862876254181 0.771173134659588
6.62207357859532 0.776108832431985
6.65551839464883 0.780968306761872
6.68896321070234 0.785751424363589
6.72240802675585 0.790458115800628
6.75585284280936 0.795088373569842
6.78929765886288 0.799642250132464
6.82274247491639 0.804119855899798
6.8561872909699 0.808521357181222
6.88963210702341 0.812846974101903
6.92307692307692 0.817096978497341
6.95652173913043 0.821271691791586
6.98996655518395 0.825371482865646
7.02341137123746 0.829396765922319
7.05685618729097 0.833347998353332
7.09030100334448 0.837225678614357
7.12374581939799 0.841030344113119
7.1571906354515 0.844762569115494
7.19063545150502 0.848422962674145
7.22408026755853 0.852012166583894
7.25752508361204 0.855530853367721
7.29096989966555 0.858979724296934
7.32441471571906 0.862359507448724
7.35785953177257 0.865670955804024
7.39130434782609 0.86891484538827
7.4247491638796 0.872091973457367
7.45819397993311 0.875203156730867
7.49163879598662 0.878249229674125
7.52508361204013 0.881231042830876
7.55852842809364 0.884149461207489
7.59197324414716 0.887005362709862
7.62541806020067 0.889799636633726
7.65886287625418 0.892533182208902
7.69230769230769 0.89520690719786
7.7257525083612 0.897821726548727
7.75919732441471 0.900378561102734
7.79264214046823 0.902878336355922
7.82608695652174 0.905321981274772
7.85953177257525 0.907710427165297
7.89297658862876 0.910044606594997
7.92642140468227 0.91232545236697
7.95986622073579 0.914553896545379
7.9933110367893 0.916730869531343
8.02675585284281 0.918857299188302
8.06020066889632 0.920934110015762
8.09364548494983 0.922962222370317
8.12709030100334 0.924942551732762
8.16053511705686 0.926876008020072
8.19397993311037 0.928763494940984
8.22742474916388 0.930605909393879
8.26086956521739 0.932404140905658
8.2943143812709 0.934159071110255
8.32775919732441 0.935871573265445
8.36120401337793 0.937542511806585
8.39464882943144 0.939172741935932
8.42809364548495 0.940763109246165
8.46153846153846 0.942314449376777
8.49498327759197 0.943827587701979
8.52842809364548 0.945303339048802
8.561872909699 0.946742507444076
8.59531772575251 0.948145885889001
8.62876254180602 0.949514256160043
8.66220735785953 0.950848388634901
8.69565217391304 0.952149042142347
8.72909698996656 0.953416963834726
8.76254180602007 0.954652889081975
8.79598662207358 0.955857541386028
8.82943143812709 0.957031632314494
8.8628762541806 0.958175861452572
8.89632107023411 0.959290916372137
8.92976588628762 0.960377472617025
8.96321070234114 0.961436193703537
8.99665551839465 0.962467731135228
9.03010033444816 0.9634727244311
9.06354515050167 0.964451801166307
9.09698996655518 0.965405577024567
9.1304347826087 0.966334655861461
9.16387959866221 0.967239629777866
9.19732441471572 0.968121079202786
9.23076923076923 0.968979572984869
9.26421404682274 0.96981566849195
9.29765886287625 0.970629911717969
9.33110367892977 0.971422837396661
9.36454849498328 0.972194969121426
9.39799331103679 0.972946819470829
9.4314381270903 0.973678890139198
9.46488294314381 0.974391672071827
9.49832775919732 0.975085645604299
9.53177257525084 0.975761280605482
9.56521739130435 0.976419036623771
9.59866220735786 0.977059363036174
9.63210702341137 0.977682699199861
9.66555183946488 0.978289474605812
9.69899665551839 0.978880109034228
9.73244147157191 0.979455012711391
9.76588628762542 0.980014586467666
9.79933110367893 0.980559221896364
9.83277591973244 0.981089301513212
9.86622073578595 0.981605198916172
9.89966555183946 0.982107278945378
9.93311036789298 0.982595897842995
9.96655518394649 0.983071403412768
10 0.983534135179104
