0 0.0212411778319595
0.0334448160535117 0.0217864809449765
0.0668896321070234 0.0223454634659929
0.100334448160535 0.022918451958695
0.133779264214047 0.0235057799214849
0.167224080267559 0.0241077878894127
0.20066889632107 0.024724823535052
0.234113712374582 0.0253572417681336
0.267558528428094 0.0260054048337396
0.301003344481605 0.0266696824088488
0.334448160535117 0.0273504516970156
0.367892976588629 0.0280480975209496
0.40133779264214 0.0287630124127531
0.434782608695652 0.0294955967015616
0.468227424749164 0.0302462585983168
0.501672240802676 0.0310154142773931
0.535117056856187 0.0318034879547795
0.568561872909699 0.0326109119625091
0.602006688963211 0.0334381268190122
0.635451505016722 0.034285581295055
0.668896321070234 0.0351537324749092
0.702341137123746 0.0360430458123858
0.735785953177257 0.0369539951813471
0.769230769230769 0.0378870629202973
0.802675585284281 0.0388427398706352
0.836120401337793 0.0398215254081354
0.869565217391304 0.0408239274672095
0.903010033444816 0.0418504625574795
0.936454849498328 0.0429016557721817
0.969899665551839 0.0439780407878979
1.00334448160535 0.0450801598550997
1.03678929765886 0.046208563778968
1.07023411371237 0.0473638118899379
1.10367892976589 0.0485464720033993
1.1371237458194 0.0497571203679681
1.17056856187291 0.050996341601725
1.20401337792642 0.0522647286158045
1.23745819397993 0.0535628825246999
1.27090301003344 0.0548914125426336
1.30434782608696 0.0562509358653301
1.33779264214047 0.0576420775365121
1.37123745819398 0.0590654702984287
1.40468227424749 0.0605217544257119
1.438127090301 0.0620115775418457
1.47157190635451 0.0635355944175227
1.50501672240803 0.0650944667501535
1.53846153846154 0.0666888629237879
1.57190635451505 0.0683194577486991
1.60535117056856 0.0699869321798805
1.63879598662207 0.0716919730136994
1.67224080267559 0.0734352725619551
1.7056856187291 0.0752175283025882
1.73913043478261 0.0770394425062938
1.77257525083612 0.0789017218382978
1.80602006688963 0.0808050769345665
1.83946488294314 0.0827502219517305
1.87290969899666 0.0847378740900234
1.90635451505017 0.0867687530885499
1.93979933110368 0.0888435806922289
1.97324414715719 0.0909630800897752
2.0066889632107 0.093127975322122
2.04013377926421 0.095338990660717
2.07357859531773 0.0975968499551662
2.10702341137124 0.0999022759497444
2.14046822742475 0.102255989568339
2.17391304347826 0.104658709167448
2.20735785953177 0.107111149756918
2.24080267558528 0.109614022188155
2.2742474916388 0.112168032309647
2.30769230769231 0.114773880089662
2.34113712374582 0.117432258706123
2.37458193979933 0.120143853603696
2.40802675585284 0.122909341518268
2.44147157190635 0.125729389469053
2.47491638795987 0.128604653718704
2.50836120401338 0.131535778701879
2.54180602006689 0.134523395922878
2.5752508361204 0.137568122823047
2.60869565217391 0.140670561618801
2.64214046822742 0.143831298111237
2.67558528428094 0.147050900468473
2.70903010033445 0.150329917981957
2.74247491638796 0.153668879798181
2.77591973244147 0.157068293627366
2.80936454849498 0.160528644430846
2.84280936454849 0.164050393089051
2.87625418060201 0.167633975052155
2.90969899665552 0.171279798975608
2.94314381270903 0.17498824534297
2.97658862876254 0.178759665078604
3.01003344481605 0.18259437815299
3.04347826086956 0.186492672183576
3.07692307692308 0.190454801034248
3.11036789297659 0.194480983416692
3.1438127090301 0.198571401497055
3.17725752508361 0.202726199511519
3.21070234113712 0.206945482394494
3.24414715719064 0.211229314423354
3.27759197324415 0.215577717883726
3.31103678929766 0.219990671759513
3.34448160535117 0.224468110451922
3.37792642140468 0.229009922531905
3.41137123745819 0.23361594953051
3.44481605351171 0.238285984771706
3.47826086956522 0.243019772252347
3.51170568561873 0.247817005573954
3.54515050167224 0.25267732693106
3.57859531772575 0.257600326160854
3.61204013377926 0.262585539858866
3.64548494983278 0.267632450565401
3.67892976588629 0.272740486027391
3.7123745819398 0.277909018540239
3.74581939799331 0.283137364374162
3.77926421404682 0.288424783289389
3.81270903010033 0.293770478144449
3.84615384615385 0.299173594601586
3.87959866220736 0.304633220933164
3.91304347826087 0.310148387932688
3.94648829431438 0.315718068933819
3.97993311036789 0.321341179940483
4.0133779264214 0.327016579870893
4.04682274247492 0.332743070917947
4.08026755852843 0.338519399028154
4.11371237458194 0.34434425450084
4.14715719063545 0.350216272709027
4.18060200668896 0.356134034942929
4.21404682274247 0.362096069376645
4.24749163879599 0.368100852158105
4.2809364548495 0.374146808621961
4.31438127090301 0.380232314624569
4.34782608695652 0.386355697999797
4.38127090301003 0.392515240133865
4.41471571906354 0.398709177656978
4.44816053511706 0.404935704249003
4.48160535117057 0.411192972555976
4.51505016722408 0.417479096213742
4.54849498327759 0.423792151974556
4.5819397993311 0.430130181932051
4.61538461538461 0.436491195839476
4.64882943143813 0.442873173515764
4.68227424749164 0.449274067333502
4.71571906354515 0.455691804782571
4.74916387959866 0.462124291102807
4.78260869565217 0.46856941197876
4.81605351170569 0.475025036289285
4.8494983277592 0.48148901890448
4.88294314381271 0.487959203522223
4.91638795986622 0.494433425536392
4.94983277591973 0.50090951492868
4.98327759197324 0.507385299175825
5.01672240802676 0.51385860616397
5.05016722408027 0.520327267101855
5.08361204013378 0.526789119424556
5.11705685618729 0.53324200967949
5.1505016722408 0.53968379638655
5.18394648829431 0.546112352864309
5.21739130434783 0.552525570014436
5.25083612040134 0.558921359056628
5.28428093645485 0.565297654206652
5.31772575250836 0.571652415290303
5.35117056856187 0.577983630286448
5.38461538461538 0.584289317792605
5.4180602006689 0.590567529406924
5.45150501672241 0.596816352020758
5.48494983277592 0.603033910016502
5.51839464882943 0.609218367365713
5.55183946488294 0.615367929623067
5.58528428093645 0.621480845812085
5.61872909698997 0.627555410199086
5.65217391304348 0.633589963952268
5.68561872909699 0.639582896683324
5.7190635451505 0.645532647869472
5.75250836120401 0.651437708154253
5.78595317725753 0.657296620525952
5.81939799331104 0.663107981372944
5.85284280936455 0.668870441415751
5.88628762541806 0.674582706516027
5.91973244147157 0.680243538363145
5.95317725752508 0.685851755039465
5.9866220735786 0.691406231465772
6.02006688963211 0.696905899728757
6.05351170568562 0.702349749292779
6.08695652173913 0.707736827098471
6.12040133779264 0.713066237551103
6.15384615384615 0.718337142401858
6.18729096989967 0.723548760525502
6.22073578595318 0.728700367598117
6.25418060200669 0.733791295678825
6.2876254180602 0.7388209326996
6.32107023411371 0.743788721867423
6.35451505016722 0.748694160983208
6.38795986622074 0.753536801681999
6.42140468227425 0.75831624859906
6.45484949832776 0.763032158466535
6.48829431438127 0.767684239145394
6.52173913043478 0.772272248597412
6.55518394648829 0.77679599380192
6.58862876254181 0.781255329622059
6.62207357859532 0.785650157625205
6.65551839464883 0.789980424862213
6.68896321070234 0.794246122610027
6.72240802675585 0.798447285082118
6.75585284280936 0.802583988111133
6.78929765886288 0.806656347807999
6.82274247491639 0.810664519201602
6.8561872909699 0.814608694863064
6.88963210702341 0.818489103518426
6.92307692307692 0.822306008653478
6.95652173913043 0.826059707114244
6.98996655518395 0.82975052770652
7.02341137123746 0.833378829797676
7.05685618729097 0.836945001923748
7.09030100334448 0.840449460404717
7.12374581939799 0.843892647970653
7.1571906354515 0.84727503240126
7.19063545150502 0.850597105181173
7.22408026755853 0.853859380173187
7.25752508361204 0.857062392311446
7.29096989966555 0.860206696316423
7.32441471571906 0.863292865433391
7.35785953177257 0.866321490195909
7.39130434782609 0.869293177215697
7.4247491638796 0.872208548000123
7.45819397993311 0.875068237798387
7.49163879598662 0.877872894477335
7.52508361204013 0.880623177427717
7.55852842809364 0.883319756501558
7.59197324414716 0.885963310981218
7.62541806020067 0.888554528580554
7.65886287625418 0.891094104478534
7.69230769230769 0.893582740385532
7.7257525083612 0.896021143642409
7.75919732441471 0.898410026352445
7.79264214046823 0.900750104546051
7.82608695652174 0.903042097378143
7.85953177257525 0.905286726357964
7.89297658862876 0.907484714611096
7.92642140468227 0.909636786173304
7.95986622073579 0.911743665315843
7.9933110367893 0.913806075901758
8.02675585284281 0.915824740772696
8.06020066889632 0.917800381165695
8.09364548494983 0.919733716159357
8.12709030100334 0.921625462148814
8.16053511705686 0.923476332348836
8.19397993311037 0.925287036324417
8.22742474916388 0.927058279548156
8.26086956521739 0.92879076298372
8.2943143812709 0.930485182694669
8.32775919732441 0.932142229477914
8.36120401337793 0.933762588521061
8.39464882943144 0.935346939082888
8.42809364548495 0.936895954196214
8.46153846153846 0.938410300392392
8.49498327759197 0.939890637446685
8.52842809364548 0.941337618143759
8.561872909699 0.942751888062564
8.59531772575251 0.944134085379852
8.62876254180602 0.945484840691601
8.66220735785953 0.946804776851626
8.69565217391304 0.948094508826665
8.72909698996656 0.949354643567232
8.76254180602007 0.950585779893562
8.79598662207358 0.951788508395956
8.82943143812709 0.952963411348889
8.8628762541806 0.954111062638208
8.89632107023411 0.955232027700818
8.92976588628762 0.956326863476222
8.96321070234114 0.957396118369323
8.99665551839465 0.958440332223916
9.03010033444816 0.959460036306291
9.06354515050167 0.960455753298411
9.09698996655518 0.961427997300132
9.1304347826087 0.96237727383995
9.16387959866221 0.963304079893783
9.19732441471572 0.964208903911307
9.23076923076923 0.96509222584938
9.26421404682274 0.965954517212123
9.29765886287625 0.966796241097212
9.33110367892977 0.96761785224798
9.36454849498328 0.968419797110937
9.39799331103679 0.969202513898307
9.4314381270903 0.969966432655247
9.46488294314381 0.970711975331381
9.49832775919732 0.971439555856309
9.53177257525084 0.972149580218791
9.56521739130435 0.972842446549288
9.59866220735786 0.973518545205562
9.63210702341137 0.97417825886108
9.66555183946488 0.974821962595929
9.69899665551839 0.975450023990015
9.73244147157191 0.976062803218282
9.76588628762542 0.976660653147746
9.79933110367893 0.977243919436115
9.83277591973244 0.97781294063179
9.86622073578595 0.978368048275053
9.89966555183946 0.978909567000267
9.93311036789298 0.979437814638902
9.96655518394649 0.979953102323225
10 0.980455734590511
