0 0.0123630110377527
0.0334448160535117 0.0127262359822393
0.0668896321070234 0.0130999909191817
0.100334448160535 0.0134845726846236
0.133779264214047 0.0138802859803819
0.167224080267559 0.0142874435523923
0.20066889632107 0.0147063663712381
0.234113712374582 0.0151373838147598
0.267558528428094 0.0155808338526306
0.301003344481605 0.0160370632327736
0.334448160535117 0.01650642766948
0.367892976588629 0.0169892920330783
0.40133779264214 0.0174860305409866
0.434782608695652 0.0179970269499669
0.468227424749164 0.0185226747493855
0.501672240802676 0.0190633773552627
0.535117056856187 0.0196195483048835
0.568561872909699 0.0201916114517162
0.602006688963211 0.0207800011603706
0.635451505016722 0.0213851625013062
0.668896321070234 0.0220075514449763
0.702341137123746 0.0226476350550772
0.735785953177257 0.0233058916805413
0.769230769230769 0.0239828111458939
0.802675585284281 0.0246788949395651
0.836120401337793 0.0253946563997201
0.869565217391304 0.0261306208971472
0.903010033444816 0.0268873260147093
0.936454849498328 0.027665321722836
0.969899665551839 0.0284651705505042
1.00334448160535 0.0292874477511171
1.03678929765886 0.0301327414626632
1.07023411371237 0.0310016528614982
1.10367892976589 0.0318947963090574
1.1371237458194 0.0328127994907698
1.17056856187291 0.0337563035464053
1.20401337792642 0.0347259631910471
1.23745819397993 0.0357224468258417
1.27090301003344 0.0367464366376369
1.30434782608696 0.037798628686574
1.33779264214047 0.0388797329806604
1.37123745819398 0.0399904735363015
1.40468227424749 0.0411315884237282
1.438127090301 0.0423038297962089
1.47157190635451 0.0435079639018925
1.50501672240803 0.0447447710770774
1.53846153846154 0.0460150457196627
1.57190635451505 0.0473195962414833
1.60535117056856 0.0486592449981925
1.63879598662207 0.0500348281953052
1.67224080267559 0.0514471957689713
1.7056856187291 0.0528972112400066
1.73913043478261 0.0543857515396645
1.77257525083612 0.055913706805591
1.80602006688963 0.0574819801463669
1.83946488294314 0.0590914873730036
1.87290969899666 0.0607431566957265
1.90635451505017 0.0624379283843447
1.93979933110368 0.0641767543904828
1.97324414715719 0.0659605979299241
2.0066889632107 0.0677904330232943
2.04013377926421 0.0696672439933025
2.07357859531773 0.0715920249167456
2.10702341137124 0.0735657790294807
2.14046822742475 0.0755895180825712
2.17391304347826 0.0776642616478263
2.20735785953177 0.0797910363709699
2.24080267558528 0.0819708751707043
2.2742474916388 0.0842048163819677
2.30769230769231 0.086493902841736
2.34113712374582 0.0888391809157706
2.37458193979933 0.0912416994647872
2.40802675585284 0.0937025087485996
2.44147157190635 0.0962226592668848
2.47491638795987 0.098803200535325
2.50836120401338 0.101445179796001
2.54180602006689 0.10414964066105
2.5752508361204 0.106917621688751
2.60869565217391 0.109750154891362
2.64214046822742 0.112648264174243
2.67558528428094 0.115612963705954
2.70903010033445 0.118645256219291
2.74247491638796 0.121746131243419
2.77591973244147 0.124916563267531
2.80936454849498 0.128157509836743
2.84280936454849 0.131469909581215
2.87625418060201 0.134854680179812
2.90969899665552 0.138312716259924
2.94314381270903 0.141844887235455
2.97658862876254 0.1454520350853
3.01003344481605 0.149134972075055
3.04347826086956 0.15289447842509
3.07692307692308 0.1567312999285
3.11036789297659 0.16064614552292
3.1438127090301 0.164639684820591
3.17725752508361 0.168712545601527
3.21070234113712 0.172865311275075
3.24414715719064 0.177098518315646
3.27759197324415 0.181412653678834
3.31103678929766 0.185808152204619
3.34448160535117 0.1902853940148
3.37792642140468 0.194844701912294
3.41137123745819 0.199486338790335
3.44481605351171 0.204210505060099
3.47826086956522 0.209017336105653
3.51170568561873 0.213906899775561
3.54515050167224 0.21887919392084
3.57859531772575 0.2239341439893
3.61204013377926 0.229071600686642
3.64548494983278 0.234291337714923
3.67892976588629 0.23959304959928
3.7123745819398 0.244976349613945
3.74581939799331 0.250440767818763
3.77926421404682 0.255985749217472
3.81270903010033 0.261610652049051
3.84615384615385 0.267314746223389
3.87959866220736 0.273097211912426
3.91304347826087 0.278957138307744
3.94648829431438 0.284893522555316
3.97993311036789 0.290905268877846
4.0133779264214 0.296991187894662
4.04682274247492 0.303149996148719
4.08026755852843 0.309380315849649
4.11371237458194 0.315680674841207
4.14715719063545 0.322049506800715
4.18060200668896 0.328485151677349
4.21404682274247 0.334985856375205
4.24749163879599 0.341549775686206
4.2809364548495 0.348174973476857
4.31438127090301 0.354859424131816
4.34782608695652 0.361601014256143
4.38127090301003 0.368397544636887
4.41471571906354 0.375246732463485
4.44816053511706 0.382146213805192
4.48160535117057 0.389093546342466
4.51505016722408 0.396086212347973
4.54849498327759 0.40312162191155
4.5819397993311 0.410197116402162
4.61538461538461 0.417309972158604
4.64882943143813 0.424457404399441
4.68227424749164 0.431636571341417
4.71571906354515 0.438844578514391
4.74916387959866 0.446078483259695
4.78260869565217 0.453335299397753
4.81605351170569 0.460612002049767
4.8494983277592 0.467905532597364
4.88294314381271 0.475212803763253
4.91638795986622 0.482530704795203
4.94983277591973 0.489856106735018
4.98327759197324 0.497185867753654
5.01672240802676 0.504516838533209
5.05016722408027 0.51184586767624
5.08361204013378 0.519169807122667
5.11705685618729 0.526485517554499
5.1505016722408 0.53378987376867
5.18394648829431 0.541079769998501
5.21739130434783 0.54835212516459
5.25083612040134 0.555603888036411
5.28428093645485 0.562832042286411
5.31772575250836 0.570033611419097
5.35117056856187 0.577205663558342
5.38461538461538 0.584345316077002
5.4180602006689 0.591449740053903
5.45150501672241 0.598516164544253
5.48494983277592 0.605541880650652
5.51839464882943 0.612524245383023
5.55183946488294 0.619460685296989
5.58528428093645 0.626348699901473
5.61872909698997 0.633185864827565
5.65217391304348 0.639969834752003
5.68561872909699 0.646698346069923
5.7190635451505 0.653369219312802
5.75250836120401 0.659980361308865
5.78595317725753 0.66652976708443
5.81939799331104 0.673015521505975
5.85284280936455 0.679435800663853
5.88628762541806 0.685788872999778
5.91973244147157 0.692073100181304
5.95317725752508 0.698286937727557
5.9866220735786 0.704428935391477
6.02006688963211 0.710497737304738
6.05351170568562 0.716492081892368
6.08695652173913 0.722410801564852
6.12040133779264 0.728252822196205
6.15384615384615 0.734017162397116
6.18729096989967 0.739702932592802
6.22073578595318 0.745309333915674
6.25418060200669 0.750835656923302
6.2876254180602 0.756281280152449
6.32107023411371 0.761645668520231
6.35451505016722 0.766928371583541
6.38795986622074 0.772129021668047
6.42140468227425 0.777247331878035
6.45484949832776 0.782283093998373
6.48829431438127 0.787236176299754
6.52173913043478 0.792106521258226
6.55518394648829 0.796894143199851
6.58862876254181 0.801599125881033
6.62207357859532 0.806221620014827
6.65551839464883 0.810761840753177
6.68896321070234 0.815220065134706
6.72240802675585 0.819596629507274
6.75585284280936 0.823891926934146
6.78929765886288 0.828106404592143
6.82274247491639 0.832240561169761
6.8561872909699 0.836294944272754
6.88963210702341 0.840270147844222
6.92307692307692 0.844166809605806
6.95652173913043 0.847985608526094
6.98996655518395 0.851727262321905
7.02341137123746 0.855392524997628
7.05685618729097 0.858982184427385
7.09030100334448 0.862497059984284
7.12374581939799 0.865938000220648
7.1571906354515 0.869305880602648
7.19063545150502 0.872601601302377
7.22408026755853 0.875826085049998
7.25752508361204 0.878980275048235
7.29096989966555 0.8820651329511
7.32441471571906 0.885081636908423
7.35785953177257 0.888030779677403
7.39130434782609 0.890913566802128
7.4247491638796 0.893731014861674
7.45819397993311 0.896484149787182
7.49163879598662 0.899174005248001
7.52508361204013 0.9018016211068
7.55852842809364 0.904368041943313
7.59197324414716 0.906874315646184
7.62541806020067 0.909321492072204
7.65886287625418 0.91171062177207
7.69230769230769 0.914042754781645
7.7257525083612 0.916318939477553
7.75919732441471 0.918540221495858
7.79264214046823 0.920707642712438
7.82608695652174 0.92282224028358
7.85953177257525 0.924885045745279
7.89297658862876 0.926897084169604
7.92642140468227 0.928859373376483
7.95986622073579 0.930772923199186
7.9933110367893 0.932638734801788
8.02675585284281 0.934457800046805
8.06020066889632 0.936231100911256
8.09364548494983 0.937959608949332
8.12709030100334 0.93964428479989
8.16053511705686 0.941286077736969
8.19397993311037 0.942885925261557
8.22742474916388 0.944444752732835
8.26086956521739 0.945963473037159
8.2943143812709 0.947442986293053
8.32775919732441 0.948884179590532
8.36120401337793 0.950287926763085
8.39464882943144 0.951655088190693
8.42809364548495 0.952986510632301
8.46153846153846 0.954283027086201
8.49498327759197 0.955545456676798
8.52842809364548 0.956774604566318
8.561872909699 0.957971261890027
8.59531772575251 0.959136205713593
8.62876254180602 0.960270199011247
8.66220735785953 0.96137399066348
8.69565217391304 0.962448315473026
8.72909698996656 0.963493894197939
8.76254180602007 0.964511433600629
8.79598662207358 0.965501626511746
8.82943143812709 0.966465151907868
8.8628762541806 0.967402675001976
8.89632107023411 0.968314847345752
8.92976588628762 0.969202306942785
8.96321070234114 0.970065678371792
8.99665551839465 0.970905572919029
9.03010033444816 0.971722588719079
9.06354515050167 0.972517310903273
9.09698996655518 0.973290311755014
9.1304347826087 0.974042150871318
9.16387959866221 0.974773375329937
9.19732441471572 0.975484519861437
9.23076923076923 0.976176107025654
9.26421404682274 0.976848647391995
9.29765886287625 0.977502639723048
9.33110367892977 0.978138571161034
9.36454849498328 0.978756917416623
9.39799331103679 0.979358142959717
9.4314381270903 0.979942701211758
9.46488294314381 0.980511034739225
9.49832775919732 0.981063575447929
9.53177257525084 0.981600744777815
9.56521739130435 0.982122953897931
9.59866220735786 0.982630603901298
9.63210702341137 0.983124085999416
9.66555183946488 0.983603781716146
9.69899665551839 0.984070063080758
9.73244147157191 0.984523292819922
9.76588628762542 0.984963824548455
9.79933110367893 0.985392002958644
9.83277591973244 0.985808164007982
9.86622073578595 0.98621263510517
9.89966555183946 0.986605735294246
9.93311036789298 0.98698777543672
9.96655518394649 0.987359058391609
10 0.987719879193255
