0 0.0436507979567587
0.0334448160535117 0.0443616968770055
0.0668896321070234 0.0450836277396613
0.100334448160535 0.0458167438535178
0.133779264214047 0.046561200071168
0.167224080267559 0.0473171527844782
0.20066889632107 0.0480847599191949
0.234113712374582 0.0488641809286579
0.267558528428094 0.0496555767865875
0.301003344481605 0.0504591099789161
0.334448160535117 0.0512749444946333
0.367892976588629 0.0521032458156104
0.40133779264214 0.0529441809053743
0.434782608695652 0.0537979181967963
0.468227424749164 0.0546646275786628
0.501672240802676 0.0555444803810942
0.535117056856187 0.0564376493597774
0.568561872909699 0.0573443086789772
0.602006688963211 0.0582646338932917
0.635451505016722 0.0591988019281154
0.668896321070234 0.0601469910587753
0.702341137123746 0.0611093808883018
0.735785953177257 0.0620861523238005
0.769230769230769 0.0630774875513852
0.802675585284281 0.0640835700096365
0.836120401337793 0.0651045843615491
0.869565217391304 0.0661407164649288
0.903010033444816 0.0671921533412023
0.936454849498328 0.0682590831426019
0.969899665551839 0.0693416951176877
1.00334448160535 0.0704401795751678
1.03678929765886 0.0715547278459806
1.07023411371237 0.0726855322436001
1.10367892976589 0.0738327860225261
1.1371237458194 0.0749966833349235
1.17056856187291 0.0761774191853711
1.20401337792642 0.0773751893836849
1.23745819397993 0.0785901904957774
1.27090301003344 0.0798226197925183
1.30434782608696 0.081072675196559
1.33779264214047 0.0823405552270873
1.37123745819398 0.0836264589424765
1.40468227424749 0.0849305858807954
1.438127090301 0.0862531359981458
1.47157190635451 0.0875943096047951
1.50501672240803 0.0889543072990736
1.53846153846154 0.0903333298990042
1.57190635451505 0.0917315783716372
1.60535117056856 0.093149253760061
1.63879598662207 0.0945865571080621
1.67224080267559 0.0960436893824094
1.7056856187291 0.0975208513927397
1.73913043478261 0.0990182437090193
1.77257525083612 0.100536066576566
1.80602006688963 0.102074519828607
1.83946488294314 0.103633802796361
1.87290969899666 0.105214114216631
1.90635451505017 0.106815652136882
1.93979933110368 0.108438613817816
1.97324414715719 0.110083195633419
2.0066889632107 0.111749592968474
2.04013377926421 0.113438000113553
2.07357859531773 0.115148610157475
2.10702341137124 0.116881614877231
2.14046822742475 0.118637204625397
2.17391304347826 0.120415568215027
2.20735785953177 0.122216892802052
2.24080267558528 0.124041363765193
2.2742474916388 0.12588916458341
2.30769230769231 0.127760476710911
2.34113712374582 0.129655479449747
2.37458193979933 0.131574349820026
2.40802675585284 0.13351726242778
2.44147157190635 0.135484389330517
2.47491638795987 0.137475899900522
2.50836120401338 0.139491960685928
2.54180602006689 0.141532735269628
2.5752508361204 0.143598384126086
2.60869565217391 0.145689064476095
2.64214046822742 0.147804930139563
2.67558528428094 0.149946131386391
2.70903010033445 0.15211281478552
2.74247491638796 0.154305123052243
2.77591973244147 0.156523194893839
2.80936454849498 0.158767164853661
2.84280936454849 0.161037163153744
2.87625418060201 0.16333331553605
2.90969899665552 0.165655743102462
2.94314381270903 0.168004562153641
2.97658862876254 0.170379884026851
3.01003344481605 0.172781814932906
3.04347826086956 0.175210455792344
3.07692307692308 0.177665902070985
3.11036789297659 0.180148243615001
3.1438127090301 0.182657564485662
3.17725752508361 0.185193942793895
3.21070234113712 0.187757450534832
3.24414715719064 0.190348153422505
3.27759197324415 0.192966110724855
3.31103678929766 0.19561137509924
3.34448160535117 0.198283992428618
3.37792642140468 0.200984001658593
3.41137123745819 0.203711434635511
3.44481605351171 0.206466315945817
3.47826086956522 0.209248662756851
3.51170568561873 0.21205848465931
3.54515050167224 0.214895783511575
3.57859531772575 0.217760553286118
3.61204013377926 0.220652779918204
3.64548494983278 0.223572441157123
3.67892976588629 0.226519506420154
3.7123745819398 0.22949393664951
3.74581939799331 0.23249568417248
3.77926421404682 0.235524692565006
3.81270903010033 0.238580896518929
3.84615384615385 0.241664221713141
3.87959866220736 0.244774584688876
3.91304347826087 0.247911892729388
3.94648829431438 0.251076043744237
3.97993311036789 0.254266926158445
4.0133779264214 0.257484418806735
4.04682274247492 0.260728390833116
4.08026755852843 0.263998701596025
4.11371237458194 0.267295200579279
4.14715719063545 0.27061772730906
4.18060200668896 0.27396611127716
4.21404682274247 0.277340171870717
4.24749163879599 0.280739718308664
4.2809364548495 0.284164549585095
4.31438127090301 0.287614454419783
4.34782608695652 0.291089211216028
4.38127090301003 0.294588588026065
4.41471571906354 0.298112342524202
4.44816053511706 0.301660221987882
4.48160535117057 0.305231963286859
4.51505016722408 0.308827292880634
4.54849498327759 0.312445926824341
4.5819397993311 0.316087570783211
4.61538461538461 0.319751920055769
4.64882943143813 0.323438659605896
4.68227424749164 0.327147464103868
4.71571906354515 0.330877997976493
4.74916387959866 0.33462991546643
4.78260869565217 0.338402860700793
4.81605351170569 0.342196467769093
4.8494983277592 0.346010360810593
4.88294314381271 0.349844154111109
4.91638795986622 0.353697452209299
4.94983277591973 0.357569850012451
4.98327759197324 0.361460932921779
5.01672240802676 0.365370276967199
5.05016722408027 0.369297448951585
5.08361204013378 0.373242006604435
5.11705685618729 0.377203498744902
5.1505016722408 0.381181465454121
5.18394648829431 0.385175438256726
5.21739130434783 0.389184940311471
5.25083612040134 0.39320948661082
5.28428093645485 0.397248584189368
5.31772575250836 0.401301732340954
5.35117056856187 0.405368422844281
5.38461538461538 0.409448140196869
5.4180602006689 0.413540361857136
5.45150501672241 0.417644558494396
5.48494983277592 0.42176019424654
5.51839464882943 0.42588672698516
5.55183946488294 0.430023608587851
5.58528428093645 0.434170285217427
5.61872909698997 0.438326197607755
5.65217391304348 0.442490781355917
5.68561872909699 0.446663467220383
5.7190635451505 0.45084368142487
5.75250836120401 0.455030845967559
5.78595317725753 0.459224378935318
5.81939799331104 0.463423694822574
5.85284280936455 0.46762820485448
5.88628762541806 0.471837317313984
5.91973244147157 0.47605043787244
5.95317725752508 0.48026696992335
5.9866220735786 0.48448631491886
6.02006688963211 0.488707872708598
6.05351170568562 0.492931041880444
6.08695652173913 0.497155220102841
6.12040133779264 0.501379804468204
6.15384615384615 0.505604191837043
6.18729096989967 0.509827779182355
6.22073578595318 0.51404996393389
6.25418060200669 0.518270144321852
6.2876254180602 0.52248771971964
6.32107023411371 0.5267020909852
6.35451505016722 0.530912660800574
6.38795986622074 0.535118834009261
6.42140468227425 0.539320017950954
6.45484949832776 0.543515622793283
6.48829431438127 0.547705061860155
6.52173913043478 0.551887751956318
6.55518394648829 0.556063113687766
6.58862876254181 0.56023057177761
6.62207357859532 0.564389555377074
6.65551839464883 0.568539498371252
6.68896321070234 0.572679839679286
6.72240802675585 0.576810023548652
6.75585284280936 0.58092949984322
6.78929765886288 0.585037724324799
6.82274247491639 0.589134158927871
6.8561872909699 0.593218272027229
6.88963210702341 0.597289538698274
6.92307692307692 0.601347440969696
6.95652173913043 0.605391468068334
6.98996655518395 0.609421116655965
7.02341137123746 0.613435891057836
7.05685618729097 0.617435303482751
7.09030100334448 0.621418874234519
7.12374581939799 0.625386131914628
7.1571906354515 0.629336613615987
7.19063545150502 0.633269865107613
7.22408026755853 0.637185441010157
7.25752508361204 0.641082904962169
7.29096989966555 0.644961829777016
7.32441471571906 0.64882179759041
7.35785953177257 0.652662399998472
7.39130434782609 0.65648323818632
7.4247491638796 0.660283923047155
7.45819397993311 0.66406407529184
7.49163879598662 0.667823325548989
7.52508361204013 0.671561314455597
7.55852842809364 0.675277692738236
7.59197324414716 0.678972121284893
7.62541806020067 0.682644271207494
7.65886287625418 0.686293823895222
7.69230769230769 0.689920471058695
7.7257525083612 0.693523914765127
7.75919732441471 0.69710386746459
7.79264214046823 0.700660052007483
7.82608695652174 0.704192201653384
7.85953177257525 0.707700060071394
7.89297658862876 0.711183381332156
7.92642140468227 0.714641929891718
7.95986622073579 0.718075480567393
7.9933110367893 0.721483818505826
8.02675585284281 0.724866739143446
8.06020066889632 0.728224048159495
8.09364548494983 0.731555561421858
8.12709030100334 0.734861104925882
8.16053511705686 0.738140514726417
8.19397993311037 0.741393636863284
8.22742474916388 0.744620327280409
8.26086956521739 0.747820451738836
8.2943143812709 0.750993885723865
8.32775919732441 0.754140514346528
8.36120401337793 0.757260232239662
8.39464882943144 0.760352943448799
8.42809364548495 0.763418561318111
8.46153846153846 0.766457008371664
8.49498327759197 0.769468216190198
8.52842809364548 0.772452125283693
8.561872909699 0.775408684959936
8.59531772575251 0.778337853189349
8.62876254180602 0.781239596466294
8.66220735785953 0.784113889667101
8.69565217391304 0.786960715905039
8.72909698996656 0.78978006638247
8.76254180602007 0.792571940240402
8.79598662207358 0.795336344405669
8.82943143812709 0.798073293435957
8.8628762541806 0.800782809362881
8.89632107023411 0.803464921533344
8.92976588628762 0.806119666449364
8.96321070234114 0.808747087606589
8.99665551839465 0.81134723533168
9.03010033444816 0.813920166618779
9.06354515050167 0.816465944965222
9.09698996655518 0.818984640206709
9.1304347826087 0.821476328352081
9.16387959866221 0.823941091417906
9.19732441471572 0.826379017263011
9.23076923076923 0.828790199423149
9.26421404682274 0.831174736945938
9.29765886287625 0.833532734226232
9.33110367892977 0.835864300842068
9.36454849498328 0.838169551391327
9.39799331103679 0.840448605329243
9.4314381270903 0.842701586806887
9.46488294314381 0.844928624510751
9.49832775919732 0.84712985150355
9.53177257525084 0.849305405066345
9.56521739130435 0.851455426542103
9.59866220735786 0.853580061180787
9.63210702341137 0.855679457986077
9.66555183946488 0.857753769563802
9.69899665551839 0.859803151972178
9.73244147157191 0.861827764573919
9.76588628762542 0.86382776989031
9.79933110367893 0.865803333457295
9.83277591973244 0.867754623683649
9.86622073578595 0.869681811711304
9.89966555183946 0.871585071277866
9.93311036789298 0.873464578581377
9.96655518394649 0.875320512147384
10 0.877153052698327
