0 0.0244558626263004
0.0334448160535117 0.0249496908523382
0.0668896321070234 0.025453230595294
0.100334448160535 0.0259666622402488
0.133779264214047 0.0264901690911674
0.167224080267559 0.0270239374002419
0.20066889632107 0.0275681563967244
0.234113712374582 0.0281230183152007
0.267558528428094 0.0286887184232582
0.301003344481605 0.0292654550484948
0.334448160535117 0.029853429604819
0.367892976588629 0.0304528466179835
0.40133779264214 0.0310639137502978
0.434782608695652 0.0316868418244602
0.468227424749164 0.0323218448464474
0.501672240802676 0.0329691400273991
0.535117056856187 0.0336289478044319
0.568561872909699 0.034301491860315
0.602006688963211 0.0349869991419362
0.635451505016722 0.035685699877487
0.668896321070234 0.0363978275922916
0.702341137123746 0.0371236191232009
0.735785953177257 0.0378633146314738
0.769230769230769 0.0386171576140616
0.802675585284281 0.039385394913211
0.836120401337793 0.0401682767242984
0.869565217391304 0.0409660566018052
0.903010033444816 0.0417789914633412
0.936454849498328 0.0426073415916206
0.969899665551839 0.0434513706342933
1.00334448160535 0.04431134560153
1.03678929765886 0.0451875368612582
1.07023411371237 0.0460802181319432
1.10367892976589 0.0469896664728061
1.1371237458194 0.047916162271366
1.17056856187291 0.0488599892281953
1.20401337792642 0.0498214343387694
1.23745819397993 0.0508007878722933
1.27090301003344 0.0517983433473839
1.30434782608696 0.0528143975044836
1.33779264214047 0.0538492502748807
1.37123745819398 0.0549032047462058
1.40468227424749 0.055976567124277
1.438127090301 0.0570696466911582
1.47157190635451 0.0581827557592981
1.50501672240803 0.0593162096216119
1.53846153846154 0.0604703264973692
1.57190635451505 0.0616454274737458
1.60535117056856 0.0628418364429003
1.63879598662207 0.064059880034431
1.67224080267559 0.0652998875430706
1.7056856187291 0.0665621908514727
1.73913043478261 0.0678471243479453
1.77257525083612 0.0691550248389845
1.80602006688963 0.0704862314564624
1.83946488294314 0.0718410855593223
1.87290969899666 0.0732199306296353
1.90635451505017 0.0746231121628725
1.93979933110368 0.0760509775522463
1.97324414715719 0.0775038759669798
2.0066889632107 0.0789821582243591
2.04013377926421 0.0804861766554292
2.07357859531773 0.0820162849641955
2.10702341137124 0.0835728380801932
2.14046822742475 0.085156192004295
2.17391304347826 0.0867667036476241
2.20735785953177 0.0884047306634503
2.24080267558528 0.0900706312719456
2.2742474916388 0.0917647640776856
2.30769230769231 0.0934874878797838
2.34113712374582 0.0952391614745555
2.37458193979933 0.0970201434506123
2.40802675585284 0.0988307919762965
2.44147157190635 0.100671464579371
2.47491638795987 0.102542517918892
2.50836120401338 0.104444307549192
2.54180602006689 0.106377187675928
2.5752508361204 0.10834151090413
2.60869565217391 0.110337627978241
2.64214046822742 0.112365887514089
2.67558528428094 0.114426635722818
2.70903010033445 0.116520216126748
2.74247491638796 0.118646969267194
2.77591973244147 0.120807232404276
2.80936454849498 0.123001339208749
2.84280936454849 0.125229619445936
2.87625418060201 0.127492398651821
2.90969899665552 0.129789997801408
2.94314381270903 0.132122732969454
2.97658862876254 0.134490914983716
3.01003344481605 0.136894849070844
3.04347826086956 0.139334834495121
3.07692307692308 0.141811164190209
3.11036789297659 0.144324124384146
3.1438127090301 0.14687399421781
3.17725752508361 0.149461045357115
3.21070234113712 0.152085541599224
3.24414715719064 0.154747738473087
3.27759197324415 0.15744788283463
3.31103678929766 0.160186212456953
3.34448160535117 0.162962955615921
3.37792642140468 0.165778330671556
3.41137123745819 0.168632545645658
3.44481605351171 0.171525797796123
3.47826086956522 0.17445827318843
3.51170568561873 0.177430146264832
3.54515050167224 0.180441579411766
3.57859531772575 0.183492722526065
3.61204013377926 0.186583712580556
3.64548494983278 0.189714673189669
3.67892976588629 0.192885714175684
3.7123745819398 0.196096931136312
3.74581939799331 0.199348405014281
3.77926421404682 0.202640201669655
3.81270903010033 0.205972371455625
3.84615384615385 0.209344948798541
3.87959866220736 0.212757951782961
3.91304347826087 0.216211381742535
3.94648829431438 0.219705222857535
3.97993311036789 0.223239441759887
4.0133779264214 0.226813987146557
4.04682274247492 0.230428789402162
4.08026755852843 0.234083760231707
4.11371237458194 0.237778792304323
4.14715719063545 0.241513758908937
4.18060200668896 0.245288513622775
4.21404682274247 0.249102889993613
4.24749163879599 0.252956701236712
4.2809364548495 0.256849739947347
4.31438127090301 0.260781777829853
4.34782608695652 0.2647525654441
4.38127090301003 0.26876183197031
4.41471571906354 0.272809284993099
4.44816053511706 0.276894610305642
4.48160535117057 0.281017471734812
4.51505016722408 0.285177510988143
4.54849498327759 0.289374347523453
4.5819397993311 0.293607578441902
4.61538461538461 0.297876778405269
4.64882943143813 0.302181499578188
4.68227424749164 0.306521271596031
4.71571906354515 0.310895601559113
4.74916387959866 0.315303974053832
4.78260869565217 0.319745851201337
4.81605351170569 0.324220672734233
4.8494983277592 0.328727856101828
4.88294314381271 0.333266796604322
4.91638795986622 0.33783686755634
4.94983277591973 0.342437420480091
4.98327759197324 0.347067785328435
5.01672240802676 0.351727270738027
5.05016722408027 0.356415164312665
5.08361204013378 0.361130732936917
5.11705685618729 0.365873223119984
5.1505016722408 0.370641861369751
5.18394648829431 0.37543585459685
5.21739130434783 0.380254390548511
5.25083612040134 0.385096638271915
5.28428093645485 0.389961748606661
5.31772575250836 0.3948488547059
5.35117056856187 0.399757072585629
5.38461538461538 0.404685501701523
5.4180602006689 0.409633225552659
5.45150501672241 0.414599312311372
5.48494983277592 0.419582815478443
5.51839464882943 0.424582774562721
5.55183946488294 0.429598215784231
5.58528428093645 0.434628152799757
5.61872909698997 0.4396715874498
5.65217391304348 0.444727510525781
5.68561872909699 0.44979490255628
5.7190635451505 0.454872734611039
5.75250836120401 0.459959969121446
5.78595317725753 0.465055560716105
5.81939799331104 0.47015845707011
5.85284280936455 0.475267599766567
5.88628762541806 0.480381925168885
5.91973244147157 0.485500365302306
5.95317725752508 0.490621848743153
5.9866220735786 0.495745301514201
6.02006688963211 0.500869647984609
6.05351170568562 0.505993811772796
6.08695652173913 0.511116716650655
6.12040133779264 0.516237287447498
6.15384615384615 0.521354450952113
6.18729096989967 0.526467136811323
6.22073578595318 0.531574278423457
6.25418060200669 0.536674813825157
6.2876254180602 0.541767686569938
6.32107023411371 0.546851846596999
6.35451505016722 0.551926251088746
6.38795986622074 0.556989865315578
6.42140468227425 0.562041663466494
6.45484949832776 0.567080629464128
6.48829431438127 0.572105757762874
6.52173913043478 0.577116054128796
6.55518394648829 0.582110536400097
6.58862876254181 0.587088235226943
6.62207357859532 0.59204819478954
6.65551839464883 0.596989473493378
6.68896321070234 0.601911144640667
6.72240802675585 0.606812297077019
6.75585284280936 0.611692035812525
6.78929765886288 0.616549482616428
6.82274247491639 0.621383776584685
6.8561872909699 0.626194074679761
6.88963210702341 0.630979552242091
6.92307692307692 0.63573940347271
6.95652173913043 0.640472841886634
6.98996655518395 0.645179100736626
7.02341137123746 0.649857433407099
7.05685618729097 0.654507113777929
7.09030100334448 0.659127436558069
7.12374581939799 0.663717717588887
7.1571906354515 0.66827729411726
7.19063545150502 0.672805525038492
7.22408026755853 0.6773017911092
7.25752508361204 0.681765495130391
7.29096989966555 0.686196062100994
7.32441471571906 0.690592939342187
7.35785953177257 0.694955596592898
7.39130434782609 0.699283526076944
7.4247491638796 0.703576242542289
7.45819397993311 0.707833283272978
7.49163879598662 0.712054208074335
7.52508361204013 0.716238599232066
7.55852842809364 0.720386061445941
7.59197324414716 0.724496221738765
7.62541806020067 0.728568729341403
7.65886287625418 0.732603255554608
7.69230769230769 0.736599493588495
7.7257525083612 0.740557158380457
7.75919732441471 0.744475986392409
7.79264214046823 0.748355735388198
7.82608695652174 0.7521961841921
7.85953177257525 0.755997132429273
7.89297658862876 0.759758400249095
7.92642140468227 0.763479828032301
7.95986622073579 0.767161276082823
7.9933110367893 0.770802624305279
8.02675585284281 0.774403771869014
8.06020066889632 0.777964636859618
8.09364548494983 0.781485155918829
8.12709030100334 0.784965283873733
8.16053511705686 0.788404993356147
8.19397993311037 0.79180427441307
8.22742474916388 0.795163134109071
8.26086956521739 0.798481596121476
8.2943143812709 0.801759700329177
8.32775919732441 0.804997502395885
8.36120401337793 0.808195073348641
8.39464882943144 0.81135249915234
8.42809364548495 0.814469880281045
8.46153846153846 0.817547331286811
8.49498327759197 0.82058498036673
8.52842809364548 0.8235829689289
8.561872909699 0.826541451157953
8.59531772575251 0.829460593580789
8.62876254180602 0.832340574633138
8.66220735785953 0.835181584227508
8.69565217391304 0.837983823323094
8.72909698996656 0.840747503498175
8.76254180602007 0.843472846525497
8.79598662207358 0.846160083951125
8.82943143812709 0.848809456677209
8.8628762541806 0.851421214549098
8.89632107023411 0.853995615947191
8.92976588628762 0.856532927383902
8.96321070234114 0.859033423106087
8.99665551839465 0.861497384703252
9.03010033444816 0.863925100721855
9.06354515050167 0.866316866285951
9.09698996655518 0.868672982724456
9.1304347826087 0.870993757205246
9.16387959866221 0.873279502376303
9.19732441471572 0.875530536014085
9.23076923076923 0.877747180679302
9.26421404682274 0.879929763380217
9.29765886287625 0.882078615243624
9.33110367892977 0.88419407119359
9.36454849498328 0.886276469638057
9.39799331103679 0.888326152163384
9.4314381270903 0.890343463236859
9.46488294314381 0.892328749917256
9.49832775919732 0.894282361573424
9.53177257525084 0.896204649610956
9.56521739130435 0.898095967206893
9.59866220735786 0.899956669052494
9.63210702341137 0.901787111103996
9.66555183946488 0.903587650341368
9.69899665551839 0.905358644534974
9.73244147157191 0.907100452020109
9.76588628762542 0.908813431479328
9.79933110367893 0.910497941732484
9.83277591973244 0.91215434153441
9.86622073578595 0.913782989380125
9.89966555183946 0.91538424331748
9.93311036789298 0.916958460767138
9.96655518394649 0.918505998349765
10 0.920027211720321
