0 0.0137328426188979
0.0334448160535117 0.0141009886471623
0.0668896321070234 0.0144788589427636
0.100334448160535 0.0148667024995553
0.133779264214047 0.0152647742603377
0.167224080267559 0.0156733352356592
0.20066889632107 0.0160926526236668
0.234113712374582 0.0165229999309309
0.267558528428094 0.0169646570941584
0.301003344481605 0.0174179106027069
0.334448160535117 0.017883053621799
0.367892976588629 0.0183603861163328
0.40133779264214 0.0188502149751748
0.434782608695652 0.0193528541358108
0.468227424749164 0.0198686247092254
0.501672240802676 0.0203978551048682
0.535117056856187 0.0209408811555558
0.568561872909699 0.0214980462421487
0.602006688963211 0.0220697014178309
0.635451505016722 0.0226562055318099
0.668896321070234 0.0232579253522407
0.702341137123746 0.0238752356881691
0.735785953177257 0.0245085195102716
0.769230769230769 0.0251581680701617
0.802675585284281 0.0258245810180142
0.836120401337793 0.0265081665182472
0.869565217391304 0.0272093413629859
0.903010033444816 0.0279285310830175
0.936454849498328 0.0286661700559303
0.969899665551839 0.0294227016111139
1.00334448160535 0.0301985781312797
1.03678929765886 0.0309942611501461
1.07023411371237 0.031810221445911
1.10367892976589 0.0326469391301192
1.1371237458194 0.0335049037315116
1.17056856187291 0.0343846142744239
1.20401337792642 0.0352865793512828
1.23745819397993 0.0362113171887282
1.27090301003344 0.0371593557068672
1.30434782608696 0.0381312325711459
1.33779264214047 0.0391274952363046
1.37123745819398 0.0401487009818573
1.40468227424749 0.041195416938516
1.438127090301 0.0422682201049599
1.47157190635451 0.0433676973543218
1.50501672240803 0.0444944454297478
1.53846153846154 0.0456490709283583
1.57190635451505 0.0468321902729198
1.60535117056856 0.0480444296705105
1.63879598662207 0.0492864250574446
1.67224080267559 0.0505588220296946
1.7056856187291 0.0518622757580311
1.73913043478261 0.0531974508870783
1.77257525083612 0.0545650214174614
1.80602006688963 0.0559656705702052
1.83946488294314 0.0574000906325205
1.87290969899666 0.058868982784101
1.90635451505017 0.0603730569030334
1.93979933110368 0.0619130313504099
1.97324414715719 0.0634896327327195
2.0066889632107 0.0651035956410786
2.04013377926421 0.0667556623663562
2.07357859531773 0.0684465825892385
2.10702341137124 0.0701771130442713
2.14046822742475 0.0719480171569178
2.17391304347826 0.0737600646526688
2.20735785953177 0.0756140311372434
2.24080267558528 0.0775106976469277
2.2742474916388 0.0794508501681059
2.30769230769231 0.0814352791250547
2.34113712374582 0.0834647788350875
2.37458193979933 0.0855401469301598
2.40802675585284 0.0876621837440717
2.44147157190635 0.0898316916644382
2.47491638795987 0.0920494744486343
2.50836120401338 0.0943163365029644
2.54180602006689 0.0966330821243566
2.5752508361204 0.099000514703936
2.60869565217391 0.101419435891894
2.64214046822742 0.103890644723139
2.67558528428094 0.106414936703287
2.70903010033445 0.108993102854643
2.74247491638796 0.111625928721897
2.77591973244147 0.114314193337377
2.80936454849498 0.117058668145786
2.84280936454849 0.119860115888493
2.87625418060201 0.122719289447533
2.90969899665552 0.12563693064963
2.94314381270903 0.128613769030697
2.97658862876254 0.131650520561383
3.01003344481605 0.13474788633443
3.04347826086956 0.137906551214751
3.07692307692308 0.141127182453289
3.11036789297659 0.144410428265955
3.1438127090301 0.147756916379054
3.17725752508361 0.151167252542868
3.21070234113712 0.154642019015225
3.24414715719064 0.158181773017114
3.27759197324415 0.161787045162591
3.31103678929766 0.165458337865472
3.34448160535117 0.169196123725504
3.37792642140468 0.17300084389694
3.41137123745819 0.176872906442679
3.44481605351171 0.180812684677327
3.47826086956522 0.184820515502825
3.51170568561873 0.188896697740441
3.54515050167224 0.19304149046322
3.57859531772575 0.197255111333148
3.61204013377926 0.201537734947548
3.64548494983278 0.205889491199402
3.67892976588629 0.210310463656515
3.7123745819398 0.214800687964613
3.74581939799331 0.219360150279655
3.77926421404682 0.223988785734805
3.81270903010033 0.228686476947643
3.84615384615385 0.233453052573356
3.87959866220736 0.238288285909728
3.91304347826087 0.243191893559869
3.94648829431438 0.248163534158678
3.97993311036789 0.25320280716908
4.0133779264214 0.258309251754106
4.04682274247492 0.263482345730857
4.08026755852843 0.268721504612373
4.11371237458194 0.274026080743352
4.14715719063545 0.279395362535561
4.18060200668896 0.284828573808643
4.21404682274247 0.290324873241874
4.24749163879599 0.295883353942189
4.2809364548495 0.301503043133601
4.31438127090301 0.307182901972825
4.34782608695652 0.312921825495628
4.38127090301003 0.318718642698088
4.41471571906354 0.324572116756561
4.44816053511706 0.330480945389735
4.48160535117057 0.336443761365729
4.51505016722408 0.342459133156689
4.54849498327759 0.34852556574287
4.5819397993311 0.354641501567623
4.61538461538461 0.360805321644171
4.64882943143813 0.367015346814486
4.68227424749164 0.373269839159958
4.71571906354515 0.379567003562974
4.74916387959866 0.385904989417848
4.78260869565217 0.392281892488963
4.81605351170569 0.398695756913307
4.8494983277592 0.405144577343966
4.88294314381271 0.411626301230489
4.91638795986622 0.418138831231427
4.94983277591973 0.424680027753703
4.98327759197324 0.431247711612894
5.01672240802676 0.437839666807917
5.05016722408027 0.444453643403031
5.08361204013378 0.451087360509578
5.11705685618729 0.457738509359355
5.1505016722408 0.464404756461055
5.18394648829431 0.471083746830817
5.21739130434783 0.477773107287499
5.25083612040134 0.484470449803012
5.28428093645485 0.491173374897713
5.31772575250836 0.497879475070673
5.35117056856187 0.504586338254396
5.38461538461538 0.511291551283504
5.4180602006689 0.517992703366765
5.45150501672241 0.524687389551874
5.48494983277592 0.531373214172399
5.51839464882943 0.538047794266427
5.55183946488294 0.544708762956565
5.58528428093645 0.551353772781174
5.61872909698997 0.557980498966961
5.65217391304348 0.564586642633344
5.68561872909699 0.571169933919377
5.7190635451505 0.577728135024405
5.75250836120401 0.584259043154045
5.78595317725753 0.590760493363595
5.81939799331104 0.597230361291443
5.85284280936455 0.603666565775626
5.88628762541806 0.610067071347223
5.91973244147157 0.616429890594888
5.95317725752508 0.622753086395402
5.9866220735786 0.629034774005787
6.02006688963211 0.635273123013116
6.05351170568562 0.641466359138824
6.08695652173913 0.647612765894944
6.12040133779264 0.653710686090346
6.15384615384615 0.659758523185669
6.18729096989967 0.665754742496282
6.22073578595318 0.671697872243183
6.25418060200669 0.67758650445237
6.2876254180602 0.683419295703767
6.32107023411371 0.689194967731342
6.35451505016722 0.694912307876552
6.38795986622074 0.700570169397803
6.42140468227425 0.706167471638993
6.45484949832776 0.711703200060713
6.48829431438127 0.717176406138026
6.52173913043478 0.722586207129152
6.55518394648829 0.727931785719671
6.58862876254181 0.733212389547203
6.62207357859532 0.738427330611734
6.65551839464883 0.743575984577023
6.68896321070234 0.748657789968688
6.72240802675585 0.753672247274728
6.75585284280936 0.758618917954387
6.78929765886288 0.763497423361304
6.82274247491639 0.768307443587006
6.8561872909699 0.773048716230784
6.88963210702341 0.777721035102028
6.92307692307692 0.782324248861028
6.95652173913043 0.786858259604239
6.98996655518395 0.79132302139989
7.02341137123746 0.795718538779746
7.05685618729097 0.800044865192691
7.09030100334448 0.804302101425674
7.12374581939799 0.808490393997409
7.1571906354515 0.812609933530021
7.19063545150502 0.816660953103695
7.22408026755853 0.820643726599134
7.25752508361204 0.824558567032486
7.29096989966555 0.828405824887134
7.32441471571906 0.832185886446567
7.35785953177257 0.835899172132304
7.39130434782609 0.839546134850626
7.4247491638796 0.84312725835164
7.45819397993311 0.846643055603967
7.49163879598662 0.850094067188132
7.52508361204013 0.85348085971149
7.55852842809364 0.856804024247307
7.59197324414716 0.860064174800402
7.62541806020067 0.863261946801522
7.65886287625418 0.866397995632432
7.69230769230769 0.86947299518348
7.7257525083612 0.872487636445214
7.75919732441471 0.875442626135426
7.79264214046823 0.878338685362815
7.82608695652174 0.881176548328289
7.85953177257525 0.883956961064756
7.89297658862876 0.886680680216096
7.92642140468227 0.889348471855834
7.95986622073579 0.891961110345929
7.9933110367893 0.89451937723592
8.02675585284281 0.897024060202561
8.06020066889632 0.899475952029954
8.09364548494983 0.901875849630083
8.12709030100334 0.904224553103542
8.16053511705686 0.90652286484015
8.19397993311037 0.908771588659081
8.22742474916388 0.910971528988022
8.26086956521739 0.913123490080838
8.2943143812709 0.915228275273118
8.32775919732441 0.917286686274952
8.36120401337793 0.919299522500214
8.39464882943144 0.921267580431573
8.42809364548495 0.923191653020448
8.46153846153846 0.925072529121048
8.49498327759197 0.926910992957616
8.52842809364548 0.928707823624011
8.561872909699 0.930463794614666
8.59531772575251 0.932179673386019
8.62876254180602 0.933856220947456
8.66220735785953 0.935494191480806
8.69565217391304 0.937094331987433
8.72909698996656 0.938657381961957
8.76254180602007 0.940184073091645
8.79598662207358 0.941675128980511
8.82943143812709 0.943131264897165
8.8628762541806 0.944553187545492
8.89632107023411 0.945941594857194
8.92976588628762 0.947297175805304
8.96321070234114 0.948620610237754
8.99665551839465 0.949912568730099
9.03010033444816 0.951173712456547
9.06354515050167 0.952404693078418
9.09698996655518 0.953606152649205
9.1304347826087 0.954778723535427
9.16387959866221 0.955923028352475
9.19732441471572 0.957039679914671
9.23076923076923 0.958129281198802
9.26421404682274 0.959192425320394
9.29765886287625 0.960229695522013
9.33110367892977 0.961241665172922
9.36454849498328 0.962228897779421
9.39799331103679 0.963191947005236
9.4314381270903 0.964131356701343
9.46488294314381 0.965047660944629
9.49832775919732 0.965941384084824
9.53177257525084 0.966813040799143
9.56521739130435 0.967663136154128
9.59866220735786 0.96849216567417
9.63210702341137 0.969300615416226
9.66555183946488 0.970088962050277
9.69899665551839 0.970857672945068
9.73244147157191 0.971607206258718
9.76588628762542 0.972338011033783
9.79933110367893 0.973050527296399
9.83277591973244 0.973745186159117
9.86622073578595 0.974422409927101
9.89966555183946 0.975082612207334
9.93311036789298 0.975726198020534
9.96655518394649 0.976353563915465
10 0.976965098085363
