0 0.0300499429592758
0.0334448160535117 0.0307451201289998
0.0668896321070234 0.0314558580144828
0.100334448160535 0.0321824805586513
0.133779264214047 0.0329253173105582
0.167224080267559 0.0336847034680188
0.20066889632107 0.0344609799176374
0.234113712374582 0.0352544932720381
0.267558528428094 0.036065595904105
0.301003344481605 0.0368946459780305
0.334448160535117 0.037742007476964
0.367892976588629 0.0386080502270415
0.40133779264214 0.0394931499175751
0.434782608695652 0.0403976881171669
0.468227424749164 0.0413220522855089
0.501672240802676 0.0422666357806205
0.535117056856187 0.0432318378612658
0.568561872909699 0.0442180636842888
0.602006688963211 0.0452257242965908
0.635451505016722 0.0462552366214725
0.668896321070234 0.0473070234390498
0.702341137123746 0.0483815133604483
0.735785953177257 0.0494791407954702
0.769230769230769 0.0506003459134233
0.802675585284281 0.05174557459679
0.836120401337793 0.0529152783874095
0.869565217391304 0.0541099144248397
0.903010033444816 0.0553299453765539
0.936454849498328 0.056575839359626
0.969899665551839 0.057848069853549
1.00334448160535 0.0591471156038231
1.03678929765886 0.0604734605159497
1.07023411371237 0.0618275935394562
1.10367892976589 0.0632100085415773
1.1371237458194 0.0646212041702088
1.17056856187291 0.0660616837057522
1.20401337792642 0.0675319549014598
1.23745819397993 0.0690325298118938
1.27090301003344 0.0705639246091042
1.30434782608696 0.072126659386139
1.33779264214047 0.0737212579474908
1.37123745819398 0.0753482475860941
1.40468227424749 0.0770081588464842
1.438127090301 0.078701525273734
1.47157190635451 0.0804288831477927
1.50501672240803 0.082190771202851
1.53846153846154 0.0839877303313701
1.57190635451505 0.0858203032724189
1.60535117056856 0.0876890342839734
1.63879598662207 0.0895944687988457
1.67224080267559 0.0915371530639243
1.7056856187291 0.0935176337624219
1.73913043478261 0.0955364576188454
1.77257525083612 0.0975941709864211
1.80602006688963 0.099691319416732
1.83946488294314 0.101828447211344
1.87290969899666 0.10400609695523
1.90635451505017 0.106224809031816
1.93979933110368 0.108485121119526
1.97324414715719 0.110787567669708
2.0066889632107 0.11313267936588
2.04013377926421 0.115520982564262
2.07357859531773 0.11795299871561
2.10702341137124 0.120429243768384
2.14046822742475 0.122950227553377
2.17391304347826 0.12551645314992
2.20735785953177 0.128128416233877
2.24080267558528 0.130786604407674
2.2742474916388 0.133491496512667
2.30769230769231 0.136243561924203
2.34113712374582 0.139043259829809
2.37458193979933 0.141891038490995
2.40802675585284 0.144787334489211
2.44147157190635 0.147732571956592
2.47491638795987 0.150727161792172
2.50836120401338 0.153771500864338
2.54180602006689 0.156865971200354
2.5752508361204 0.160010939163865
2.60869565217391 0.163206754621379
2.64214046822742 0.166453750098798
2.67558528428094 0.169752239929124
2.70903010033445 0.173102519392605
2.74247491638796 0.176504863850595
2.77591973244147 0.179959527874547
2.80936454849498 0.183466744371603
2.84280936454849 0.187026723708327
2.87625418060201 0.190639652834234
2.90969899665552 0.194305694406816
2.94314381270903 0.198024985919861
2.97658862876254 0.201797638836939
3.01003344481605 0.205623737731988
3.04347826086956 0.209503339439016
3.07692307692308 0.213436472213003
3.11036789297659 0.217423134904143
3.1438127090301 0.221463296147623
3.17725752508361 0.225556893571205
3.21070234113712 0.229703833022921
3.24414715719064 0.233903987821207
3.27759197324415 0.238157198029898
3.31103678929766 0.242463269760469
3.34448160535117 0.246821974503983
3.37792642140468 0.251233048495187
3.41137123745819 0.255696192111234
3.44481605351171 0.260211069307476
3.47826086956522 0.264777307092782
3.51170568561873 0.269394495046817
3.54515050167224 0.274062184881678
3.57859531772575 0.278779890050233
3.61204013377926 0.283547085403495
3.64548494983278 0.288363206899253
3.67892976588629 0.293227651364151
3.7123745819398 0.298139776311297
3.74581939799331 0.303098899815399
3.77926421404682 0.308104300447319
3.81270903010033 0.313155217269822
3.84615384615385 0.318250849896161
3.87959866220736 0.323390358613005
3.91304347826087 0.328572864569081
3.94648829431438 0.333797450030709
3.97993311036789 0.339063158705287
4.0133779264214 0.344368996133562
4.04682274247492 0.349713930151355
4.08026755852843 0.355096891421229
4.11371237458194 0.360516774034351
4.14715719063545 0.36597243618262
4.18060200668896 0.37146270090092
4.21404682274247 0.376986356879097
4.24749163879599 0.382542159343103
4.2809364548495 0.388128831004461
4.31438127090301 0.393745063077009
4.34782608695652 0.399389516359655
4.38127090301003 0.405060822383631
4.41471571906354 0.410757584622513
4.44816053511706 0.41647837976306
4.48160535117057 0.422221759034684
4.51505016722408 0.427986249595174
4.54849498327759 0.433770355970065
4.5819397993311 0.439572561542846
4.61538461538461 0.44539133009303
4.64882943143813 0.451225107378887
4.68227424749164 0.457072322761502
4.71571906354515 0.462931390866642
4.74916387959866 0.46880071328077
4.78260869565217 0.474678680277413
4.81605351170569 0.48056367256996
4.8494983277592 0.486454063086882
4.88294314381271 0.492348218765244
4.91638795986622 0.498244502358338
4.94983277591973 0.504141274253184
4.98327759197324 0.510036894293624
5.01672240802676 0.515929723604696
5.05016722408027 0.521818126413983
5.08361204013378 0.527700471865633
5.11705685618729 0.533575135822793
5.1505016722408 0.539440502654215
5.18394648829431 0.545294967000896
5.21739130434783 0.551136935518662
5.25083612040134 0.55696482859272
5.28428093645485 0.562777082020308
5.31772575250836 0.568572148657691
5.35117056856187 0.574348500027923
5.38461538461538 0.580104627885893
5.4180602006689 0.585839045737412
5.45150501672241 0.591550290309196
5.48494983277592 0.597236922966859
5.51839464882943 0.602897531078177
5.55183946488294 0.608530729319112
5.58528428093645 0.614135160920296
5.61872909698997 0.619709498851875
5.65217391304348 0.625252446944867
5.68561872909699 0.630762740947372
5.7190635451505 0.636239149514242
5.75250836120401 0.641680475129012
5.78595317725753 0.647085554957146
5.81939799331104 0.652453261629867
5.85284280936455 0.657782503958063
5.88628762541806 0.663072227575997
5.91973244147157 0.668321415514745
5.95317725752508 0.673529088705525
5.9866220735786 0.67869430641325
6.02006688963211 0.68381616660088
6.05351170568562 0.688893806225297
6.08695652173913 0.693926401465645
6.12040133779264 0.698913167885231
6.15384615384615 0.703853360528244
6.18729096989967 0.70874627395273
6.22073578595318 0.713591242201374
6.25418060200669 0.718387638711795
6.2876254180602 0.723134876168171
6.32107023411371 0.727832406296138
6.35451505016722 0.73247971960298
6.38795986622074 0.737076345065266
6.42140468227425 0.741621849766098
6.45484949832776 0.746115838484286
6.48829431438127 0.75055795323774
6.52173913043478 0.754947872783484
6.55518394648829 0.759285312076692
6.58862876254181 0.763570021691182
6.62207357859532 0.767801787203834
6.65551839464883 0.77198042854538
6.68896321070234 0.776105799320039
6.72240802675585 0.780177786096446
6.75585284280936 0.784196307672288
6.78929765886288 0.788161314315087
6.82274247491639 0.792072786981465
6.8561872909699 0.795930736517254
6.88963210702341 0.799735202840718
6.92307692307692 0.803486254111138
6.95652173913043 0.807183985884924
6.98996655518395 0.810828520261384
7.02341137123746 0.814420005020198
7.05685618729097 0.817958612752587
7.09030100334448 0.821444539988073
7.12374581939799 0.824878006318693
7.1571906354515 0.828259253522403
7.19063545150502 0.831588544687379
7.22408026755853 0.834866163338789
7.25752508361204 0.838092412569592
7.29096989966555 0.841267614176776
7.32441471571906 0.844392107804405
7.35785953177257 0.847466250094758
7.39130434782609 0.850490413848749
7.4247491638796 0.853464987196744
7.45819397993311 0.856390372780816
7.49163879598662 0.859266986949393
7.52508361204013 0.862095258965183
7.55852842809364 0.864875630227179
7.59197324414716 0.86760855350748
7.62541806020067 0.87029449220359
7.65886287625418 0.872933919606785
7.69230769230769 0.875527318187076
7.7257525083612 0.878075178895223
7.75919732441471 0.88057800048221
7.79264214046823 0.883036288836508
7.82608695652174 0.885450556339411
7.85953177257525 0.887821321238677
7.89297658862876 0.890149107040639
7.92642140468227 0.892434441920922
7.95986622073579 0.894677858153831
7.9933110367893 0.896879891560462
8.02675585284281 0.899041080975509
8.06020066889632 0.901161967732735
8.09364548494983 0.903243095169016
8.12709030100334 0.90528500814684
8.16053511705686 0.907288252595119
8.19397993311037 0.909253375068128
8.22742474916388 0.911180922322365
8.26086956521739 0.913071440911108
8.2943143812709 0.914925476796405
8.32775919732441 0.916743574978239
8.36120401337793 0.91852627914055
8.39464882943144 0.920274131313832
8.42809364548495 0.921987671553962
8.46153846153846 0.923667437636925
8.49498327759197 0.925313964769093
8.52842809364548 0.926927785312696
8.561872909699 0.928509428526106
8.59531772575251 0.930059420318579
8.62876254180602 0.931578283019057
8.66220735785953 0.933066535158656
8.69565217391304 0.93452469126644
8.72909698996656 0.935953261678111
8.76254180602007 0.937352752357196
8.79598662207358 0.938723664728367
8.82943143812709 0.940066495522482
8.8628762541806 0.941381736632976
8.89632107023411 0.942669874983195
8.92976588628762 0.943931392404312
8.96321070234114 0.945166765523429
8.99665551839465 0.9463764656615
9.03010033444816 0.947560958740693
9.06354515050167 0.948720705200841
9.09698996655518 0.949856159924615
9.1304347826087 0.950967772171066
9.16387959866221 0.952055985517189
9.19732441471572 0.953121237807175
9.23076923076923 0.954163961109018
9.26421404682274 0.955184581678149
9.29765886287625 0.956183519927776
9.33110367892977 0.95716119040564
9.36454849498328 0.958118001776854
9.39799331103679 0.959054356812571
9.4314381270903 0.959970652384151
9.46488294314381 0.960867279462593
9.49832775919732 0.961744623122931
9.53177257525084 0.962603062553346
9.56521739130435 0.963442971068745
9.59866220735786 0.964264716128549
9.63210702341137 0.965068659358464
9.66555183946488 0.965855156576004
9.69899665551839 0.966624557819538
9.73244147157191 0.967377207380656
9.76588628762542 0.968113443839642
9.79933110367893 0.968833600103862
9.83277591973244 0.969538003448862
9.86622073578595 0.970226975562015
9.89966555183946 0.970900832588518
9.93311036789298 0.971559885179583
9.96655518394649 0.972204438542647
10 0.972834792493465
