0 0.0136555599496316
0.0334448160535117 0.0139972879217247
0.0668896321070234 0.014347443182434
0.100334448160535 0.0147062272574404
0.133779264214047 0.0150738461728982
0.167224080267559 0.0154505105396825
0.20066889632107 0.0158364356383548
0.234113712374582 0.0162318415048011
0.267558528428094 0.0166369530164912
0.301003344481605 0.0170519999793079
0.334448160535117 0.0174772172148868
0.367892976588629 0.0179128446484041
0.40133779264214 0.0183591273967475
0.434782608695652 0.0188163158569961
0.468227424749164 0.0192846657951354
0.501672240802676 0.0197644384349226
0.535117056856187 0.0202559005468179
0.568561872909699 0.020759324536886
0.602006688963211 0.0212749885355711
0.635451505016722 0.0218031764862387
0.668896321070234 0.0223441782333733
0.702341137123746 0.0228982896103133
0.735785953177257 0.0234658125263984
0.769230769230769 0.0240470550533964
0.802675585284281 0.0246423315110695
0.836120401337793 0.0252519625517323
0.869565217391304 0.0258762752436461
0.903010033444816 0.0265156031530842
0.936454849498328 0.0271702864248968
0.969899665551839 0.0278406718613921
1.00334448160535 0.0285271129993441
1.03678929765886 0.0292299701849258
1.07023411371237 0.0299496106463578
1.10367892976589 0.0306864085640517
1.1371237458194 0.0314407451380187
1.17056856187291 0.0322130086523004
1.20401337792642 0.0330035945361716
1.23745819397993 0.0338129054218499
1.27090301003344 0.0346413511984392
1.30434782608696 0.0354893490618192
1.33779264214047 0.0363573235601836
1.37123745819398 0.0372457066349161
1.40468227424749 0.0381549376564815
1.438127090301 0.0390854634549974
1.47157190635451 0.0400377383451369
1.50501672240803 0.0410122241450037
1.53846153846154 0.042009390188604
1.57190635451505 0.0430297133315296
1.60535117056856 0.0440736779494516
1.63879598662207 0.0451417759290123
1.67224080267559 0.0462345066506882
1.7056856187291 0.0473523769631861
1.73913043478261 0.0484959011489189
1.77257525083612 0.0496656008800958
1.80602006688963 0.05086200516495
1.83946488294314 0.0520856502836134
1.87290969899666 0.053337079713134
1.90635451505017 0.0546168440411246
1.93979933110368 0.0559255008675148
1.97324414715719 0.0572636146938705
2.0066889632107 0.0586317567997346
2.04013377926421 0.0600305051054312
2.07357859531773 0.0614604440207691
2.10702341137124 0.0629221642790707
2.14046822742475 0.0644162627559451
2.17391304347826 0.0659433422722201
2.20735785953177 0.0675040113804395
2.24080267558528 0.0690988841343325
2.2742474916388 0.0707285798406557
2.30769230769231 0.0723937227928099
2.34113712374582 0.0740949419856334
2.37458193979933 0.0758328708107768
2.40802675585284 0.0776081467320672
2.44147157190635 0.0794214109402786
2.47491638795987 0.0812733079867296
2.50836120401338 0.0831644853951454
2.54180602006689 0.0850955932512295
2.5752508361204 0.0870672837694097
2.60869565217391 0.0890802108362387
2.64214046822742 0.091135029529954
2.67558528428094 0.093232395615723
2.70903010033445 0.0953729650161287
2.74247491638796 0.097557393256482
2.77591973244147 0.0997863348845803
2.80936454849498 0.10206044286457
2.84280936454849 0.104380367944614
2.87625418060201 0.106746757998108
2.90969899665552 0.109160257338237
2.94314381270903 0.111621506005731
2.97658862876254 0.114131139029714
3.01003344481605 0.116689785661617
3.04347826086956 0.119298068582195
3.07692307692308 0.121956603081755
3.11036789297659 0.124665996213761
3.1438127090301 0.127426845922096
3.17725752508361 0.130239740142317
3.21070234113712 0.133105255877331
3.24414715719064 0.136023958248036
3.27759197324415 0.13899639951954
3.31103678929766 0.142023118103681
3.34448160535117 0.145104637538704
3.37792642140468 0.148241465447005
3.41137123745819 0.151434092472034
3.44481605351171 0.154682991195505
3.47826086956522 0.157988615036226
3.51170568561873 0.161351397131957
3.54515050167224 0.164771749205849
3.57859531772575 0.168250060419131
3.61204013377926 0.171786696211866
3.64548494983278 0.175381997133682
3.67892976588629 0.179036277666578
3.7123745819398 0.182749825041989
3.74581939799331 0.186522898054442
3.77926421404682 0.190355725874282
3.81270903010033 0.194248506862037
3.84615384615385 0.198201407387177
3.87959866220736 0.202214560654073
3.91304347826087 0.206288065538157
3.94648829431438 0.210421985435333
3.97993311036789 0.214616347127848
4.0133779264214 0.218871139669898
4.04682274247492 0.22318631329637
4.08026755852843 0.227561778358178
4.11371237458194 0.231997404287756
4.14715719063545 0.236493018598311
4.18060200668896 0.241048405920522
4.21404682274247 0.245663307080386
4.24749163879599 0.250337418221972
4.2809364548495 0.255070389978832
4.31438127090301 0.259861826697847
4.34782608695652 0.264711285719241
4.38127090301003 0.269618276716507
4.41471571906354 0.274582261099897
4.44816053511706 0.2796026514871
4.48160535117057 0.284678811244627
4.51505016722408 0.289810054103337
4.54849498327759 0.294995643851405
4.5819397993311 0.300234794107897
4.61538461538461 0.305526668179977
4.64882943143813 0.310870379006563
4.68227424749164 0.316264989191071
4.71571906354515 0.321709511125687
4.74916387959866 0.327202907209336
4.78260869565217 0.332744090161294
4.81605351170569 0.338331923432122
4.8494983277592 0.343965221713301
4.88294314381271 0.349642751546653
4.91638795986622 0.355363232034333
4.94983277591973 0.361125335649829
4.98327759197324 0.366927689150088
5.01672240802676 0.372768874588525
5.05016722408027 0.378647430428317
5.08361204013378 0.384561852755038
5.11705685618729 0.39051059658729
5.1505016722408 0.396492077283652
5.18394648829431 0.402504672043867
5.21739130434783 0.408546721501837
5.25083612040134 0.414616531407615
5.28428093645485 0.420712374395232
5.31772575250836 0.426832491832844
5.35117056856187 0.432975095751326
5.38461538461538 0.439138370847118
5.4180602006689 0.445320476554832
5.45150501672241 0.451519549184772
5.48494983277592 0.457733704120296
5.51839464882943 0.463961038069655
5.55183946488294 0.470199631366693
5.58528428093645 0.476447550314608
5.61872909698997 0.482702849566744
5.65217391304348 0.488963574538239
5.68561872909699 0.495227763842215
5.7190635451505 0.501493451744061
5.75250836120401 0.50775867062731
5.78595317725753 0.514021453464536
5.81939799331104 0.520279836286677
5.85284280936455 0.526531860644202
5.88628762541806 0.532775576053581
5.91973244147157 0.539009042422565
5.95317725752508 0.545230332447913
5.9866220735786 0.551437533979289
6.02006688963211 0.557628752343233
6.05351170568562 0.563802112621286
6.08695652173913 0.569955761876542
6.12040133779264 0.576087871323135
6.15384615384615 0.582196638433441
6.18729096989967 0.588280288978001
6.22073578595318 0.594337078993525
6.25418060200669 0.600365296674589
6.2876254180602 0.606363264185002
6.32107023411371 0.612329339385132
6.35451505016722 0.618261917471847
6.38795986622074 0.624159432528076
6.42140468227425 0.630020358979346
6.45484949832776 0.635843212955062
6.48829431438127 0.641626553552605
6.52173913043478 0.647368984002753
6.55518394648829 0.653069152735273
6.58862876254181 0.658725754343887
6.62207357859532 0.664337530450199
6.65551839464883 0.669903270466513
6.68896321070234 0.675421812257801
6.72240802675585 0.68089204270345
6.75585284280936 0.686312898159683
6.78929765886288 0.691683364823911
6.82274247491639 0.69700247900253
6.8561872909699 0.702269327283966
6.88963210702341 0.707483046619023
6.92307692307692 0.712642824310852
6.95652173913043 0.717747897917049
6.98996655518395 0.722797555066629
7.02341137123746 0.727791133194797
7.05685618729097 0.73272801919859
7.09030100334448 0.73760764901664
7.12374581939799 0.742429507136422
7.1571906354515 0.747193126032457
7.19063545150502 0.751898085539046
7.22408026755853 0.756544012161172
7.25752508361204 0.761130578327278
7.29096989966555 0.765657501587646
7.32441471571906 0.770124543762141
7.35785953177257 0.774531510041091
7.39130434782609 0.778878248043053
7.4247491638796 0.783164646833201
7.45819397993311 0.787390635906029
7.49163879598662 0.79155618413602
7.52508361204013 0.795661298699872
7.55852842809364 0.799706023973776
7.59197324414716 0.803690440409202
7.62541806020067 0.807614663390517
7.65886287625418 0.811478842077694
7.69230769230769 0.815283158237221
7.7257525083612 0.819027825064278
7.75919732441471 0.822713085999041
7.79264214046823 0.826339213539948
7.82608695652174 0.82990650805654
7.85953177257525 0.833415296604452
7.89297658862876 0.836865931744925
7.92642140468227 0.840258790371127
7.95986622073579 0.843594272543417
7.9933110367893 0.846872800335544
8.02675585284281 0.850094816693683
8.06020066889632 0.853260784310019
8.09364548494983 0.85637118451251
8.12709030100334 0.859426516172312
8.16053511705686 0.86242729463022
8.19397993311037 0.865374050643368
8.22742474916388 0.868267329353301
8.26086956521739 0.871107689276434
8.2943143812709 0.873895701317773
8.32775919732441 0.876631947808684
8.36120401337793 0.879317021569404
8.39464882943144 0.881951524996848
8.42809364548495 0.88453606917821
8.46153846153846 0.887071273030752
8.49498327759197 0.889557762468063
8.52842809364548 0.891996169593049
8.561872909699 0.894387131917753
8.59531772575251 0.896731291610117
8.62876254180602 0.899029294767661
8.66220735785953 0.901281790718029
8.69565217391304 0.90348943134628
8.72909698996656 0.905652870448737
8.76254180602007 0.907772763113183
8.79598662207358 0.909849765125102
8.82943143812709 0.911884532399669
8.8628762541806 0.913877720439107
8.89632107023411 0.915829983815035
8.92976588628762 0.917741975675355
8.96321070234114 0.919614347275243
8.99665551839465 0.921447747531738
9.03010033444816 0.923242822601435
9.06354515050167 0.925000215480751
9.09698996655518 0.926720565628221
9.1304347826087 0.928404508608255
9.16387959866221 0.930052675755801
9.19732441471572 0.931665693861319
9.23076923076923 0.933244184875492
9.26421404682274 0.934788765633061
9.29765886287625 0.936300047595206
9.33110367892977 0.937778636609868
9.36454849498328 0.939225132689408
9.39799331103679 0.940640129805012
9.4314381270903 0.94202421569725
9.46488294314381 0.943377971702193
9.49832775919732 0.94470197259251
9.53177257525084 0.945996786432963
9.56521739130435 0.947262974449736
9.59866220735786 0.948501090913029
9.63210702341137 0.949711683032374
9.66555183946488 0.950895290864125
9.69899665551839 0.952052447230587
9.73244147157191 0.953183677650276
9.76588628762542 0.954289500278789
9.79933110367893 0.955370425859797
9.83277591973244 0.956426957685662
9.86622073578595 0.957459591567229
9.89966555183946 0.958468815812309
9.93311036789298 0.959455111212426
9.96655518394649 0.960418951037383
10 0.961360801037235
