1 0
1 0
1 0
1 0
1 0
1 0
1 0
1 0
1 0
1 0
1 0
1 0
1 0
1 0.0208333333333333
1 0.0208333333333333
1 0.0208333333333333
1 0.0208333333333333
1 0.0208333333333333
1 0.0208333333333333
1 0.0208333333333333
1 0.0208333333333333
1 0.0208333333333333
1 0.0208333333333333
1 0.0208333333333333
1 0.0208333333333333
1 0.0208333333333333
1 0.0208333333333333
1 0.0208333333333333
1 0.0208333333333333
1 0.0416666666666667
1 0.0416666666666667
1 0.0416666666666667
1 0.0416666666666667
1 0.0416666666666667
1 0.0416666666666667
1 0.0416666666666667
1 0.0416666666666667
1 0.0416666666666667
1 0.0416666666666667
1 0.0416666666666667
1 0.0416666666666667
1 0.0416666666666667
1 0.0416666666666667
1 0.0416666666666667
1 0.0416666666666667
1 0.0416666666666667
1 0.0416666666666667
1 0.0416666666666667
1 0.0416666666666667
1 0.0416666666666667
1 0.0416666666666667
1 0.0416666666666667
1 0.0416666666666667
1 0.0416666666666667
1 0.0416666666666667
1 0.0416666666666667
1 0.0416666666666667
1 0.0416666666666667
1 0.0416666666666667
1 0.0416666666666667
1 0.0416666666666667
1 0.0416666666666667
1 0.0416666666666667
1 0.0416666666666667
1 0.0416666666666667
1 0.0416666666666667
1 0.0416666666666667
1 0.0416666666666667
1 0.0416666666666667
1 0.0416666666666667
1 0.0416666666666667
1 0.0416666666666667
1 0.0416666666666667
1 0.0416666666666667
1 0.0416666666666667
1 0.0416666666666667
1 0.0416666666666667
1 0.0416666666666667
1 0.0416666666666667
1 0.0416666666666667
1 0.0416666666666667
1 0.0416666666666667
1 0.0416666666666667
1 0.0416666666666667
1 0.0416666666666667
1 0.0416666666666667
1 0.0416666666666667
1 0.0416666666666667
1 0.0416666666666667
1 0.0416666666666667
1 0.0416666666666667
1 0.0416666666666667
0.978723404255319 0.0208333333333333
0.978723404255319 0.0208333333333333
0.978723404255319 0.0208333333333333
0.978723404255319 0.0208333333333333
0.978723404255319 0.0208333333333333
0.978723404255319 0.0208333333333333
0.978723404255319 0.0208333333333333
0.978723404255319 0.0208333333333333
0.978723404255319 0.0208333333333333
0.978723404255319 0.0208333333333333
0.978723404255319 0.0208333333333333
0.978723404255319 0.0208333333333333
0.978723404255319 0.0208333333333333
0.978723404255319 0.0208333333333333
0.978723404255319 0.0208333333333333
0.978723404255319 0.0208333333333333
0.978723404255319 0.0208333333333333
0.978723404255319 0.0208333333333333
0.978723404255319 0.0208333333333333
0.978723404255319 0.0208333333333333
0.978723404255319 0.0208333333333333
0.978723404255319 0.0208333333333333
0.978723404255319 0.0208333333333333
0.978723404255319 0.0208333333333333
0.978723404255319 0.0208333333333333
0.978723404255319 0.0208333333333333
0.978723404255319 0.0208333333333333
0.978723404255319 0.0208333333333333
0.978723404255319 0.0208333333333333
0.978723404255319 0.0208333333333333
0.978723404255319 0.0208333333333333
0.978723404255319 0.0208333333333333
0.978723404255319 0.0208333333333333
0.978723404255319 0.0208333333333333
0.978723404255319 0.0208333333333333
0.978723404255319 0.0208333333333333
0.978723404255319 0.0208333333333333
0.978723404255319 0.0208333333333333
0.978723404255319 0.0208333333333333
0.978723404255319 0.0208333333333333
0.978723404255319 0.0208333333333333
0.978723404255319 0.0208333333333333
0.978723404255319 0.0208333333333333
0.978723404255319 0.0208333333333333
0.978723404255319 0.0208333333333333
0.978723404255319 0.0208333333333333
0.978723404255319 0.0208333333333333
0.978723404255319 0.0208333333333333
0.978723404255319 0.0208333333333333
0.978723404255319 0.0208333333333333
0.978723404255319 0.0208333333333333
0.978723404255319 0.0208333333333333
0.978723404255319 0.0208333333333333
0.978723404255319 0.0208333333333333
0.978723404255319 0.0208333333333333
0.978723404255319 0.0208333333333333
0.978723404255319 0.0208333333333333
0.978723404255319 0.0208333333333333
0.978723404255319 0.0208333333333333
0.978723404255319 0.0208333333333333
0.978723404255319 0.0208333333333333
0.978723404255319 0.0208333333333333
0.978723404255319 0.0208333333333333
0.978723404255319 0.0208333333333333
0.978723404255319 0.0208333333333333
0.977777777777778 0.0625
0.977777777777778 0.0625
0.956521739130435 0.0416666666666667
0.956521739130435 0.0416666666666667
0.956521739130435 0.0416666666666667
0.956521739130435 0.0416666666666667
0.956521739130435 0.0416666666666667
0.956521739130435 0.0416666666666667
0.956521739130435 0.0416666666666667
0.956521739130435 0.0416666666666667
0.956521739130435 0.0416666666666667
0.955555555555556 0.0625
0.955555555555556 0.0625
0.955555555555556 0.0625
0.955555555555556 0.0625
0.955555555555556 0.0625
0.955555555555556 0.0625
0.955555555555556 0.0625
0.955555555555556 0.0625
0.955555555555556 0.0625
0.955555555555556 0.0625
0.955555555555556 0.0625
0.955555555555556 0.0625
0.955555555555556 0.0625
0.955555555555556 0.0625
0.955555555555556 0.0625
0.955555555555556 0.0625
0.955555555555556 0.0625
0.955555555555556 0.0625
0.955555555555556 0.0625
0.955555555555556 0.0625
0.955555555555556 0.0625
0.955555555555556 0.0625
0.955555555555556 0.0625
0.955555555555556 0.0625
0.955555555555556 0.0625
0.955555555555556 0.0625
0.955555555555556 0.0625
0.955555555555556 0.0625
0.955555555555556 0.0625
0.955555555555556 0.0625
0.955555555555556 0.0625
0.955555555555556 0.0625
0.955555555555556 0.0625
0.955555555555556 0.0625
0.955555555555556 0.0625
0.955555555555556 0.0625
0.955555555555556 0.0625
0.955555555555556 0.0625
0.955555555555556 0.0625
0.955555555555556 0.0625
0.955555555555556 0.0625
0.955555555555556 0.0625
0.955555555555556 0.0625
0.955555555555556 0.0625
0.955555555555556 0.0625
0.955555555555556 0.0625
0.955555555555556 0.0625
0.955555555555556 0.0625
0.955555555555556 0.0625
0.955555555555556 0.0625
0.955555555555556 0.0625
0.955555555555556 0.0625
0.955555555555556 0.0625
0.955555555555556 0.0625
0.955555555555556 0.0625
0.955555555555556 0.0625
0.955555555555556 0.0625
0.955555555555556 0.0625
0.955555555555556 0.0625
0.955555555555556 0.0625
0.955555555555556 0.0625
0.955555555555556 0.0625
0.955555555555556 0.0625
0.955555555555556 0.0625
0.955555555555556 0.0625
0.955555555555556 0.0625
0.955555555555556 0.0625
0.955555555555556 0.0625
0.955555555555556 0.0625
0.955555555555556 0.0625
0.955555555555556 0.0625
0.955555555555556 0.0625
0.955555555555556 0.0625
0.955555555555556 0.0625
0.955555555555556 0.0625
0.955555555555556 0.0625
0.955555555555556 0.0625
0.955555555555556 0.0625
0.955555555555556 0.0625
0.955555555555556 0.0625
0.954545454545455 0.0833333333333333
0.954545454545455 0.0833333333333333
0.954545454545455 0.0833333333333333
0.954545454545455 0.0833333333333333
0.954545454545455 0.0833333333333333
0.954545454545455 0.0833333333333333
0.954545454545455 0.0833333333333333
0.954545454545455 0.0833333333333333
0.954545454545455 0.0833333333333333
0.954545454545455 0.0833333333333333
0.954545454545455 0.0833333333333333
0.954545454545455 0.0833333333333333
0.954545454545455 0.0833333333333333
0.954545454545455 0.0833333333333333
0.954545454545455 0.0833333333333333
0.954545454545455 0.0833333333333333
0.954545454545455 0.0833333333333333
0.954545454545455 0.0833333333333333
0.954545454545455 0.0833333333333333
0.954545454545455 0.0833333333333333
0.954545454545455 0.0833333333333333
0.954545454545455 0.0833333333333333
0.953488372093023 0.104166666666667
0.953488372093023 0.104166666666667
0.953488372093023 0.104166666666667
0.953488372093023 0.104166666666667
0.953488372093023 0.104166666666667
0.953488372093023 0.104166666666667
0.953488372093023 0.104166666666667
0.952380952380952 0.125
0.952380952380952 0.125
0.952380952380952 0.125
0.952380952380952 0.125
0.952380952380952 0.125
0.952380952380952 0.125
0.952380952380952 0.125
0.952380952380952 0.125
0.951219512195122 0.145833333333333
0.951219512195122 0.145833333333333
0.951219512195122 0.145833333333333
0.951219512195122 0.145833333333333
0.951219512195122 0.145833333333333
0.951219512195122 0.145833333333333
0.951219512195122 0.145833333333333
0.951219512195122 0.145833333333333
0.951219512195122 0.145833333333333
0.951219512195122 0.145833333333333
0.951219512195122 0.145833333333333
0.951219512195122 0.145833333333333
0.951219512195122 0.145833333333333
0.951219512195122 0.145833333333333
0.951219512195122 0.145833333333333
0.951219512195122 0.145833333333333
0.951219512195122 0.145833333333333
0.951219512195122 0.145833333333333
0.951219512195122 0.145833333333333
0.951219512195122 0.145833333333333
0.951219512195122 0.145833333333333
0.951219512195122 0.145833333333333
0.951219512195122 0.145833333333333
0.951219512195122 0.145833333333333
0.951219512195122 0.145833333333333
0.951219512195122 0.145833333333333
0.951219512195122 0.145833333333333
0.951219512195122 0.145833333333333
0.95 0.166666666666667
0.95 0.166666666666667
0.95 0.166666666666667
0.95 0.166666666666667
0.95 0.166666666666667
0.95 0.166666666666667
0.95 0.166666666666667
0.95 0.166666666666667
0.95 0.166666666666667
0.95 0.166666666666667
0.95 0.166666666666667
0.95 0.166666666666667
0.95 0.166666666666667
0.95 0.166666666666667
0.95 0.166666666666667
0.95 0.166666666666667
0.95 0.166666666666667
0.95 0.166666666666667
0.95 0.166666666666667
0.95 0.166666666666667
0.95 0.166666666666667
0.95 0.166666666666667
0.95 0.166666666666667
0.95 0.166666666666667
0.95 0.166666666666667
0.95 0.166666666666667
0.95 0.166666666666667
0.95 0.166666666666667
0.95 0.166666666666667
0.95 0.166666666666667
0.95 0.166666666666667
0.95 0.166666666666667
0.95 0.166666666666667
0.95 0.166666666666667
0.95 0.166666666666667
0.95 0.166666666666667
0.95 0.166666666666667
0.95 0.166666666666667
0.95 0.166666666666667
0.95 0.166666666666667
0.95 0.166666666666667
0.948717948717949 0.1875
0.948717948717949 0.1875
0.948717948717949 0.1875
0.948717948717949 0.1875
0.948717948717949 0.1875
0.948717948717949 0.1875
0.948717948717949 0.1875
0.948717948717949 0.1875
0.948717948717949 0.1875
0.948717948717949 0.1875
0.948717948717949 0.1875
0.948717948717949 0.1875
0.948717948717949 0.1875
0.948717948717949 0.1875
0.948717948717949 0.1875
0.948717948717949 0.1875
0.948717948717949 0.1875
0.948717948717949 0.1875
0.948717948717949 0.1875
0.948717948717949 0.1875
0.948717948717949 0.1875
0.948717948717949 0.1875
0.948717948717949 0.1875
0.948717948717949 0.1875
0.948717948717949 0.1875
0.948717948717949 0.1875
0.948717948717949 0.1875
0.948717948717949 0.1875
0.948717948717949 0.1875
0.948717948717949 0.1875
0.948717948717949 0.1875
0.948717948717949 0.1875
0.948717948717949 0.1875
0.948717948717949 0.1875
0.948717948717949 0.1875
0.948717948717949 0.1875
0.948717948717949 0.1875
0.948717948717949 0.1875
0.948717948717949 0.1875
0.948717948717949 0.1875
0.948717948717949 0.1875
0.948717948717949 0.1875
0.948717948717949 0.1875
0.948717948717949 0.1875
0.948717948717949 0.1875
0.948717948717949 0.1875
0.948717948717949 0.1875
0.947368421052632 0.208333333333333
0.947368421052632 0.208333333333333
0.947368421052632 0.208333333333333
0.947368421052632 0.208333333333333
0.947368421052632 0.208333333333333
0.947368421052632 0.208333333333333
0.947368421052632 0.208333333333333
0.947368421052632 0.208333333333333
0.947368421052632 0.208333333333333
0.947368421052632 0.208333333333333
0.947368421052632 0.208333333333333
0.947368421052632 0.208333333333333
0.947368421052632 0.208333333333333
0.947368421052632 0.208333333333333
0.947368421052632 0.208333333333333
0.947368421052632 0.208333333333333
0.947368421052632 0.208333333333333
0.947368421052632 0.208333333333333
0.947368421052632 0.208333333333333
0.947368421052632 0.208333333333333
0.947368421052632 0.208333333333333
0.947368421052632 0.208333333333333
0.947368421052632 0.208333333333333
0.947368421052632 0.208333333333333
0.947368421052632 0.208333333333333
0.947368421052632 0.208333333333333
0.947368421052632 0.208333333333333
0.923076923076923 0.1875
0.9 0.166666666666667
0.9 0.166666666666667
0.9 0.166666666666667
0.9 0.166666666666667
0.9 0.166666666666667
0.897435897435897 0.1875
0.897435897435897 0.1875
0.897435897435897 0.1875
0.897435897435897 0.1875
0.897435897435897 0.1875
0.897435897435897 0.1875
0.897435897435897 0.1875
0.897435897435897 0.1875
0.897435897435897 0.1875
0.894736842105263 0.208333333333333
0.871794871794872 0.1875
0.871794871794872 0.1875
0.871794871794872 0.1875
0.871794871794872 0.1875
0.871794871794872 0.1875
0.871794871794872 0.1875
0.871794871794872 0.1875
0.871794871794872 0.1875
0.871794871794872 0.1875
0.871794871794872 0.1875
0.871794871794872 0.1875
0.871794871794872 0.1875
0.871794871794872 0.1875
0.871794871794872 0.1875
0.871794871794872 0.1875
0.871794871794872 0.1875
0.871794871794872 0.1875
0.871794871794872 0.1875
0.871794871794872 0.1875
0.871794871794872 0.1875
0.871794871794872 0.1875
0.871794871794872 0.1875
0.871794871794872 0.1875
0.871794871794872 0.1875
0.871794871794872 0.1875
0.868421052631579 0.208333333333333
0.868421052631579 0.208333333333333
0.868421052631579 0.208333333333333
0.868421052631579 0.208333333333333
0.868421052631579 0.208333333333333
0.868421052631579 0.208333333333333
0.868421052631579 0.208333333333333
0.868421052631579 0.208333333333333
0.868421052631579 0.208333333333333
0.868421052631579 0.208333333333333
0.868421052631579 0.208333333333333
0.868421052631579 0.208333333333333
0.868421052631579 0.208333333333333
0.868421052631579 0.208333333333333
0.868421052631579 0.208333333333333
0.868421052631579 0.208333333333333
0.868421052631579 0.208333333333333
0.868421052631579 0.208333333333333
0.868421052631579 0.208333333333333
0.868421052631579 0.208333333333333
0.868421052631579 0.208333333333333
0.868421052631579 0.208333333333333
0.868421052631579 0.208333333333333
0.868421052631579 0.208333333333333
0.868421052631579 0.208333333333333
0.868421052631579 0.208333333333333
0.864864864864865 0.229166666666667
0.864864864864865 0.229166666666667
0.864864864864865 0.229166666666667
0.864864864864865 0.229166666666667
0.864864864864865 0.229166666666667
0.864864864864865 0.229166666666667
0.861111111111111 0.25
0.861111111111111 0.25
0.861111111111111 0.25
0.861111111111111 0.25
0.861111111111111 0.25
0.861111111111111 0.25
0.861111111111111 0.25
0.861111111111111 0.25
0.861111111111111 0.25
0.861111111111111 0.25
0.861111111111111 0.25
0.861111111111111 0.25
0.861111111111111 0.25
0.861111111111111 0.25
0.861111111111111 0.25
0.861111111111111 0.25
0.861111111111111 0.25
0.861111111111111 0.25
0.861111111111111 0.25
0.861111111111111 0.25
0.861111111111111 0.25
0.861111111111111 0.25
0.861111111111111 0.25
0.861111111111111 0.25
0.861111111111111 0.25
0.861111111111111 0.25
0.861111111111111 0.25
0.861111111111111 0.25
0.861111111111111 0.25
0.861111111111111 0.25
0.861111111111111 0.25
0.861111111111111 0.25
0.861111111111111 0.25
0.861111111111111 0.25
0.837837837837838 0.229166666666667
0.837837837837838 0.229166666666667
0.837837837837838 0.229166666666667
0.837837837837838 0.229166666666667
0.837837837837838 0.229166666666667
0.837837837837838 0.229166666666667
0.837837837837838 0.229166666666667
0.837837837837838 0.229166666666667
0.837837837837838 0.229166666666667
0.837837837837838 0.229166666666667
0.837837837837838 0.229166666666667
0.837837837837838 0.229166666666667
0.837837837837838 0.229166666666667
0.837837837837838 0.229166666666667
0.837837837837838 0.229166666666667
0.837837837837838 0.229166666666667
0.837837837837838 0.229166666666667
0.837837837837838 0.229166666666667
0.837837837837838 0.229166666666667
0.837837837837838 0.229166666666667
0.837837837837838 0.229166666666667
0.837837837837838 0.229166666666667
0.815789473684211 0.208333333333333
0.815789473684211 0.208333333333333
0.815789473684211 0.208333333333333
0.815789473684211 0.208333333333333
0.815789473684211 0.208333333333333
0.815789473684211 0.208333333333333
0.794871794871795 0.1875
0.794871794871795 0.1875
0.794871794871795 0.1875
0.794871794871795 0.1875
0.794871794871795 0.1875
0.794871794871795 0.1875
0.794871794871795 0.1875
0.775 0.166666666666667
0.775 0.166666666666667
0.775 0.166666666666667
0.775 0.166666666666667
0.775 0.166666666666667
0.775 0.166666666666667
0.775 0.166666666666667
0.775 0.166666666666667
0.775 0.166666666666667
0.775 0.166666666666667
0.775 0.166666666666667
0.775 0.166666666666667
0.775 0.166666666666667
0.775 0.166666666666667
0.775 0.166666666666667
0.775 0.166666666666667
0.775 0.166666666666667
0.775 0.166666666666667
0.775 0.166666666666667
0.775 0.166666666666667
0.775 0.166666666666667
0.775 0.166666666666667
0.775 0.166666666666667
0.775 0.166666666666667
0.775 0.166666666666667
0.75609756097561 0.145833333333333
0.75609756097561 0.145833333333333
0.75609756097561 0.145833333333333
0.75609756097561 0.145833333333333
0.75609756097561 0.145833333333333
0.75609756097561 0.145833333333333
0.75609756097561 0.145833333333333
0.75609756097561 0.145833333333333
0.75609756097561 0.145833333333333
0.75609756097561 0.145833333333333
0.75609756097561 0.145833333333333
0.75609756097561 0.145833333333333
0.75609756097561 0.145833333333333
0.75609756097561 0.145833333333333
0.75609756097561 0.145833333333333
0.75609756097561 0.145833333333333
0.75609756097561 0.145833333333333
0.75609756097561 0.145833333333333
0.75609756097561 0.145833333333333
0.75609756097561 0.145833333333333
0.75609756097561 0.145833333333333
0.75609756097561 0.145833333333333
0.75609756097561 0.145833333333333
0.75609756097561 0.145833333333333
0.75609756097561 0.145833333333333
0.75609756097561 0.145833333333333
0.75609756097561 0.145833333333333
0.75609756097561 0.145833333333333
0.75609756097561 0.145833333333333
0.75609756097561 0.145833333333333
0.75609756097561 0.145833333333333
0.75609756097561 0.145833333333333
0.75609756097561 0.145833333333333
0.738095238095238 0.125
0.738095238095238 0.125
0.738095238095238 0.125
0.738095238095238 0.125
0.738095238095238 0.125
0.738095238095238 0.125
0.738095238095238 0.125
0.738095238095238 0.125
0.738095238095238 0.125
0.738095238095238 0.125
0.738095238095238 0.125
0.738095238095238 0.125
0.738095238095238 0.125
0.738095238095238 0.125
0.738095238095238 0.125
0.738095238095238 0.125
0.738095238095238 0.125
0.738095238095238 0.125
0.738095238095238 0.125
0.731707317073171 0.145833333333333
0.731707317073171 0.145833333333333
0.731707317073171 0.145833333333333
0.731707317073171 0.145833333333333
0.731707317073171 0.145833333333333
0.731707317073171 0.145833333333333
0.731707317073171 0.145833333333333
0.731707317073171 0.145833333333333
0.731707317073171 0.145833333333333
0.731707317073171 0.145833333333333
0.731707317073171 0.145833333333333
0.731707317073171 0.145833333333333
0.731707317073171 0.145833333333333
0.731707317073171 0.145833333333333
0.731707317073171 0.145833333333333
0.731707317073171 0.145833333333333
0.714285714285714 0.125
0.714285714285714 0.125
0.714285714285714 0.125
0.714285714285714 0.125
0.714285714285714 0.125
0.714285714285714 0.125
0.714285714285714 0.125
0.714285714285714 0.125
0.714285714285714 0.125
0.714285714285714 0.125
0.714285714285714 0.125
0.714285714285714 0.125
0.714285714285714 0.125
0.714285714285714 0.125
0.714285714285714 0.125
0.714285714285714 0.125
0.714285714285714 0.125
0.714285714285714 0.125
0.714285714285714 0.125
0.707317073170732 0.145833333333333
0.707317073170732 0.145833333333333
0.707317073170732 0.145833333333333
0.682926829268293 0.145833333333333
0.682926829268293 0.145833333333333
0.682926829268293 0.145833333333333
0.682926829268293 0.145833333333333
0.682926829268293 0.145833333333333
0.666666666666667 0.125
0.666666666666667 0.125
0.666666666666667 0.125
0.666666666666667 0.125
0.666666666666667 0.125
0.666666666666667 0.125
0.666666666666667 0.125
0.666666666666667 0.125
0.666666666666667 0.125
0.666666666666667 0.125
0.666666666666667 0.125
0.666666666666667 0.125
0.666666666666667 0.125
0.666666666666667 0.125
0.666666666666667 0.125
0.666666666666667 0.125
0.666666666666667 0.125
0.651162790697674 0.104166666666667
0.651162790697674 0.104166666666667
0.651162790697674 0.104166666666667
0.651162790697674 0.104166666666667
0.651162790697674 0.104166666666667
0.651162790697674 0.104166666666667
0.651162790697674 0.104166666666667
0.651162790697674 0.104166666666667
0.651162790697674 0.104166666666667
0.651162790697674 0.104166666666667
0.651162790697674 0.104166666666667
0.651162790697674 0.104166666666667
0.651162790697674 0.104166666666667
0.651162790697674 0.104166666666667
0.651162790697674 0.104166666666667
0.651162790697674 0.104166666666667
0.636363636363636 0.0833333333333333
0.636363636363636 0.0833333333333333
0.636363636363636 0.0833333333333333
0.636363636363636 0.0833333333333333
0.622222222222222 0.0625
0.622222222222222 0.0625
0.622222222222222 0.0625
0.622222222222222 0.0625
0.622222222222222 0.0625
0.622222222222222 0.0625
0.622222222222222 0.0625
0.622222222222222 0.0625
0.613636363636364 0.0833333333333333
0.613636363636364 0.0833333333333333
0.613636363636364 0.0833333333333333
0.613636363636364 0.0833333333333333
0.613636363636364 0.0833333333333333
0.613636363636364 0.0833333333333333
0.613636363636364 0.0833333333333333
0.613636363636364 0.0833333333333333
0.613636363636364 0.0833333333333333
0.613636363636364 0.0833333333333333
0.613636363636364 0.0833333333333333
0.613636363636364 0.0833333333333333
0.613636363636364 0.0833333333333333
0.613636363636364 0.0833333333333333
0.613636363636364 0.0833333333333333
0.613636363636364 0.0833333333333333
0.613636363636364 0.0833333333333333
0.613636363636364 0.0833333333333333
0.604651162790698 0.104166666666667
0.604651162790698 0.104166666666667
0.604651162790698 0.104166666666667
0.595238095238095 0.125
0.595238095238095 0.125
0.595238095238095 0.125
0.595238095238095 0.125
0.595238095238095 0.125
0.595238095238095 0.125
0.595238095238095 0.125
0.595238095238095 0.125
0.595238095238095 0.125
0.595238095238095 0.125
0.595238095238095 0.125
0.595238095238095 0.125
0.595238095238095 0.125
0.595238095238095 0.125
0.585365853658537 0.145833333333333
0.585365853658537 0.145833333333333
0.585365853658537 0.145833333333333
0.575 0.166666666666667
0.575 0.166666666666667
0.575 0.166666666666667
0.564102564102564 0.1875
0.564102564102564 0.1875
0.564102564102564 0.1875
0.564102564102564 0.1875
0.564102564102564 0.1875
0.564102564102564 0.1875
0.564102564102564 0.1875
0.564102564102564 0.1875
0.564102564102564 0.1875
0.564102564102564 0.1875
0.564102564102564 0.1875
0.564102564102564 0.1875
0.564102564102564 0.1875
0.564102564102564 0.1875
0.564102564102564 0.1875
0.564102564102564 0.1875
0.564102564102564 0.1875
0.564102564102564 0.1875
0.564102564102564 0.1875
0.564102564102564 0.1875
0.564102564102564 0.1875
0.564102564102564 0.1875
0.564102564102564 0.1875
0.564102564102564 0.1875
0.564102564102564 0.1875
0.564102564102564 0.1875
0.564102564102564 0.1875
0.564102564102564 0.1875
0.564102564102564 0.1875
0.552631578947368 0.208333333333333
0.552631578947368 0.208333333333333
0.538461538461538 0.1875
0.538461538461538 0.1875
0.538461538461538 0.1875
0.538461538461538 0.1875
0.538461538461538 0.1875
0.538461538461538 0.1875
0.538461538461538 0.1875
0.538461538461538 0.1875
0.538461538461538 0.1875
0.538461538461538 0.1875
0.538461538461538 0.1875
0.538461538461538 0.1875
0.538461538461538 0.1875
0.538461538461538 0.1875
0.538461538461538 0.1875
0.538461538461538 0.1875
0.538461538461538 0.1875
0.538461538461538 0.1875
0.525 0.166666666666667
0.51219512195122 0.145833333333333
0.51219512195122 0.145833333333333
0.51219512195122 0.145833333333333
0.51219512195122 0.145833333333333
0.51219512195122 0.145833333333333
0.51219512195122 0.145833333333333
0.51219512195122 0.145833333333333
0.51219512195122 0.145833333333333
0.51219512195122 0.145833333333333
0.51219512195122 0.145833333333333
0.51219512195122 0.145833333333333
0.51219512195122 0.145833333333333
0.51219512195122 0.145833333333333
0.51219512195122 0.145833333333333
0.51219512195122 0.145833333333333
0.51219512195122 0.145833333333333
0.51219512195122 0.145833333333333
0.51219512195122 0.145833333333333
0.51219512195122 0.145833333333333
0.51219512195122 0.145833333333333
0.51219512195122 0.145833333333333
0.51219512195122 0.145833333333333
0.5 0.166666666666667
0.5 0.166666666666667
0.5 0.166666666666667
0.48780487804878 0.145833333333333
0.48780487804878 0.145833333333333
0.475 0.166666666666667
0.475 0.166666666666667
0.475 0.166666666666667
0.461538461538462 0.1875
0.461538461538462 0.1875
0.461538461538462 0.1875
0.45 0.166666666666667
0.45 0.166666666666667
0.439024390243902 0.145833333333333
0.439024390243902 0.145833333333333
0.439024390243902 0.145833333333333
0.439024390243902 0.145833333333333
0.439024390243902 0.145833333333333
0.439024390243902 0.145833333333333
0.439024390243902 0.145833333333333
0.428571428571429 0.125
0.418604651162791 0.104166666666667
0.418604651162791 0.104166666666667
0.409090909090909 0.0833333333333333
0.409090909090909 0.0833333333333333
0.409090909090909 0.0833333333333333
0.409090909090909 0.0833333333333333
0.409090909090909 0.0833333333333333
0.409090909090909 0.0833333333333333
0.409090909090909 0.0833333333333333
0.409090909090909 0.0833333333333333
0.395348837209302 0.104166666666667
0.395348837209302 0.104166666666667
0.395348837209302 0.104166666666667
0.395348837209302 0.104166666666667
0.395348837209302 0.104166666666667
0.395348837209302 0.104166666666667
0.386363636363636 0.0833333333333333
0.386363636363636 0.0833333333333333
0.386363636363636 0.0833333333333333
0.386363636363636 0.0833333333333333
0.386363636363636 0.0833333333333333
0.386363636363636 0.0833333333333333
0.372093023255814 0.104166666666667
0.372093023255814 0.104166666666667
0.372093023255814 0.104166666666667
0.372093023255814 0.104166666666667
0.372093023255814 0.104166666666667
0.372093023255814 0.104166666666667
0.372093023255814 0.104166666666667
0.372093023255814 0.104166666666667
0.372093023255814 0.104166666666667
0.372093023255814 0.104166666666667
0.372093023255814 0.104166666666667
0.372093023255814 0.104166666666667
0.372093023255814 0.104166666666667
0.372093023255814 0.104166666666667
0.372093023255814 0.104166666666667
0.372093023255814 0.104166666666667
0.363636363636364 0.0833333333333333
0.348837209302326 0.104166666666667
0.340909090909091 0.0833333333333333
0.340909090909091 0.0833333333333333
0.333333333333333 0.0625
0.333333333333333 0.0625
0.333333333333333 0.0625
0.333333333333333 0.0625
0.333333333333333 0.0625
0.333333333333333 0.0625
0.333333333333333 0.0625
0.333333333333333 0.0625
0.333333333333333 0.0625
0.333333333333333 0.0625
0.333333333333333 0.0625
0.333333333333333 0.0625
0.333333333333333 0.0625
0.326086956521739 0.0416666666666667
0.326086956521739 0.0416666666666667
0.326086956521739 0.0416666666666667
0.326086956521739 0.0416666666666667
0.326086956521739 0.0416666666666667
0.326086956521739 0.0416666666666667
0.326086956521739 0.0416666666666667
0.319148936170213 0.0208333333333333
0.319148936170213 0.0208333333333333
0.319148936170213 0.0208333333333333
0.319148936170213 0.0208333333333333
0.304347826086957 0.0416666666666667
0.304347826086957 0.0416666666666667
0.304347826086957 0.0416666666666667
0.304347826086957 0.0416666666666667
0.288888888888889 0.0625
0.272727272727273 0.0833333333333333
0.272727272727273 0.0833333333333333
0.25 0.0833333333333333
0.214285714285714 0.125
0.214285714285714 0.125
0.214285714285714 0.125
0.175 0.166666666666667
0.175 0.166666666666667
0.175 0.166666666666667
0.175 0.166666666666667
0.175 0.166666666666667
0.175 0.166666666666667
0.175 0.166666666666667
0.131578947368421 0.208333333333333
0.131578947368421 0.208333333333333
0.131578947368421 0.208333333333333
0.131578947368421 0.208333333333333
0.131578947368421 0.208333333333333
0.108108108108108 0.229166666666667
0.0810810810810811 0.229166666666667
0.0285714285714286 0.270833333333333
0.0277777777777778 0.25
0.027027027027027 0.229166666666667
0.0263157894736842 0.208333333333333
0.025 0.166666666666667
0 0.1875
0 0.145833333333333
0 0.145833333333333
0 0.145833333333333
0 0.145833333333333
0 0.145833333333333
0 0.104166666666667
0 0.104166666666667
0 0.104166666666667
0 0.0833333333333333
0 0.0625
0 0.0208333333333333
0 0.0208333333333333
0 0.0208333333333333
0 0.0208333333333333
0 0
0 0
0 0
0 0
0 0
0 0
0 0
0 0
0 0
0 0
0 0
0 0
0 0
0 0
0 0
0 0
0 0
0 0
0 0
0 0
