0 0.020033563499835
0.0334448160535117 0.0205373050898664
0.0668896321070234 0.021053441077196
0.100334448160535 0.021582262583213
0.133779264214047 0.0221240668639057
0.167224080267559 0.0226791574029167
0.20066889632107 0.0232478440040251
0.234113712374582 0.0238304428829169
0.267558528428094 0.0244272767580934
0.301003344481605 0.0250386749407625
0.334448160535117 0.0256649734235467
0.367892976588629 0.0263065149678335
0.40133779264214 0.0269636491895848
0.434782608695652 0.0276367326434116
0.468227424749164 0.0283261289047103
0.501672240802676 0.0290322086496478
0.535117056856187 0.0297553497327705
0.568561872909699 0.0304959372620023
0.602006688963211 0.0312543636707847
0.635451505016722 0.032031028787102
0.668896321070234 0.0328263398991211
0.702341137123746 0.0336407118171639
0.735785953177257 0.0344745669317183
0.769230769230769 0.0353283352671813
0.802675585284281 0.0362024545310121
0.836120401337793 0.037097370157965
0.869565217391304 0.0380135353490524
0.903010033444816 0.0389514111048804
0.936454849498328 0.0399114662529795
0.969899665551839 0.0408941774687461
1.00334448160535 0.0419000292895886
1.03678929765886 0.0429295141218641
1.07023411371237 0.0439831322401734
1.10367892976589 0.0450613917785696
1.1371237458194 0.0461648087132194
1.17056856187291 0.0472939068360445
1.20401337792642 0.0484492177188532
1.23745819397993 0.0496312806674608
1.27090301003344 0.0508406426652813
1.30434782608696 0.0520778583058619
1.33779264214047 0.0533434897138148
1.37123745819398 0.0546381064535915
1.40468227424749 0.0559622854255305
1.438127090301 0.0573166107485977
1.47157190635451 0.0587016736292263
1.50501672240803 0.0601180722156562
1.53846153846154 0.0615664114371582
1.57190635451505 0.0630473028275235
1.60535117056856 0.0645613643321892
1.63879598662207 0.0661092200983643
1.67224080267559 0.0676915002475158
1.7056856187291 0.0693088406295701
1.73913043478261 0.0709618825581827
1.77257525083612 0.0726512725264278
1.80602006688963 0.0743776619022617
1.83946488294314 0.0761417066031154
1.87290969899666 0.0779440667489773
1.90635451505017 0.0797854062933355
1.93979933110368 0.0816663926313559
1.97324414715719 0.0835876961846879
2.0066889632107 0.0855499899623014
2.04013377926421 0.0875539490967793
2.07357859531773 0.0896002503555079
2.10702341137124 0.0916895716262341
2.14046822742475 0.0938225913764844
2.17391304347826 0.0959999880863709
2.20735785953177 0.0982224396543471
2.24080267558528 0.100490622775512
2.2742474916388 0.102805212292103
2.30769230769231 0.105166880515874
2.34113712374582 0.107576296522082
2.37458193979933 0.110034125414904
2.40802675585284 0.112541027564113
2.44147157190635 0.11509765781295
2.47491638795987 0.117704664657183
2.50836120401338 0.120362689395404
2.54180602006689 0.123072365250725
2.5752508361204 0.125834316464094
2.60869565217391 0.128649157359543
2.64214046822742 0.131517491381797
2.67558528428094 0.134439910106733
2.70903010033445 0.137416992225332
2.74247491638796 0.140449302501824
2.77591973244147 0.143537390706883
2.80936454849498 0.146681790526815
2.84280936454849 0.14988301844983
2.87625418060201 0.153141572630602
2.90969899665552 0.15645793173444
2.94314381270903 0.159832553762567
2.97658862876254 0.16326587486008
3.01003344481605 0.166758308108373
3.04347826086956 0.170310242303884
3.07692307692308 0.17392204072521
3.11036789297659 0.177594039890767
3.1438127090301 0.18132654830932
3.17725752508361 0.185119845225829
3.21070234113712 0.18897417936526
3.24414715719064 0.192889767677069
3.27759197324415 0.196866794083294
3.31103678929766 0.200905408233255
3.34448160535117 0.205005724268045
3.37792642140468 0.209167819598088
3.41137123745819 0.21339173369719
3.44481605351171 0.217677466916596
3.47826086956522 0.222024979322705
3.51170568561873 0.226434189562151
3.54515050167224 0.23090497375809
3.57859531772575 0.235437164441579
3.61204013377926 0.240030549522006
3.64548494983278 0.244684871300582
3.67892976588629 0.24939982553095
3.7123745819398 0.254175060530966
3.74581939799331 0.259010176349744
3.77926421404682 0.263904723994016
3.81270903010033 0.268858204717847
3.84615384615385 0.273870069379695
3.87959866220736 0.278939717870723
3.91304347826087 0.284066498618215
3.94648829431438 0.28924970816781
3.97993311036789 0.294488590848145
4.0133779264214 0.299782338521377
4.04682274247492 0.305130090422843
4.08026755852843 0.310530933092949
4.11371237458194 0.315983900404174
4.14715719063545 0.321487973685813
4.18060200668896 0.327042081948863
4.21404682274247 0.332645102213157
4.24749163879599 0.338295859938568
4.2809364548495 0.343993129561802
4.31438127090301 0.349735635139962
4.34782608695652 0.355522051101718
4.38127090301003 0.361351003106582
4.41471571906354 0.367221069012387
4.44816053511706 0.373130779950719
4.48160535117057 0.37907862150963
4.51505016722408 0.385063035022593
4.54849498327759 0.391082418962226
4.5819397993311 0.397135130436942
4.61538461538461 0.40321948678823
4.64882943143813 0.409333767285923
4.68227424749164 0.415476214918345
4.71571906354515 0.421645038273901
4.74916387959866 0.42783841351022
4.78260869565217 0.434054486406651
4.81605351170569 0.440291374495498
4.8494983277592 0.446547169267072
4.88294314381271 0.452819938443288
4.91638795986622 0.459107728314241
4.94983277591973 0.465408566131906
4.98327759197324 0.471720462554853
5.01672240802676 0.478041414137623
5.05016722408027 0.484369405858218
5.08361204013378 0.490702413676976
5.11705685618729 0.497038407119961
5.1505016722408 0.503375351879868
5.18394648829431 0.509711212427386
5.21739130434783 0.516043954625901
5.25083612040134 0.522371548342383
5.28428093645485 0.528691970047374
5.31772575250836 0.535003205396984
5.35117056856187 0.541303251789923
5.38461538461538 0.54759012089271
5.4180602006689 0.553861841126332
5.45150501672241 0.560116460107812
5.48494983277592 0.56635204704037
5.51839464882943 0.572566695046059
5.55183946488294 0.578758523435055
5.58528428093645 0.584925679906045
5.61872909698997 0.591066342672469
5.65217391304348 0.597178722509705
5.68561872909699 0.603261064718632
5.7190635451505 0.609311651001345
5.75250836120401 0.615328801245227
5.78595317725753 0.621310875211896
5.81939799331104 0.627256274127997
5.85284280936455 0.633163442175195
5.88628762541806 0.639030867877115
5.91973244147157 0.644857085381392
5.95317725752508 0.650640675635414
5.9866220735786 0.656380267454719
6.02006688963211 0.662074538483409
6.05351170568562 0.667722216046365
6.08695652173913 0.673322077893367
6.12040133779264 0.678872952835661
6.15384615384615 0.684373721275813
6.18729096989967 0.689823315632073
6.22073578595318 0.695220720658771
6.25418060200669 0.700564973664598
6.2876254180602 0.705855164630889
6.32107023411371 0.711090436232337
6.35451505016722 0.716269983762766
6.38795986622074 0.721393054968878
6.42140468227425 0.72645894979506
6.45484949832776 0.731467020042548
6.48829431438127 0.736416668946397
6.52173913043478 0.741307350673873
6.55518394648829 0.746138569748009
6.58862876254181 0.750909880400135
6.62207357859532 0.755620885855339
6.65551839464883 0.760271237554829
6.68896321070234 0.764860634319246
6.72240802675585 0.769388821456979
6.75585284280936 0.773855589821575
6.78929765886288 0.778260774822293
6.82274247491639 0.782604255391867
6.8561872909699 0.786885952915467
6.88963210702341 0.791105830124834
6.92307692307692 0.795263889961462
6.95652173913043 0.799360174412648
6.98996655518395 0.803394763324139
7.02341137123746 0.807367773192994
7.05685618729097 0.811279355944193
7.09030100334448 0.815129697694384
7.12374581939799 0.81891901750606
7.1571906354515 0.822647566135319
7.19063545150502 0.826315624776225
7.22408026755853 0.829923503804662
7.25752508361204 0.833471541524414
7.29096989966555 0.836960102918084
7.32441471571906 0.840389578405297
7.35785953177257 0.843760382610521
7.39130434782609 0.847072953142636
7.4247491638796 0.850327749388321
7.45819397993311 0.853525251321094
7.49163879598662 0.856665958327769
7.52508361204013 0.859750388053926
7.55852842809364 0.862779075269841
7.59197324414716 0.865752570758223
7.62541806020067 0.868671440224936
7.65886287625418 0.871536263233795
7.69230769230769 0.874347632166376
7.7257525083612 0.877106151207671
7.75919732441471 0.879812435358308
7.79264214046823 0.882467109473944
7.82608695652174 0.885070807332344
7.85953177257525 0.88762417072853
7.89297658862876 0.890127848598345
7.92642140468227 0.892582496170625
7.95986622073579 0.894988774148136
7.9933110367893 0.897347347917325
8.02675585284281 0.899658886786885
8.06020066889632 0.90192406325503
8.09364548494983 0.904143552305354
8.12709030100334 0.906318030731045
8.16053511705686 0.908448176487207
8.19397993311037 0.910534668070971
8.22742474916388 0.912578183929023
8.26086956521739 0.914579401892166
8.2943143812709 0.916538998636462
8.32775919732441 0.918457649170473
8.36120401337793 0.920336026348111
8.39464882943144 0.922174800406552
8.42809364548495 0.92397463852865
8.46153846153846 0.925736204429292
8.49498327759197 0.927460157965082
8.52842809364548 0.92914715476674
8.561872909699 0.930797845893621
8.59531772575251 0.932412877509679
8.62876254180602 0.933992890580277
8.66220735785953 0.935538520589171
8.69565217391304 0.93705039727504
8.72909698996656 0.938529144386897
8.76254180602007 0.939975379457749
8.79598662207358 0.941389713595849
8.82943143812709 0.942772751292915
8.8628762541806 0.944125090248662
8.89632107023411 0.945447321211032
8.92976588628762 0.9467400278315
8.96321070234114 0.948003786534841
8.99665551839465 0.949239166402752
9.03010033444816 0.950446729070756
9.06354515050167 0.951627028637782
9.09698996655518 0.952780611587871
9.1304347826087 0.953908016723453
9.16387959866221 0.955009775109638
9.19732441471572 0.956086410029007
9.23076923076923 0.957138436946382
9.26421404682274 0.958166363483067
9.29765886287625 0.959170689400087
9.33110367892977 0.960151906589931
9.36454849498328 0.961110499076369
9.39799331103679 0.962046943021862
9.4314381270903 0.962961706742174
9.46488294314381 0.963855250727735
9.49832775919732 0.964728027671381
9.53177257525084 0.965580482502066
9.56521739130435 0.966413052424179
9.59866220735786 0.96722616696211
9.63210702341137 0.968020248009715
9.66555183946488 0.968795709884341
9.69899665551839 0.969552959385111
9.73244147157191 0.970292395855143
9.76588628762542 0.971014411247419
9.79933110367893 0.971719390194019
9.83277591973244 0.972407710078461
9.86622073578595 0.973079741110872
9.89966555183946 0.973735846405762
9.93311036789298 0.974376382062156
9.96655518394649 0.975001697245861
10 0.975612134273663
