0 0.0157982954031546
0.0334448160535117 0.0162068916688154
0.0668896321070234 0.0166258770709961
0.100334448160535 0.0170555064247518
0.133779264214047 0.017496040306277
0.167224080267559 0.0179477451573497
0.20066889632107 0.0184108933902445
0.234113712374582 0.018885763493025
0.267558528428094 0.0193726401351153
0.301003344481605 0.019871814273047
0.334448160535117 0.0203835832562684
0.367892976588629 0.0209082509328969
0.40133779264214 0.021446127755286
0.434782608695652 0.0219975308852709
0.468227424749164 0.0225627842989491
0.501672240802676 0.0231422188908405
0.535117056856187 0.0237361725772657
0.568561872909699 0.0243449903987693
0.602006688963211 0.0249690246214055
0.635451505016722 0.0256086348366921
0.668896321070234 0.026264188060031
0.702341137123746 0.0269360588273777
0.735785953177257 0.0276246292899346
0.769230769230769 0.0283302893066288
0.802675585284281 0.0290534365341234
0.836120401337793 0.0297944765140981
0.869565217391304 0.0305538227575229
0.903010033444816 0.0313318968256326
0.936454849498328 0.0321291284072997
0.969899665551839 0.0329459553924849
1.00334448160535 0.0337828239414334
1.03678929765886 0.0346401885492666
1.07023411371237 0.0355185121056071
1.10367892976589 0.0364182659488555
1.1371237458194 0.037339929914726
1.17056856187291 0.0382839923786256
1.20401337792642 0.0392509502914514
1.23745819397993 0.0402413092083595
1.27090301003344 0.0412555833100429
1.30434782608696 0.0422942954160402
1.33779264214047 0.0433579769895786
1.37123745819398 0.044447168133435
1.40468227424749 0.0455624175762882
1.438127090301 0.0467042826490093
1.47157190635451 0.0478733292503269
1.50501672240803 0.0490701318012838
1.53846153846154 0.0502952731878846
1.57190635451505 0.0515493446913185
1.60535117056856 0.0528329459051232
1.63879598662207 0.0541466846386429
1.67224080267559 0.055491176806115
1.7056856187291 0.0568670463007076
1.73913043478261 0.0582749248528151
1.77257525083612 0.0597154518719066
1.80602006688963 0.0611892742712084
1.83946488294314 0.0626970462744935
1.87290969899666 0.0642394292042384
1.90635451505017 0.0658170912504012
1.93979933110368 0.0674307072190668
1.97324414715719 0.0690809582602009
2.0066889632107 0.0707685315737506
2.04013377926421 0.0724941200933274
2.07357859531773 0.0742584221467107
2.10702341137124 0.0760621410924131
2.14046822742475 0.0779059849315513
2.17391304347826 0.0797906658942803
2.20735785953177 0.0817169000000556
2.24080267558528 0.0836854065910042
2.2742474916388 0.0856969078377042
2.30769230769231 0.0877521282166919
2.34113712374582 0.0898517939590434
2.37458193979933 0.0919966324694043
2.40802675585284 0.0941873717148763
2.44147157190635 0.0964247395832065
2.47491638795987 0.0987094632097682
2.50836120401338 0.101042268272869
2.54180602006689 0.103423878256972
2.5752508361204 0.105855013683482
2.60869565217391 0.108336391308795
2.64214046822742 0.110868723289396
2.67558528428094 0.113452716313856
2.70903010033445 0.116089070701648
2.74247491638796 0.118778479468815
2.77591973244147 0.121521627360584
2.80936454849498 0.124319189851141
2.84280936454849 0.127171832110872
2.87625418060201 0.130080207941498
2.90969899665552 0.13304495867963
2.94314381270903 0.136066712069416
2.97658862876254 0.13914608110506
3.01003344481605 0.142283662844138
3.04347826086956 0.145480037192776
3.07692307692308 0.148735765663896
3.11036789297659 0.152051390109883
3.1438127090301 0.155427431431204
3.17725752508361 0.158864388262631
3.21070234113712 0.162362735638926
3.24414715719064 0.165922923641983
3.27759197324415 0.169545376031597
3.31103678929766 0.173230488862231
3.34448160535117 0.176978629088271
3.37792642140468 0.180790133160499
3.41137123745819 0.184665305616631
3.44481605351171 0.188604417668982
3.47826086956522 0.19260770579247
3.51170568561873 0.196675370316351
3.54515050167224 0.200807574023233
3.57859531772575 0.205004440759095
3.61204013377926 0.209266054058166
3.64548494983278 0.213592455786695
3.67892976588629 0.217983644809749
3.7123745819398 0.222439575685346
3.74581939799331 0.226960157390299
3.77926421404682 0.231545252082296
3.81270903010033 0.236194673902802
3.84615384615385 0.240908187825462
3.87959866220736 0.245685508554738
3.91304347826087 0.250526299479548
3.94648829431438 0.255430171686712
3.97993311036789 0.26039668303901
4.0133779264214 0.265425337322617
4.04682274247492 0.270515583468684
4.08026755852843 0.275666814853713
4.11371237458194 0.280878368683348
4.14715719063545 0.286149525464038
4.18060200668896 0.291479508566926
4.21404682274247 0.296867483888132
4.24749163879599 0.302312559609427
4.2809364548495 0.307813786063069
4.31438127090301 0.313370155704326
4.34782608695652 0.318980603194955
4.38127090301003 0.324644005600606
4.41471571906354 0.330359182704798
4.44816053511706 0.336124897441793
4.48160535117057 0.341939856450288
4.51505016722408 0.347802710749514
4.54849498327759 0.353712056538875
4.5819397993311 0.359666436121864
4.61538461538461 0.365664338954549
4.64882943143813 0.371704202818447
4.68227424749164 0.377784415117167
4.71571906354515 0.383903314295707
4.74916387959866 0.390059191380789
4.78260869565217 0.396250291640185
4.81605351170569 0.40247481635841
4.8494983277592 0.408730924725764
4.88294314381271 0.415016735837133
4.91638795986622 0.421330330796552
4.94983277591973 0.427669754923017
4.98327759197324 0.434033020052605
5.01672240802676 0.440418106931519
5.05016722408027 0.446822967694255
5.08361204013378 0.453245528420693
5.11705685618729 0.459683691765544
5.1505016722408 0.466135339653257
5.18394648829431 0.472598336031145
5.21739130434783 0.47907052967325
5.25083612040134 0.485549757027198
5.28428093645485 0.49203384509608
5.31772575250836 0.498520614347258
5.35117056856187 0.505007881639822
5.38461538461538 0.511493463162364
5.4180602006689 0.517975177372667
5.45150501672241 0.524450847930907
5.48494983277592 0.530918306617998
5.51839464882943 0.537375396230763
5.55183946488294 0.543819973445768
5.58528428093645 0.550249911643763
5.61872909698997 0.556663103686898
5.65217391304348 0.563057464641092
5.68561872909699 0.569430934436216
5.7190635451505 0.575781480457013
5.75250836120401 0.582107100058061
5.78595317725753 0.588405822996374
5.81939799331104 0.594675713775692
5.85284280936455 0.600914873896855
5.88628762541806 0.607121444009127
5.91973244147157 0.613293605957764
5.95317725752508 0.61942958472358
5.9866220735786 0.625527650250749
6.02006688963211 0.631586119159551
6.05351170568562 0.637603356341262
6.08695652173913 0.643577776432889
6.12040133779264 0.649507845169908
6.15384615384615 0.655392080615705
6.18729096989967 0.661229054266834
6.22073578595318 0.667017392033741
6.25418060200669 0.672755775097019
6.2876254180602 0.67844294063973
6.32107023411371 0.68407768245676
6.35451505016722 0.689658851442572
6.38795986622074 0.695185355959144
6.42140468227425 0.700656162086233
6.45484949832776 0.706070293756462
6.48829431438127 0.711426832778058
6.52173913043478 0.716724918748379
6.55518394648829 0.721963748861644
6.58862876254181 0.727142577614515
6.62207357859532 0.732260716413446
6.65551839464883 0.737317533087876
6.68896321070234 0.74231245131355
6.72240802675585 0.747244949950375
6.75585284280936 0.75211456229936
6.78929765886288 0.756920875283287
6.82274247491639 0.761663528555812
6.8561872909699 0.766342213543791
6.88963210702341 0.770956672427594
6.92307692307692 0.775506697064238
6.95652173913043 0.779992127858109
6.98996655518395 0.78441285258403
7.02341137123746 0.788768805167387
7.05685618729097 0.793059964425934
7.09030100334448 0.797286352777835
7.12374581939799 0.801448034920391
7.1571906354515 0.805545116483789
7.19063545150502 0.809577742664093
7.22408026755853 0.813546096839545
7.25752508361204 0.817450399174133
7.29096989966555 0.821290905212195
7.32441471571906 0.825067904467692
7.35785953177257 0.828781719011617
7.39130434782609 0.832432702060841
7.4247491638796 0.836021236571505
7.45819397993311 0.839547733839928
7.49163879598662 0.843012632113799
7.52508361204013 0.846416395216259
7.55852842809364 0.849759511185297
7.59197324414716 0.853042490930717
7.62541806020067 0.856265866910754
7.65886287625418 0.859430191830268
7.69230769230769 0.862536037362235
7.7257525083612 0.865583992894163
7.75919732441471 0.868574664300816
7.79264214046823 0.871508672744565
7.82608695652174 0.874386653504457
7.85953177257525 0.877209254835024
7.89297658862876 0.879977136855646
7.92642140468227 0.882690970471214
7.95986622073579 0.885351436324664
7.9933110367893 0.887959223781873
8.02675585284281 0.890515029949263
8.06020066889632 0.893019558724372
8.09364548494983 0.895473519879548
8.12709030100334 0.897877628178818
8.16053511705686 0.900232602527895
8.19397993311037 0.902539165157232
8.22742474916388 0.904798040837902
8.26086956521739 0.907009956130073
8.2943143812709 0.909175638663725
8.32775919732441 0.911295816451243
8.36120401337793 0.913371217231431
8.39464882943144 0.915402567844468
8.42809364548495 0.917390593637257
8.46153846153846 0.919336017898609
8.49498327759197 0.921239561323632
8.52842809364548 0.923101941506704
8.561872909699 0.924923872462343
8.59531772575251 0.926706064173293
8.62876254180602 0.928449222165115
8.66220735785953 0.930154047106542
8.69565217391304 0.931821234434884
8.72909698996656 0.933451474005698
8.76254180602007 0.935045449766002
8.79598662207358 0.936603839450239
8.82943143812709 0.938127314298258
8.8628762541806 0.939616538794517
8.89632107023411 0.941072170427779
8.92976588628762 0.942494859470522
8.96321070234114 0.94388524877732
8.99665551839465 0.945243973601461
9.03010033444816 0.94657166142905
9.06354515050167 0.947868931829898
9.09698996655518 0.949136396324461
9.1304347826087 0.950374658266153
9.16387959866221 0.951584312738327
9.19732441471572 0.952765946465277
9.23076923076923 0.953920137736576
9.26421404682274 0.955047456344143
9.29765886287625 0.956148463531381
9.33110367892977 0.957223711953809
9.36454849498328 0.958273745650575
9.39799331103679 0.959299100026292
9.4314381270903 0.960300301842624
9.46488294314381 0.961277869219102
9.49832775919732 0.962232311642629
9.53177257525084 0.963164129985191
9.56521739130435 0.964073816529262
9.59866220735786 0.964961855000453
9.63210702341137 0.965828720606946
9.66555183946488 0.966674880085272
9.69899665551839 0.967500791752019
9.73244147157191 0.968306905561066
9.76588628762542 0.969093663165957
9.79933110367893 0.969861497987041
9.83277591973244 0.970610835283024
9.86622073578595 0.971342092226591
9.89966555183946 0.97205567798378
9.93311036789298 0.97275199379679
9.96655518394649 0.973431433069917
10 0.974094381458363
