0 0.0240420513510659
0.0334448160535117 0.0246376039619999
0.0668896321070234 0.0252475275366999
0.100334448160535 0.0258721497418138
0.133779264214047 0.02651180475856
0.167224080267559 0.0271668333635687
0.20066889632107 0.0278375830080345
0.234113712374582 0.0285244078949893
0.267558528428094 0.029227669054493
0.301003344481605 0.0299477344165318
0.334448160535117 0.0306849788814032
0.367892976588629 0.0314397843873537
0.40133779264214 0.0322125399752308
0.434782608695652 0.0330036418498915
0.468227424749164 0.0338134934381068
0.501672240802676 0.0346425054426833
0.535117056856187 0.0354910958925162
0.568561872909699 0.0363596901882724
0.602006688963211 0.0372487211433933
0.635451505016722 0.0381586290200921
0.668896321070234 0.0390898615600093
0.702341137123746 0.0400428740091761
0.735785953177257 0.0410181291369243
0.769230769230769 0.0420160972483667
0.802675585284281 0.0430372561900585
0.836120401337793 0.0440820913484394
0.869565217391304 0.0451510956406405
0.903010033444816 0.0462447694972278
0.936454849498328 0.0473636208364409
0.969899665551839 0.0485081650294722
1.00334448160535 0.0496789248563203
1.03678929765886 0.0508764304517354
1.07023411371237 0.0521012192407654
1.10367892976589 0.0533538358633978
1.1371237458194 0.0546348320877792
1.17056856187291 0.0559447667114861
1.20401337792642 0.0572842054503057
1.23745819397993 0.0586537208139795
1.27090301003344 0.0600538919683482
1.30434782608696 0.0614853045833314
1.33779264214047 0.0629485506661653
1.37123745819398 0.0644442283793147
1.40468227424749 0.0659729418424708
1.438127090301 0.0675353009180389
1.47157190635451 0.0691319209795193
1.50501672240803 0.0707634226621793
1.53846153846154 0.0724304315954165
1.57190635451505 0.0741335781162117
1.60535117056856 0.0758734969630728
1.63879598662207 0.0776508269498779
1.67224080267559 0.0794662106190274
1.7056856187291 0.0813202938733287
1.73913043478261 0.0832137255860446
1.77257525083612 0.0851471571885495
1.80602006688963 0.0871212422350567
1.83946488294314 0.0891366359438949
1.87290969899666 0.0911939947148363
1.90635451505017 0.0932939756220011
1.93979933110368 0.0954372358818932
1.97324414715719 0.0976244322961503
2.0066889632107 0.09985622066863
2.04013377926421 0.102133255196487
2.07357859531773 0.104456187834943
2.10702341137124 0.106825667635491
2.14046822742475 0.109242340057339
2.17391304347826 0.111706846251926
2.20735785953177 0.114219822320434
2.24080267558528 0.116781898544258
2.2742474916388 0.119393698588473
2.30769230769231 0.122055838678406
2.34113712374582 0.124768926749498
2.37458193979933 0.127533561570722
2.40802675585284 0.130350331841906
2.44147157190635 0.133219815265399
2.47491638795987 0.136142577592621
2.50836120401338 0.139119171646118
2.54180602006689 0.142150136317867
2.5752508361204 0.145235995544663
2.60869565217391 0.148377257261555
2.64214046822742 0.151574412334376
2.67558528428094 0.154827933472578
2.70903010033445 0.158138274123657
2.74247491638796 0.161505867350614
2.77591973244147 0.164931124694002
2.80936454849498 0.168414435020248
2.84280936454849 0.171956163358076
2.87625418060201 0.175556649724971
2.90969899665552 0.179216207945774
2.94314381270903 0.182935124465628
2.97658862876254 0.18671365715962
3.01003344481605 0.190552034141602
3.04347826086956 0.194450452574813
3.07692307692308 0.198409077487018
3.11036789297659 0.202428040593065
3.1438127090301 0.206507439127799
3.17725752508361 0.210647334692476
3.21070234113712 0.214847752117857
3.24414715719064 0.219108678347296
3.27759197324415 0.22343006134325
3.31103678929766 0.227811809020674
3.34448160535117 0.232253788210892
3.37792642140468 0.236755823659573
3.41137123745819 0.241317697062505
3.44481605351171 0.245939146142901
3.47826086956522 0.250619863774004
3.51170568561873 0.255359497150766
3.54515050167224 0.260157647014391
3.57859531772575 0.265013866933507
3.61204013377926 0.269927662645687
3.64548494983278 0.274898491463034
3.67892976588629 0.279925761745433
3.7123745819398 0.285008832445007
3.74581939799331 0.290147012725224
3.77926421404682 0.295339561657957
3.81270903010033 0.300585688001684
3.84615384615385 0.305884550063818
3.87959866220736 0.311235255650032
3.91304347826087 0.316636862103186
3.94648829431438 0.322088376434294
3.97993311036789 0.327588755547704
4.0133779264214 0.33313690656243
4.04682274247492 0.338731687231288
4.08026755852843 0.344371906459209
4.11371237458194 0.350056324921808
4.14715719063545 0.355783655784957
4.18060200668896 0.361552565525789
4.21404682274247 0.367361674855223
4.24749163879599 0.373209559741734
4.2809364548495 0.37909475253576
4.31438127090301 0.38501574319374
4.34782608695652 0.390970980600432
4.38127090301003 0.396958873987785
4.41471571906354 0.402977794448246
4.44816053511706 0.409026076540031
4.48160535117057 0.415102019981518
4.51505016722408 0.421203891431547
4.54849498327759 0.427329926352068
4.5819397993311 0.433478330949226
4.61538461538461 0.439647284188643
4.64882943143813 0.445834939880345
4.68227424749164 0.452039428828464
4.71571906354515 0.458258861040578
4.74916387959866 0.464491327991282
4.78260869565217 0.47073490493434
4.81605351170569 0.476987653257561
4.8494983277592 0.483247622874333
4.88294314381271 0.489512854645595
4.91638795986622 0.495781382825892
4.94983277591973 0.502051237527037
4.98327759197324 0.508320447192825
5.01672240802676 0.514587041078209
5.05016722408027 0.520849051726305
5.08361204013378 0.527104517436621
5.11705685618729 0.53335148471793
5.1505016722408 0.539588010719297
5.18394648829431 0.545812165632844
5.21739130434783 0.552022035061996
5.25083612040134 0.558215722349069
5.28428093645485 0.564391350856292
5.31772575250836 0.570547066194516
5.35117056856187 0.576681038394125
5.38461538461538 0.582791464012925
5.4180602006689 0.588876568176028
5.45150501672241 0.594934606543083
5.48494983277592 0.600963867198501
5.51839464882943 0.606962672460638
5.55183946488294 0.612929380606271
5.58528428093645 0.618862387507015
5.61872909698997 0.624760128174721
5.65217391304348 0.630621078213251
5.68561872909699 0.636443755174387
5.7190635451505 0.642226719816017
5.75250836120401 0.647968577261114
5.78595317725753 0.653667978056386
5.81939799331104 0.659323619129844
5.85284280936455 0.664934244646914
5.88628762541806 0.670498646765039
5.91973244147157 0.676015666287097
5.95317725752508 0.681484193214265
5.9866220735786 0.6869031671993
6.02006688963211 0.692271577901509
6.05351170568562 0.697588465244958
6.08695652173913 0.702852919581779
6.12040133779264 0.708064081762648
6.15384615384615 0.7132211431168
6.18729096989967 0.718323345344118
6.22073578595318 0.72336998032209
6.25418060200669 0.728360389830559
6.2876254180602 0.733293965197416
6.32107023411371 0.738170146868477
6.35451505016722 0.742988423904955
6.38795986622074 0.74774833341203
6.42140468227425 0.752449459902101
6.45484949832776 0.757091434596406
6.48829431438127 0.761673934668708
6.52173913043478 0.766196682434826
6.55518394648829 0.770659444491776
6.58862876254181 0.775062030810309
6.62207357859532 0.77940429378462
6.65551839464883 0.783686127242967
6.68896321070234 0.787907465422917
6.72240802675585 0.792068281914875
6.75585284280936 0.796168588577484
6.78929765886288 0.800208434428418
6.82274247491639 0.804187904514015
6.8561872909699 0.808107118761081
6.88963210702341 0.81196623081412
6.92307692307692 0.815765426861128
6.95652173913043 0.819504924450963
6.98996655518395 0.823184971305213
7.02341137123746 0.82680584412734
7.05685618729097 0.83036784741175
7.09030100334448 0.833871312255321
7.12374581939799 0.837316595173792
7.1571906354515 0.840704076925263
7.19063545150502 0.844034161342946
7.22408026755853 0.847307274179165
7.25752508361204 0.850523861962455
7.29096989966555 0.853684390869518
7.32441471571906 0.856789345613613
7.35785953177257 0.859839228350871
7.39130434782609 0.862834557605879
7.4247491638796 0.865775867217761
7.45819397993311 0.868663705307864
7.49163879598662 0.871498633270039
7.52508361204013 0.8742812247844
7.55852842809364 0.877012064855324
7.59197324414716 0.879691748874375
7.62541806020067 0.882320881708701
7.65886287625418 0.884900076815388
7.69230769230769 0.887429955382143
7.7257525083612 0.889911145494614
7.75919732441471 0.892344281330539
7.79264214046823 0.894730002380872
7.82608695652174 0.897068952697952
7.85953177257525 0.899361780170688
7.89297658862876 0.90160913582671
7.92642140468227 0.903811673161341
7.95986622073579 0.90597004749321
7.9933110367893 0.90808491534627
8.02675585284281 0.910156933857924
8.06020066889632 0.912186760212951
8.09364548494983 0.91417505110284
8.12709030100334 0.916122462210151
8.16053511705686 0.918029647717449
8.19397993311037 0.919897259840361
8.22742474916388 0.92172594838425
8.26086956521739 0.923516360324007
8.2943143812709 0.925269139406421
8.32775919732441 0.92698492577458
8.36120401337793 0.928664355613732
8.39464882943144 0.930308060818044
8.42809364548495 0.931916668677666
8.46153846153846 0.933490801585503
8.49498327759197 0.935031076763113
8.52842809364548 0.936538106005115
8.561872909699 0.938012495441518
8.59531772575251 0.939454845317362
8.62876254180602 0.940865749789074
8.66220735785953 0.942245796736952
8.69565217391304 0.943595567593162
8.72909698996656 0.944915637184693
8.76254180602007 0.946206573590671
8.79598662207358 0.947468938013458
8.82943143812709 0.948703284662999
8.8628762541806 0.949910160653826
8.89632107023411 0.951090105914216
8.92976588628762 0.952243653106937
8.96321070234114 0.953371327561087
8.99665551839465 0.954473647214498
9.03010033444816 0.95555112256622
9.06354515050167 0.956604256638595
9.09698996655518 0.957633544948453
9.1304347826087 0.95863947548696
9.16387959866221 0.959622528707695
9.19732441471572 0.960583177522492
9.23076923076923 0.961521887304659
9.26421404682274 0.96243911589914
9.29765886287625 0.963335313639249
9.33110367892977 0.96421092336958
9.36454849498328 0.965066380474739
9.39799331103679 0.965902112913528
9.4314381270903 0.966718541258259
9.46488294314381 0.967516078738852
9.49832775919732 0.968295131291415
9.53177257525084 0.96905609761099
9.56521739130435 0.969799369208182
9.59866220735786 0.970525330469387
9.63210702341137 0.971234358720352
9.66555183946488 0.971926824292809
9.69899665551839 0.972603090593935
9.73244147157191 0.973263514178408
9.76588628762542 0.973908444822834
9.79933110367893 0.974538225602315
9.83277591973244 0.975153192968981
9.86622073578595 0.975753676832264
9.89966555183946 0.976340000640749
9.93311036789298 0.976912481465407
9.96655518394649 0.977471430084061
10 0.978017151066906
