0 0.00240541774274229
0.0334448160535117 0.00248556365246344
0.0668896321070234 0.0025683730618959
0.100334448160535 0.00265393402180804
0.133779264214047 0.00274233746224041
0.167224080267559 0.00283367728452021
0.20066889632107 0.0029280504560708
0.234113712374582 0.00302555710809098
0.267558528428094 0.00312630063618014
0.301003344481605 0.00323038780398675
0.334448160535117 0.00333792884995876
0.367892976588629 0.00344903759727549
0.40133779264214 0.00356383156704219
0.434782608695652 0.00368243209482871
0.468227424749164 0.00380496445063564
0.501672240802676 0.00393155796237116
0.535117056856187 0.00406234614292358
0.568561872909699 0.00419746682091451
0.602006688963211 0.0043370622752187
0.635451505016722 0.00448127937333667
0.668896321070234 0.00463026971370693
0.702341137123746 0.00478418977204453
0.735785953177257 0.00494320105179274
0.769230769230769 0.00510747023877458
0.802675585284281 0.00527716936013055
0.836120401337793 0.00545247594762819
0.869565217391304 0.00563357320542865
0.903010033444816 0.00582065018239384
0.936454849498328 0.00601390194901704
0.969899665551839 0.00621352977905776
1.00334448160535 0.0064197413359599
1.03678929765886 0.00663275086412986
1.07023411371237 0.00685277938514886
1.10367892976589 0.00708005489899017
1.1371237458194 0.00731481259030905
1.17056856187291 0.00755729503986866
1.20401337792642 0.0078077524411613
1.23745819397993 0.00806644282227876
1.27090301003344 0.0083336322730806
1.30434782608696 0.00860959517770244
1.33779264214047 0.00889461445243979
1.37123745819398 0.00918898178903563
1.40468227424749 0.00949299790339086
1.438127090301 0.0098069727897088
1.47157190635451 0.0101312259800739
1.50501672240803 0.0104660868094544
1.53846153846154 0.0108118946861079
1.57190635451505 0.011168999367353
1.60535117056856 0.0115377612406605
1.63879598662207 0.011918551609999
1.67224080267559 0.0123117529873547
1.7056856187291 0.0127177593893289
1.73913043478261 0.0131369766386953
1.77257525083612 0.0135698226707813
1.80602006688963 0.0140167278445137
1.83946488294314 0.0144781352579471
1.87290969899666 0.0149545010680678
1.90635451505017 0.0154462948146378
1.93979933110368 0.0159539997478183
1.97324414715719 0.0164781131592759
2.0066889632107 0.0170191467164484
2.04013377926421 0.0175776267996064
2.07357859531773 0.0181540948413144
2.10702341137124 0.0187491076678534
2.14046822742475 0.0193632378421247
2.17391304347826 0.0199970740075133
2.20735785953177 0.0206512212321398
2.24080267558528 0.0213263013528804
2.2742474916388 0.0220229533184847
2.30769230769231 0.0227418335310626
2.34113712374582 0.0234836161851571
2.37458193979933 0.024248993603555
2.40802675585284 0.0250386765689272
2.44147157190635 0.02585339465032
2.47491638795987 0.0266938965234505
2.50836120401338 0.0275609502836843
2.54180602006689 0.0284553437504973
2.5752508361204 0.0293778847621436
2.60869565217391 0.0303294014591664
2.64214046822742 0.0313107425553054
2.67558528428094 0.0323227775942593
2.70903010033445 0.0333663971906751
2.74247491638796 0.0344425132536325
2.77591973244147 0.0355520591908006
2.80936454849498 0.0366959900913338
2.84280936454849 0.0378752828854762
2.87625418060201 0.0390909364787327
2.90969899665552 0.0403439718583567
2.94314381270903 0.0416354321697934
2.97658862876254 0.0429663827606053
3.01003344481605 0.0443379111892919
3.04347826086956 0.0457511271963024
3.07692307692308 0.0472071626344232
3.11036789297659 0.0487071713556107
3.1438127090301 0.0502523290512253
3.17725752508361 0.0518438330425097
3.21070234113712 0.0534829020180493
3.24414715719064 0.0551707757148425
3.27759197324415 0.0569087145395128
3.31103678929766 0.058697999126094
3.34448160535117 0.0605399298267347
3.37792642140468 0.0624358261315853
3.41137123745819 0.0643870260140578
3.44481605351171 0.0663948851975893
3.47826086956522 0.0684607763399889
3.51170568561873 0.0705860881314117
3.54515050167224 0.0727722243019842
3.57859531772575 0.0750206025351002
3.61204013377926 0.0773326532824237
3.64548494983278 0.0797098184766694
3.67892976588629 0.0821535501382932
3.7123745819398 0.0846653088723082
3.74581939799331 0.0872465622515532
3.77926421404682 0.0898987830828827
3.81270903010033 0.0926234475529213
3.84615384615385 0.0954220332502279
3.87959866220736 0.0982960170609649
3.91304347826087 0.101246872935442
3.94648829431438 0.104276069523229
3.97993311036789 0.107385067674901
4.0133779264214 0.110575317808878
4.04682274247492 0.113848257142281
4.08026755852843 0.117205306785239
4.11371237458194 0.120647868698614
4.14715719063545 0.124177322515726
4.18060200668896 0.127795022229321
4.21404682274247 0.131502292745706
4.24749163879599 0.135300426308755
4.2809364548495 0.139190678797281
4.31438127090301 0.143174265900145
4.34782608695652 0.147252359174345
4.38127090301003 0.151426081992325
4.41471571906354 0.155696505385692
4.44816053511706 0.160064643793608
4.48160535117057 0.164531450725155
4.51505016722408 0.169097814346098
4.54849498327759 0.173764553001592
4.5819397993311 0.178532410687506
4.61538461538461 0.183402052484212
4.64882943143813 0.188374059967834
4.68227424749164 0.193448926615084
4.71571906354515 0.198627053218977
4.74916387959866 0.20390874333377
4.78260869565217 0.209294198768594
4.81605351170569 0.214783515150187
4.8494983277592 0.220376677576141
4.88294314381271 0.226073556380905
4.91638795986622 0.231873903037574
4.94983277591973 0.237777346219155
4.98327759197324 0.243783388043559
5.01672240802676 0.249891400526977
5.05016722408027 0.256100622270548
5.08361204013378 0.262410155405379
5.11705685618729 0.268818962820853
5.1505016722408 0.275325865700965
5.18394648829431 0.281929541392947
5.21739130434783 0.288628521631826
5.25083612040134 0.295421191143675
5.28428093645485 0.302305786649276
5.31772575250836 0.309280396288618
5.35117056856187 0.316342959485134
5.38461538461538 0.323491267266882
5.4180602006689 0.330722963059934
5.45150501672241 0.338035543967076
5.48494983277592 0.345426362542623
5.51839464882943 0.352892629071594
5.55183946488294 0.360431414358837
5.58528428093645 0.368039653030829
5.61872909698997 0.375714147349924
5.65217391304348 0.383451571537737
5.68561872909699 0.391248476601202
5.7190635451505 0.39910129565163
5.75250836120401 0.407006349703851
5.78595317725753 0.414959853939318
5.81939799331104 0.422957924413827
5.85284280936455 0.430996585187425
5.88628762541806 0.439071775851024
5.91973244147157 0.447179359421398
5.95317725752508 0.455315130573472
5.9866220735786 0.463474824176354
6.02006688963211 0.471654124097202
6.05351170568562 0.479848672235026
6.08695652173913 0.48805407774473
6.12040133779264 0.496265926410215
6.15384615384615 0.50447979012424
6.18729096989967 0.512691236431857
6.22073578595318 0.520895838093766
6.25418060200669 0.529089182625782
6.2876254180602 0.537266881770766
6.32107023411371 0.545424580859933
6.35451505016722 0.553557968021297
6.38795986622074 0.561662783194211
6.42140468227425 0.569734826910458
6.45484949832776 0.577769968804145
6.48829431438127 0.585764155814727
6.52173913043478 0.593713420049794
6.55518394648829 0.6016138862768
6.58862876254181 0.609461779015643
6.62207357859532 0.617253429206903
6.65551839464883 0.624985280433565
6.68896321070234 0.632653894677196
6.72240802675585 0.640255957592727
6.75585284280936 0.647788283289221
6.78929765886288 0.655247818607253
6.82274247491639 0.66263164688672
6.8561872909699 0.66993699122206
6.88963210702341 0.677161217204921
6.92307692307692 0.684301835157271
6.95652173913043 0.691356501860792
6.98996655518395 0.698323021791037
7.02341137123746 0.705199347867368
7.05685618729097 0.711983581731993
7.09030100334448 0.71867397357354
7.12374581939799 0.725268921512543
7.1571906354515 0.731766970567883
7.19063545150502 0.738166811224752
7.22408026755853 0.744467277625932
7.25752508361204 0.750667345409267
7.29096989966555 0.756766129215025
7.32441471571906 0.76276287988746
7.35785953177257 0.768656981395341
7.39130434782609 0.774447947496408
7.4247491638796 0.780135418170802
7.45819397993311 0.785719155848363
7.49163879598662 0.791199041454426
7.52508361204013 0.79657507029831
7.55852842809364 0.801847347828146
7.59197324414716 0.807016085275001
7.62541806020067 0.812081595208465
7.65886287625418 0.817044287025034
7.69230769230769 0.821904662389612
7.7257525083612 0.826663310649492
7.75919732441471 0.831320904239082
7.79264214046823 0.835878194092549
7.82608695652174 0.840336005080414
7.85953177257525 0.84469523148499
7.89297658862876 0.848956832528395
7.92642140468227 0.853121827965723
7.95986622073579 0.857191293754803
7.9933110367893 0.861166357812882
8.02675585284281 0.865048195869417
8.06020066889632 0.868838027423163
8.09364548494983 0.872537111810647
8.12709030100334 0.876146744392167
8.16053511705686 0.8796682528605
8.19397993311037 0.88310299367659
8.22742474916388 0.886452348635643
8.26086956521739 0.889717721566261
8.2943143812709 0.892900535164471
8.32775919732441 0.89600222796384
8.36120401337793 0.899024251442189
8.39464882943144 0.901968067264824
8.42809364548495 0.904835144663678
8.46153846153846 0.907626957951232
8.49498327759197 0.910344984167649
8.52842809364548 0.91299070085914
8.561872909699 0.915565583985234
8.59531772575251 0.918071105952281
8.62876254180602 0.920508733770281
8.66220735785953 0.922879927329841
8.69565217391304 0.925186137795901
8.72909698996656 0.927428806114681
8.76254180602007 0.929609361630162
8.79598662207358 0.931729220806304
8.82943143812709 0.933789786051139
8.8628762541806 0.935792444638795
8.89632107023411 0.937738567725488
8.92976588628762 0.939629509455502
8.96321070234114 0.941466606153183
8.99665551839465 0.943251175596988
9.03010033444816 0.94498451637168
9.06354515050167 0.946667907294802
9.09698996655518 0.948302606913622
9.1304347826087 0.949889853068832
9.16387959866221 0.951430862521333
9.19732441471572 0.952926830638574
9.23076923076923 0.95437893113696
9.26421404682274 0.955788315876978
9.29765886287625 0.957156114707797
9.33110367892977 0.958483435358175
9.36454849498328 0.959771363370654
9.39799331103679 0.96102096207612
9.4314381270903 0.962233272605923
9.46488294314381 0.963409313938854
9.49832775919732 0.964550082980423
9.53177257525084 0.96565655467195
9.56521739130435 0.966729682127142
9.59866220735786 0.967770396793895
9.63210702341137 0.968779608639202
9.66555183946488 0.969758206355145
9.69899665551839 0.970707057584044
9.73244147157191 0.971627009160942
9.76588628762542 0.972518887371724
9.79933110367893 0.973383498225229
9.83277591973244 0.97422162773783
9.86622073578595 0.975034042229048
9.89966555183946 0.97582148862684
9.93311036789298 0.976584694781286
9.96655518394649 0.977324369785494
10 0.978041204302602
