1 1
1 1
1 1
1 1
1 1
1 1
1 1
1 1
1 1
1 1
1 1
1 1
1 1
1 1
1 1
1 1
1 1
0.981481481481482 1
0.962962962962963 1
0.962962962962963 1
0.907407407407407 1
0.888888888888889 1
0.851851851851852 1
0.851851851851852 1
0.833333333333333 1
0.814814814814815 1
0.814814814814815 1
0.796296296296296 1
0.796296296296296 1
0.796296296296296 1
0.777777777777778 1
0.777777777777778 1
0.777777777777778 1
0.759259259259259 1
0.722222222222222 1
0.722222222222222 1
0.722222222222222 1
0.722222222222222 1
0.722222222222222 1
0.722222222222222 1
0.722222222222222 1
0.722222222222222 1
0.722222222222222 1
0.722222222222222 1
0.722222222222222 1
0.722222222222222 1
0.685185185185185 1
0.685185185185185 1
0.685185185185185 1
0.685185185185185 1
0.666666666666667 1
0.666666666666667 1
0.666666666666667 1
0.648148148148148 1
0.648148148148148 1
0.648148148148148 1
0.648148148148148 1
0.648148148148148 1
0.62962962962963 1
0.62962962962963 1
0.611111111111111 1
0.611111111111111 1
0.611111111111111 1
0.611111111111111 1
0.611111111111111 1
0.611111111111111 1
0.611111111111111 1
0.611111111111111 1
0.611111111111111 1
0.611111111111111 1
0.611111111111111 1
0.611111111111111 1
0.611111111111111 1
0.611111111111111 1
0.611111111111111 1
0.611111111111111 1
0.611111111111111 1
0.611111111111111 1
0.592592592592593 1
0.592592592592593 1
0.592592592592593 1
0.592592592592593 1
0.592592592592593 1
0.592592592592593 0.978260869565217
0.592592592592593 0.978260869565217
0.592592592592593 0.978260869565217
0.592592592592593 0.978260869565217
0.592592592592593 0.978260869565217
0.592592592592593 0.978260869565217
0.592592592592593 0.978260869565217
0.592592592592593 0.978260869565217
0.592592592592593 0.978260869565217
0.574074074074074 0.978260869565217
0.574074074074074 0.978260869565217
0.574074074074074 0.978260869565217
0.574074074074074 0.978260869565217
0.574074074074074 0.978260869565217
0.555555555555556 0.978260869565217
0.555555555555556 0.978260869565217
0.537037037037037 0.978260869565217
0.537037037037037 0.978260869565217
0.537037037037037 0.978260869565217
0.537037037037037 0.978260869565217
0.537037037037037 0.978260869565217
0.537037037037037 0.978260869565217
0.537037037037037 0.978260869565217
0.537037037037037 0.978260869565217
0.518518518518518 0.978260869565217
0.518518518518518 0.978260869565217
0.518518518518518 0.978260869565217
0.518518518518518 0.978260869565217
0.518518518518518 0.978260869565217
0.518518518518518 0.978260869565217
0.518518518518518 0.978260869565217
0.518518518518518 0.978260869565217
0.518518518518518 0.978260869565217
0.518518518518518 0.978260869565217
0.518518518518518 0.978260869565217
0.518518518518518 0.978260869565217
0.518518518518518 0.978260869565217
0.518518518518518 0.978260869565217
0.518518518518518 0.978260869565217
0.518518518518518 0.978260869565217
0.518518518518518 0.978260869565217
0.518518518518518 0.978260869565217
0.518518518518518 0.978260869565217
0.518518518518518 0.978260869565217
0.518518518518518 0.978260869565217
0.518518518518518 0.978260869565217
0.518518518518518 0.978260869565217
0.518518518518518 0.978260869565217
0.518518518518518 0.978260869565217
0.5 0.978260869565217
0.5 0.978260869565217
0.5 0.978260869565217
0.5 0.978260869565217
0.5 0.978260869565217
0.5 0.978260869565217
0.5 0.978260869565217
0.481481481481481 0.978260869565217
0.462962962962963 0.978260869565217
0.462962962962963 0.978260869565217
0.444444444444444 0.978260869565217
0.444444444444444 0.978260869565217
0.425925925925926 0.978260869565217
0.425925925925926 0.978260869565217
0.425925925925926 0.978260869565217
0.425925925925926 0.978260869565217
0.425925925925926 0.978260869565217
0.425925925925926 0.978260869565217
0.425925925925926 0.978260869565217
0.425925925925926 0.978260869565217
0.425925925925926 0.978260869565217
0.425925925925926 0.978260869565217
0.425925925925926 0.956521739130435
0.425925925925926 0.956521739130435
0.425925925925926 0.956521739130435
0.425925925925926 0.934782608695652
0.425925925925926 0.934782608695652
0.425925925925926 0.934782608695652
0.425925925925926 0.934782608695652
0.425925925925926 0.934782608695652
0.425925925925926 0.934782608695652
0.425925925925926 0.934782608695652
0.425925925925926 0.934782608695652
0.425925925925926 0.934782608695652
0.425925925925926 0.934782608695652
0.425925925925926 0.934782608695652
0.425925925925926 0.934782608695652
0.425925925925926 0.934782608695652
0.425925925925926 0.934782608695652
0.425925925925926 0.91304347826087
0.425925925925926 0.91304347826087
0.425925925925926 0.91304347826087
0.425925925925926 0.91304347826087
0.425925925925926 0.91304347826087
0.425925925925926 0.91304347826087
0.425925925925926 0.91304347826087
0.425925925925926 0.91304347826087
0.407407407407407 0.91304347826087
0.407407407407407 0.91304347826087
0.388888888888889 0.91304347826087
0.388888888888889 0.91304347826087
0.388888888888889 0.91304347826087
0.388888888888889 0.91304347826087
0.388888888888889 0.91304347826087
0.388888888888889 0.91304347826087
0.388888888888889 0.91304347826087
0.388888888888889 0.91304347826087
0.37037037037037 0.91304347826087
0.37037037037037 0.91304347826087
0.37037037037037 0.91304347826087
0.37037037037037 0.91304347826087
0.37037037037037 0.91304347826087
0.37037037037037 0.91304347826087
0.351851851851852 0.91304347826087
0.351851851851852 0.91304347826087
0.351851851851852 0.91304347826087
0.351851851851852 0.91304347826087
0.351851851851852 0.91304347826087
0.351851851851852 0.91304347826087
0.351851851851852 0.91304347826087
0.351851851851852 0.91304347826087
0.333333333333333 0.91304347826087
0.333333333333333 0.91304347826087
0.333333333333333 0.91304347826087
0.333333333333333 0.91304347826087
0.333333333333333 0.91304347826087
0.333333333333333 0.91304347826087
0.333333333333333 0.91304347826087
0.333333333333333 0.91304347826087
0.333333333333333 0.91304347826087
0.333333333333333 0.91304347826087
0.333333333333333 0.91304347826087
0.333333333333333 0.891304347826087
0.333333333333333 0.891304347826087
0.333333333333333 0.891304347826087
0.333333333333333 0.891304347826087
0.333333333333333 0.891304347826087
0.333333333333333 0.891304347826087
0.333333333333333 0.891304347826087
0.333333333333333 0.891304347826087
0.333333333333333 0.891304347826087
0.333333333333333 0.891304347826087
0.333333333333333 0.891304347826087
0.333333333333333 0.891304347826087
0.333333333333333 0.891304347826087
0.333333333333333 0.891304347826087
0.333333333333333 0.891304347826087
0.333333333333333 0.891304347826087
0.333333333333333 0.891304347826087
0.333333333333333 0.891304347826087
0.333333333333333 0.891304347826087
0.333333333333333 0.891304347826087
0.333333333333333 0.891304347826087
0.333333333333333 0.891304347826087
0.314814814814815 0.891304347826087
0.314814814814815 0.891304347826087
0.314814814814815 0.891304347826087
0.314814814814815 0.891304347826087
0.314814814814815 0.891304347826087
0.314814814814815 0.891304347826087
0.314814814814815 0.891304347826087
0.314814814814815 0.891304347826087
0.314814814814815 0.891304347826087
0.314814814814815 0.891304347826087
0.314814814814815 0.891304347826087
0.314814814814815 0.891304347826087
0.314814814814815 0.891304347826087
0.314814814814815 0.891304347826087
0.314814814814815 0.891304347826087
0.314814814814815 0.891304347826087
0.314814814814815 0.891304347826087
0.314814814814815 0.891304347826087
0.314814814814815 0.891304347826087
0.314814814814815 0.891304347826087
0.314814814814815 0.891304347826087
0.314814814814815 0.891304347826087
0.314814814814815 0.891304347826087
0.314814814814815 0.891304347826087
0.314814814814815 0.891304347826087
0.314814814814815 0.891304347826087
0.314814814814815 0.891304347826087
0.314814814814815 0.891304347826087
0.314814814814815 0.891304347826087
0.314814814814815 0.891304347826087
0.314814814814815 0.891304347826087
0.314814814814815 0.891304347826087
0.314814814814815 0.891304347826087
0.314814814814815 0.891304347826087
0.314814814814815 0.891304347826087
0.314814814814815 0.891304347826087
0.314814814814815 0.891304347826087
0.314814814814815 0.891304347826087
0.314814814814815 0.891304347826087
0.314814814814815 0.891304347826087
0.314814814814815 0.891304347826087
0.314814814814815 0.891304347826087
0.314814814814815 0.891304347826087
0.314814814814815 0.891304347826087
0.314814814814815 0.891304347826087
0.314814814814815 0.891304347826087
0.314814814814815 0.891304347826087
0.314814814814815 0.891304347826087
0.314814814814815 0.891304347826087
0.314814814814815 0.891304347826087
0.314814814814815 0.891304347826087
0.314814814814815 0.891304347826087
0.314814814814815 0.891304347826087
0.314814814814815 0.891304347826087
0.314814814814815 0.891304347826087
0.314814814814815 0.891304347826087
0.296296296296296 0.891304347826087
0.296296296296296 0.891304347826087
0.296296296296296 0.891304347826087
0.296296296296296 0.891304347826087
0.296296296296296 0.891304347826087
0.296296296296296 0.891304347826087
0.296296296296296 0.891304347826087
0.296296296296296 0.891304347826087
0.296296296296296 0.891304347826087
0.296296296296296 0.891304347826087
0.296296296296296 0.891304347826087
0.296296296296296 0.891304347826087
0.296296296296296 0.891304347826087
0.296296296296296 0.891304347826087
0.296296296296296 0.891304347826087
0.296296296296296 0.891304347826087
0.296296296296296 0.891304347826087
0.296296296296296 0.891304347826087
0.296296296296296 0.891304347826087
0.277777777777778 0.891304347826087
0.259259259259259 0.891304347826087
0.259259259259259 0.891304347826087
0.259259259259259 0.891304347826087
0.259259259259259 0.891304347826087
0.259259259259259 0.891304347826087
0.259259259259259 0.891304347826087
0.259259259259259 0.891304347826087
0.259259259259259 0.891304347826087
0.259259259259259 0.891304347826087
0.259259259259259 0.891304347826087
0.259259259259259 0.891304347826087
0.259259259259259 0.891304347826087
0.259259259259259 0.891304347826087
0.259259259259259 0.891304347826087
0.259259259259259 0.891304347826087
0.259259259259259 0.891304347826087
0.259259259259259 0.891304347826087
0.259259259259259 0.891304347826087
0.240740740740741 0.891304347826087
0.240740740740741 0.891304347826087
0.240740740740741 0.869565217391304
0.240740740740741 0.869565217391304
0.240740740740741 0.869565217391304
0.240740740740741 0.869565217391304
0.240740740740741 0.869565217391304
0.240740740740741 0.869565217391304
0.240740740740741 0.869565217391304
0.240740740740741 0.869565217391304
0.240740740740741 0.869565217391304
0.240740740740741 0.869565217391304
0.240740740740741 0.869565217391304
0.240740740740741 0.869565217391304
0.240740740740741 0.869565217391304
0.240740740740741 0.869565217391304
0.240740740740741 0.869565217391304
0.240740740740741 0.869565217391304
0.240740740740741 0.869565217391304
0.240740740740741 0.869565217391304
0.240740740740741 0.869565217391304
0.240740740740741 0.869565217391304
0.240740740740741 0.869565217391304
0.240740740740741 0.869565217391304
0.240740740740741 0.869565217391304
0.240740740740741 0.869565217391304
0.240740740740741 0.869565217391304
0.240740740740741 0.869565217391304
0.240740740740741 0.869565217391304
0.240740740740741 0.869565217391304
0.222222222222222 0.869565217391304
0.222222222222222 0.869565217391304
0.222222222222222 0.869565217391304
0.222222222222222 0.869565217391304
0.222222222222222 0.869565217391304
0.222222222222222 0.869565217391304
0.222222222222222 0.869565217391304
0.222222222222222 0.869565217391304
0.222222222222222 0.869565217391304
0.222222222222222 0.869565217391304
0.222222222222222 0.869565217391304
0.222222222222222 0.869565217391304
0.222222222222222 0.869565217391304
0.222222222222222 0.869565217391304
0.222222222222222 0.869565217391304
0.203703703703704 0.869565217391304
0.203703703703704 0.869565217391304
0.203703703703704 0.869565217391304
0.203703703703704 0.869565217391304
0.203703703703704 0.869565217391304
0.203703703703704 0.869565217391304
0.203703703703704 0.869565217391304
0.203703703703704 0.869565217391304
0.203703703703704 0.869565217391304
0.203703703703704 0.869565217391304
0.203703703703704 0.847826086956522
0.203703703703704 0.847826086956522
0.203703703703704 0.847826086956522
0.203703703703704 0.847826086956522
0.203703703703704 0.847826086956522
0.203703703703704 0.847826086956522
0.203703703703704 0.847826086956522
0.203703703703704 0.847826086956522
0.203703703703704 0.847826086956522
0.203703703703704 0.847826086956522
0.185185185185185 0.847826086956522
0.185185185185185 0.847826086956522
0.185185185185185 0.847826086956522
0.185185185185185 0.847826086956522
0.185185185185185 0.847826086956522
0.185185185185185 0.847826086956522
0.185185185185185 0.847826086956522
0.185185185185185 0.847826086956522
0.185185185185185 0.847826086956522
0.185185185185185 0.847826086956522
0.185185185185185 0.847826086956522
0.185185185185185 0.847826086956522
0.185185185185185 0.847826086956522
0.185185185185185 0.847826086956522
0.185185185185185 0.847826086956522
0.185185185185185 0.847826086956522
0.185185185185185 0.847826086956522
0.185185185185185 0.847826086956522
0.185185185185185 0.847826086956522
0.185185185185185 0.847826086956522
0.185185185185185 0.847826086956522
0.185185185185185 0.847826086956522
0.185185185185185 0.847826086956522
0.185185185185185 0.847826086956522
0.185185185185185 0.847826086956522
0.185185185185185 0.847826086956522
0.185185185185185 0.847826086956522
0.185185185185185 0.847826086956522
0.185185185185185 0.847826086956522
0.185185185185185 0.847826086956522
0.185185185185185 0.847826086956522
0.185185185185185 0.847826086956522
0.185185185185185 0.847826086956522
0.185185185185185 0.847826086956522
0.185185185185185 0.847826086956522
0.185185185185185 0.847826086956522
0.185185185185185 0.847826086956522
0.185185185185185 0.847826086956522
0.185185185185185 0.847826086956522
0.185185185185185 0.826086956521739
0.185185185185185 0.826086956521739
0.185185185185185 0.826086956521739
0.185185185185185 0.826086956521739
0.185185185185185 0.826086956521739
0.185185185185185 0.826086956521739
0.185185185185185 0.826086956521739
0.185185185185185 0.826086956521739
0.185185185185185 0.826086956521739
0.185185185185185 0.826086956521739
0.185185185185185 0.826086956521739
0.185185185185185 0.826086956521739
0.185185185185185 0.826086956521739
0.185185185185185 0.826086956521739
0.185185185185185 0.826086956521739
0.185185185185185 0.826086956521739
0.185185185185185 0.826086956521739
0.185185185185185 0.826086956521739
0.185185185185185 0.826086956521739
0.185185185185185 0.826086956521739
0.185185185185185 0.826086956521739
0.185185185185185 0.826086956521739
0.185185185185185 0.826086956521739
0.185185185185185 0.826086956521739
0.185185185185185 0.804347826086957
0.185185185185185 0.804347826086957
0.185185185185185 0.804347826086957
0.185185185185185 0.804347826086957
0.185185185185185 0.804347826086957
0.185185185185185 0.804347826086957
0.185185185185185 0.804347826086957
0.185185185185185 0.804347826086957
0.185185185185185 0.804347826086957
0.185185185185185 0.804347826086957
0.166666666666667 0.804347826086957
0.166666666666667 0.804347826086957
0.166666666666667 0.804347826086957
0.148148148148148 0.804347826086957
0.148148148148148 0.804347826086957
0.148148148148148 0.804347826086957
0.148148148148148 0.804347826086957
0.148148148148148 0.804347826086957
0.148148148148148 0.804347826086957
0.148148148148148 0.804347826086957
0.148148148148148 0.804347826086957
0.148148148148148 0.804347826086957
0.148148148148148 0.804347826086957
0.148148148148148 0.804347826086957
0.148148148148148 0.804347826086957
0.148148148148148 0.782608695652174
0.148148148148148 0.782608695652174
0.148148148148148 0.782608695652174
0.148148148148148 0.782608695652174
0.148148148148148 0.782608695652174
0.148148148148148 0.782608695652174
0.148148148148148 0.782608695652174
0.148148148148148 0.782608695652174
0.148148148148148 0.782608695652174
0.148148148148148 0.782608695652174
0.148148148148148 0.782608695652174
0.148148148148148 0.782608695652174
0.148148148148148 0.782608695652174
0.148148148148148 0.782608695652174
0.148148148148148 0.782608695652174
0.148148148148148 0.782608695652174
0.148148148148148 0.782608695652174
0.148148148148148 0.782608695652174
0.148148148148148 0.782608695652174
0.148148148148148 0.782608695652174
0.148148148148148 0.782608695652174
0.148148148148148 0.782608695652174
0.148148148148148 0.782608695652174
0.148148148148148 0.782608695652174
0.148148148148148 0.782608695652174
0.148148148148148 0.782608695652174
0.148148148148148 0.782608695652174
0.148148148148148 0.782608695652174
0.12962962962963 0.782608695652174
0.12962962962963 0.782608695652174
0.111111111111111 0.782608695652174
0.111111111111111 0.782608695652174
0.111111111111111 0.782608695652174
0.111111111111111 0.782608695652174
0.111111111111111 0.782608695652174
0.111111111111111 0.782608695652174
0.111111111111111 0.782608695652174
0.111111111111111 0.782608695652174
0.111111111111111 0.782608695652174
0.111111111111111 0.782608695652174
0.111111111111111 0.782608695652174
0.111111111111111 0.782608695652174
0.111111111111111 0.782608695652174
0.111111111111111 0.782608695652174
0.111111111111111 0.782608695652174
0.0925925925925926 0.782608695652174
0.0925925925925926 0.782608695652174
0.0925925925925926 0.782608695652174
0.0925925925925926 0.782608695652174
0.0925925925925926 0.782608695652174
0.0925925925925926 0.782608695652174
0.0925925925925926 0.782608695652174
0.0925925925925926 0.782608695652174
0.0925925925925926 0.782608695652174
0.0925925925925926 0.782608695652174
0.0925925925925926 0.782608695652174
0.0925925925925926 0.782608695652174
0.0925925925925926 0.782608695652174
0.0925925925925926 0.782608695652174
0.0925925925925926 0.782608695652174
0.0925925925925926 0.782608695652174
0.0925925925925926 0.782608695652174
0.0925925925925926 0.782608695652174
0.0925925925925926 0.782608695652174
0.0925925925925926 0.782608695652174
0.0925925925925926 0.782608695652174
0.0925925925925926 0.782608695652174
0.0925925925925926 0.782608695652174
0.0925925925925926 0.782608695652174
0.0925925925925926 0.782608695652174
0.0925925925925926 0.782608695652174
0.0925925925925926 0.782608695652174
0.0925925925925926 0.782608695652174
0.0925925925925926 0.782608695652174
0.0925925925925926 0.782608695652174
0.0925925925925926 0.782608695652174
0.0925925925925926 0.760869565217391
0.0925925925925926 0.760869565217391
0.0925925925925926 0.760869565217391
0.0925925925925926 0.760869565217391
0.0925925925925926 0.760869565217391
0.0925925925925926 0.760869565217391
0.0925925925925926 0.760869565217391
0.0925925925925926 0.739130434782609
0.0925925925925926 0.739130434782609
0.0925925925925926 0.739130434782609
0.0925925925925926 0.739130434782609
0.0740740740740741 0.739130434782609
0.0740740740740741 0.739130434782609
0.0740740740740741 0.739130434782609
0.0740740740740741 0.739130434782609
0.0740740740740741 0.717391304347826
0.0740740740740741 0.717391304347826
0.0740740740740741 0.717391304347826
0.0555555555555556 0.717391304347826
0.0555555555555556 0.717391304347826
0.0555555555555556 0.717391304347826
0.0555555555555556 0.717391304347826
0.0555555555555556 0.717391304347826
0.0555555555555556 0.717391304347826
0.0555555555555556 0.717391304347826
0.0555555555555556 0.717391304347826
0.0555555555555556 0.717391304347826
0.0555555555555556 0.717391304347826
0.0555555555555556 0.717391304347826
0.0555555555555556 0.717391304347826
0.0555555555555556 0.695652173913043
0.0555555555555556 0.695652173913043
0.0555555555555556 0.695652173913043
0.0555555555555556 0.695652173913043
0.0555555555555556 0.695652173913043
0.0555555555555556 0.695652173913043
0.0555555555555556 0.695652173913043
0.0555555555555556 0.695652173913043
0.0555555555555556 0.695652173913043
0.0555555555555556 0.695652173913043
0.0555555555555556 0.673913043478261
0.0555555555555556 0.673913043478261
0.0555555555555556 0.673913043478261
0.0555555555555556 0.673913043478261
0.0555555555555556 0.673913043478261
0.0555555555555556 0.673913043478261
0.0555555555555556 0.673913043478261
0.0555555555555556 0.673913043478261
0.0555555555555556 0.673913043478261
0.0555555555555556 0.673913043478261
0.0555555555555556 0.673913043478261
0.0555555555555556 0.652173913043478
0.0555555555555556 0.652173913043478
0.0555555555555556 0.652173913043478
0.0555555555555556 0.652173913043478
0.0555555555555556 0.630434782608696
0.0555555555555556 0.630434782608696
0.0555555555555556 0.630434782608696
0.0555555555555556 0.630434782608696
0.0555555555555556 0.630434782608696
0.0555555555555556 0.630434782608696
0.0555555555555556 0.630434782608696
0.0555555555555556 0.630434782608696
0.0555555555555556 0.608695652173913
0.0555555555555556 0.608695652173913
0.0555555555555556 0.608695652173913
0.0555555555555556 0.608695652173913
0.0555555555555556 0.608695652173913
0.0555555555555556 0.608695652173913
0.0555555555555556 0.608695652173913
0.0555555555555556 0.608695652173913
0.0555555555555556 0.608695652173913
0.0555555555555556 0.608695652173913
0.0555555555555556 0.608695652173913
0.0555555555555556 0.608695652173913
0.0555555555555556 0.608695652173913
0.037037037037037 0.608695652173913
0.037037037037037 0.58695652173913
0.037037037037037 0.565217391304348
0.037037037037037 0.565217391304348
0.037037037037037 0.565217391304348
0.037037037037037 0.565217391304348
0.037037037037037 0.565217391304348
0.037037037037037 0.565217391304348
0.037037037037037 0.565217391304348
0.037037037037037 0.565217391304348
0.037037037037037 0.565217391304348
0.037037037037037 0.565217391304348
0.037037037037037 0.565217391304348
0.037037037037037 0.565217391304348
0.037037037037037 0.565217391304348
0.0185185185185185 0.565217391304348
0.0185185185185185 0.565217391304348
0.0185185185185185 0.565217391304348
0.0185185185185185 0.565217391304348
0.0185185185185185 0.565217391304348
0.0185185185185185 0.565217391304348
0.0185185185185185 0.565217391304348
0.0185185185185185 0.565217391304348
0.0185185185185185 0.565217391304348
0.0185185185185185 0.565217391304348
0.0185185185185185 0.565217391304348
0.0185185185185185 0.565217391304348
0.0185185185185185 0.565217391304348
0.0185185185185185 0.565217391304348
0.0185185185185185 0.565217391304348
0.0185185185185185 0.565217391304348
0.0185185185185185 0.565217391304348
0.0185185185185185 0.565217391304348
0.0185185185185185 0.565217391304348
0.0185185185185185 0.565217391304348
0.0185185185185185 0.565217391304348
0.0185185185185185 0.565217391304348
0.0185185185185185 0.565217391304348
0.0185185185185185 0.565217391304348
0.0185185185185185 0.565217391304348
0.0185185185185185 0.565217391304348
0.0185185185185185 0.565217391304348
0.0185185185185185 0.565217391304348
0.0185185185185185 0.565217391304348
0.0185185185185185 0.565217391304348
0.0185185185185185 0.565217391304348
0.0185185185185185 0.565217391304348
0.0185185185185185 0.565217391304348
0.0185185185185185 0.565217391304348
0.0185185185185185 0.565217391304348
0.0185185185185185 0.565217391304348
0.0185185185185185 0.565217391304348
0.0185185185185185 0.565217391304348
0.0185185185185185 0.565217391304348
0.0185185185185185 0.565217391304348
0.0185185185185185 0.565217391304348
0.0185185185185185 0.565217391304348
0.0185185185185185 0.565217391304348
0.0185185185185185 0.565217391304348
0.0185185185185185 0.565217391304348
0.0185185185185185 0.565217391304348
0.0185185185185185 0.565217391304348
0.0185185185185185 0.565217391304348
0.0185185185185185 0.565217391304348
0.0185185185185185 0.565217391304348
0.0185185185185185 0.565217391304348
0.0185185185185185 0.565217391304348
0.0185185185185185 0.565217391304348
0.0185185185185185 0.565217391304348
0.0185185185185185 0.543478260869565
0.0185185185185185 0.543478260869565
0.0185185185185185 0.543478260869565
0.0185185185185185 0.543478260869565
0.0185185185185185 0.543478260869565
0.0185185185185185 0.543478260869565
0.0185185185185185 0.543478260869565
0.0185185185185185 0.543478260869565
0.0185185185185185 0.543478260869565
0.0185185185185185 0.543478260869565
0.0185185185185185 0.543478260869565
0.0185185185185185 0.543478260869565
0.0185185185185185 0.543478260869565
0.0185185185185185 0.543478260869565
0.0185185185185185 0.521739130434783
0.0185185185185185 0.521739130434783
0.0185185185185185 0.521739130434783
0.0185185185185185 0.521739130434783
0.0185185185185185 0.521739130434783
0.0185185185185185 0.521739130434783
0.0185185185185185 0.521739130434783
0.0185185185185185 0.521739130434783
0.0185185185185185 0.521739130434783
0.0185185185185185 0.521739130434783
0.0185185185185185 0.521739130434783
0.0185185185185185 0.521739130434783
0.0185185185185185 0.521739130434783
0.0185185185185185 0.521739130434783
0.0185185185185185 0.521739130434783
0.0185185185185185 0.521739130434783
0.0185185185185185 0.521739130434783
0.0185185185185185 0.521739130434783
0.0185185185185185 0.521739130434783
0.0185185185185185 0.521739130434783
0.0185185185185185 0.521739130434783
0.0185185185185185 0.521739130434783
0.0185185185185185 0.521739130434783
0.0185185185185185 0.521739130434783
0.0185185185185185 0.521739130434783
0.0185185185185185 0.521739130434783
0.0185185185185185 0.521739130434783
0.0185185185185185 0.521739130434783
0.0185185185185185 0.521739130434783
0.0185185185185185 0.521739130434783
0.0185185185185185 0.521739130434783
0.0185185185185185 0.521739130434783
0.0185185185185185 0.521739130434783
0.0185185185185185 0.521739130434783
0.0185185185185185 0.521739130434783
0.0185185185185185 0.521739130434783
0.0185185185185185 0.521739130434783
0.0185185185185185 0.521739130434783
0.0185185185185185 0.521739130434783
0.0185185185185185 0.521739130434783
0.0185185185185185 0.521739130434783
0.0185185185185185 0.521739130434783
0.0185185185185185 0.521739130434783
0.0185185185185185 0.521739130434783
0 0.521739130434783
0 0.521739130434783
0 0.521739130434783
0 0.521739130434783
0 0.521739130434783
0 0.521739130434783
0 0.521739130434783
0 0.521739130434783
0 0.521739130434783
0 0.521739130434783
0 0.521739130434783
0 0.521739130434783
0 0.521739130434783
0 0.521739130434783
0 0.521739130434783
0 0.521739130434783
0 0.521739130434783
0 0.521739130434783
0 0.521739130434783
0 0.521739130434783
0 0.521739130434783
0 0.521739130434783
0 0.521739130434783
0 0.521739130434783
0 0.521739130434783
0 0.521739130434783
0 0.521739130434783
0 0.521739130434783
0 0.5
0 0.5
0 0.5
0 0.5
0 0.5
0 0.5
0 0.5
0 0.5
0 0.5
0 0.5
0 0.5
0 0.5
0 0.5
0 0.5
0 0.5
0 0.5
0 0.5
0 0.5
0 0.5
0 0.478260869565217
0 0.478260869565217
0 0.478260869565217
0 0.478260869565217
0 0.478260869565217
0 0.478260869565217
0 0.478260869565217
0 0.478260869565217
0 0.478260869565217
0 0.478260869565217
0 0.478260869565217
0 0.478260869565217
0 0.456521739130435
0 0.456521739130435
0 0.456521739130435
0 0.456521739130435
0 0.456521739130435
0 0.456521739130435
0 0.456521739130435
0 0.456521739130435
0 0.456521739130435
0 0.456521739130435
0 0.456521739130435
0 0.456521739130435
0 0.456521739130435
0 0.456521739130435
0 0.456521739130435
0 0.456521739130435
0 0.456521739130435
0 0.456521739130435
0 0.456521739130435
0 0.456521739130435
0 0.456521739130435
0 0.456521739130435
0 0.456521739130435
0 0.456521739130435
0 0.456521739130435
0 0.456521739130435
0 0.456521739130435
0 0.456521739130435
0 0.434782608695652
0 0.434782608695652
0 0.434782608695652
0 0.434782608695652
0 0.434782608695652
0 0.434782608695652
0 0.434782608695652
0 0.434782608695652
0 0.41304347826087
0 0.41304347826087
0 0.41304347826087
0 0.41304347826087
0 0.41304347826087
0 0.41304347826087
0 0.41304347826087
0 0.41304347826087
0 0.41304347826087
0 0.41304347826087
0 0.41304347826087
0 0.391304347826087
0 0.391304347826087
0 0.391304347826087
0 0.391304347826087
0 0.391304347826087
0 0.391304347826087
0 0.391304347826087
0 0.391304347826087
0 0.391304347826087
0 0.369565217391304
0 0.369565217391304
0 0.369565217391304
0 0.369565217391304
0 0.369565217391304
0 0.369565217391304
0 0.369565217391304
0 0.347826086956522
0 0.347826086956522
0 0.347826086956522
0 0.347826086956522
0 0.347826086956522
0 0.347826086956522
0 0.347826086956522
0 0.347826086956522
0 0.326086956521739
0 0.326086956521739
0 0.326086956521739
0 0.326086956521739
0 0.326086956521739
0 0.326086956521739
0 0.304347826086957
0 0.304347826086957
0 0.304347826086957
0 0.304347826086957
0 0.304347826086957
0 0.304347826086957
0 0.304347826086957
0 0.304347826086957
0 0.304347826086957
0 0.304347826086957
0 0.304347826086957
0 0.304347826086957
0 0.304347826086957
0 0.282608695652174
0 0.282608695652174
0 0.282608695652174
0 0.282608695652174
0 0.260869565217391
0 0.260869565217391
0 0.260869565217391
0 0.260869565217391
0 0.260869565217391
0 0.260869565217391
0 0.260869565217391
0 0.260869565217391
0 0.260869565217391
0 0.260869565217391
0 0.260869565217391
0 0.260869565217391
0 0.260869565217391
0 0.260869565217391
0 0.260869565217391
0 0.260869565217391
0 0.239130434782609
0 0.239130434782609
0 0.239130434782609
0 0.239130434782609
0 0.239130434782609
0 0.239130434782609
0 0.239130434782609
0 0.239130434782609
0 0.239130434782609
0 0.239130434782609
0 0.239130434782609
0 0.195652173913043
0 0.173913043478261
0 0.173913043478261
0 0.173913043478261
0 0.152173913043478
0 0.152173913043478
0 0.152173913043478
0 0.152173913043478
0 0.152173913043478
0 0.152173913043478
0 0.130434782608696
0 0.130434782608696
0 0.130434782608696
0 0.130434782608696
0 0.130434782608696
0 0.130434782608696
0 0.130434782608696
0 0.108695652173913
0 0.0869565217391304
0 0.0869565217391304
0 0.0869565217391304
0 0.0869565217391304
0 0.0869565217391304
0 0.0869565217391304
0 0.0869565217391304
0 0.0869565217391304
0 0.0869565217391304
0 0.0869565217391304
0 0.0869565217391304
0 0.0869565217391304
0 0.0869565217391304
0 0.0217391304347826
0 0.0217391304347826
0 0
0 0
0 0
0 0
0 0
0 0
0 0
0 0
0 0
0 0
0 0
0 0
0 0
0 0
0 0
0 0
0 0
0 0
0 0
0 0
0 0
0 0
0 0
0 0
0 0
