1 0
1 0
1 0.25
1 0.288461538461538
1 0.365384615384615
1 0.384615384615385
1 0.403846153846154
1 0.403846153846154
1 0.442307692307692
1 0.461538461538462
1 0.480769230769231
1 0.5
1 0.538461538461538
1 0.538461538461538
1 0.557692307692308
1 0.576923076923077
0.91304347826087 0.557692307692308
0.791666666666667 0.538461538461538
0.730769230769231 0.5
0.730769230769231 0.5
0.692307692307692 0.5
0.692307692307692 0.5
0.692307692307692 0.5
0.666666666666667 0.480769230769231
0.580645161290323 0.403846153846154
0.545454545454545 0.365384615384615
0.545454545454545 0.365384615384615
0.545454545454545 0.365384615384615
0.545454545454545 0.365384615384615
0.545454545454545 0.365384615384615
0.545454545454545 0.365384615384615
0.545454545454545 0.365384615384615
0.545454545454545 0.365384615384615
0.529411764705882 0.346153846153846
0.529411764705882 0.346153846153846
0.529411764705882 0.346153846153846
0.529411764705882 0.346153846153846
0.514285714285714 0.326923076923077
0.486486486486487 0.288461538461538
0.486486486486487 0.288461538461538
0.486486486486487 0.288461538461538
0.486486486486487 0.288461538461538
0.473684210526316 0.269230769230769
0.473684210526316 0.269230769230769
0.473684210526316 0.269230769230769
0.473684210526316 0.269230769230769
0.473684210526316 0.269230769230769
0.473684210526316 0.269230769230769
0.473684210526316 0.269230769230769
0.461538461538462 0.25
0.447368421052632 0.269230769230769
0.447368421052632 0.269230769230769
0.447368421052632 0.269230769230769
0.447368421052632 0.269230769230769
0.447368421052632 0.269230769230769
0.447368421052632 0.269230769230769
0.432432432432432 0.288461538461538
0.432432432432432 0.288461538461538
0.432432432432432 0.288461538461538
0.432432432432432 0.288461538461538
0.416666666666667 0.307692307692308
0.416666666666667 0.307692307692308
0.4 0.326923076923077
0.4 0.326923076923077
0.4 0.326923076923077
0.371428571428571 0.326923076923077
0.361111111111111 0.307692307692308
0.361111111111111 0.307692307692308
0.361111111111111 0.307692307692308
0.361111111111111 0.307692307692308
0.351351351351351 0.288461538461538
0.351351351351351 0.288461538461538
0.351351351351351 0.288461538461538
0.351351351351351 0.288461538461538
0.342105263157895 0.269230769230769
0.342105263157895 0.269230769230769
0.342105263157895 0.269230769230769
0.342105263157895 0.269230769230769
0.342105263157895 0.269230769230769
0.342105263157895 0.269230769230769
0.342105263157895 0.269230769230769
0.342105263157895 0.269230769230769
0.342105263157895 0.269230769230769
0.333333333333333 0.25
0.333333333333333 0.25
0.333333333333333 0.25
0.333333333333333 0.25
0.325 0.230769230769231
0.317073170731707 0.211538461538462
0.317073170731707 0.211538461538462
0.317073170731707 0.211538461538462
0.317073170731707 0.211538461538462
0.317073170731707 0.211538461538462
0.317073170731707 0.211538461538462
0.317073170731707 0.211538461538462
0.317073170731707 0.211538461538462
0.30952380952381 0.192307692307692
0.30952380952381 0.192307692307692
0.30952380952381 0.192307692307692
0.30952380952381 0.192307692307692
0.302325581395349 0.173076923076923
0.302325581395349 0.173076923076923
0.302325581395349 0.173076923076923
0.302325581395349 0.173076923076923
0.302325581395349 0.173076923076923
0.302325581395349 0.173076923076923
0.295454545454545 0.153846153846154
0.295454545454545 0.153846153846154
0.295454545454545 0.153846153846154
0.288888888888889 0.134615384615385
0.282608695652174 0.115384615384615
0.282608695652174 0.115384615384615
0.282608695652174 0.115384615384615
0.282608695652174 0.115384615384615
0.282608695652174 0.115384615384615
0.282608695652174 0.115384615384615
0.282608695652174 0.115384615384615
0.282608695652174 0.115384615384615
0.282608695652174 0.115384615384615
0.282608695652174 0.115384615384615
0.282608695652174 0.115384615384615
0.282608695652174 0.115384615384615
0.276595744680851 0.0961538461538462
0.276595744680851 0.0961538461538462
0.276595744680851 0.0961538461538462
0.276595744680851 0.0961538461538462
0.276595744680851 0.0961538461538462
0.276595744680851 0.0961538461538462
0.276595744680851 0.0961538461538462
0.276595744680851 0.0961538461538462
0.276595744680851 0.0961538461538462
0.276595744680851 0.0961538461538462
0.276595744680851 0.0961538461538462
0.276595744680851 0.0961538461538462
0.276595744680851 0.0961538461538462
0.276595744680851 0.0961538461538462
0.276595744680851 0.0961538461538462
0.276595744680851 0.0961538461538462
0.276595744680851 0.0961538461538462
0.276595744680851 0.0961538461538462
0.276595744680851 0.0961538461538462
0.276595744680851 0.0961538461538462
0.276595744680851 0.0961538461538462
0.276595744680851 0.0961538461538462
0.276595744680851 0.0961538461538462
0.276595744680851 0.0961538461538462
0.276595744680851 0.0961538461538462
0.276595744680851 0.0961538461538462
0.276595744680851 0.0961538461538462
0.276595744680851 0.0961538461538462
0.276595744680851 0.0961538461538462
0.276595744680851 0.0961538461538462
0.276595744680851 0.0961538461538462
0.276595744680851 0.0961538461538462
0.276595744680851 0.0961538461538462
0.276595744680851 0.0961538461538462
0.276595744680851 0.0961538461538462
0.276595744680851 0.0961538461538462
0.276595744680851 0.0961538461538462
0.276595744680851 0.0961538461538462
0.276595744680851 0.0961538461538462
0.276595744680851 0.0961538461538462
0.276595744680851 0.0961538461538462
0.276595744680851 0.0961538461538462
0.276595744680851 0.0961538461538462
0.276595744680851 0.0961538461538462
0.276595744680851 0.0961538461538462
0.276595744680851 0.0961538461538462
0.276595744680851 0.0961538461538462
0.276595744680851 0.0961538461538462
0.276595744680851 0.0961538461538462
0.276595744680851 0.0961538461538462
0.276595744680851 0.0961538461538462
0.276595744680851 0.0961538461538462
0.276595744680851 0.0961538461538462
0.276595744680851 0.0961538461538462
0.276595744680851 0.0961538461538462
0.276595744680851 0.0961538461538462
0.276595744680851 0.0961538461538462
0.276595744680851 0.0961538461538462
0.276595744680851 0.0961538461538462
0.276595744680851 0.0961538461538462
0.276595744680851 0.0961538461538462
0.276595744680851 0.0961538461538462
0.276595744680851 0.0961538461538462
0.276595744680851 0.0961538461538462
0.276595744680851 0.0961538461538462
0.276595744680851 0.0961538461538462
0.276595744680851 0.0961538461538462
0.276595744680851 0.0961538461538462
0.276595744680851 0.0961538461538462
0.276595744680851 0.0961538461538462
0.276595744680851 0.0961538461538462
0.276595744680851 0.0961538461538462
0.276595744680851 0.0961538461538462
0.276595744680851 0.0961538461538462
0.276595744680851 0.0961538461538462
0.276595744680851 0.0961538461538462
0.276595744680851 0.0961538461538462
0.276595744680851 0.0961538461538462
0.276595744680851 0.0961538461538462
0.276595744680851 0.0961538461538462
0.276595744680851 0.0961538461538462
0.276595744680851 0.0961538461538462
0.276595744680851 0.0961538461538462
0.276595744680851 0.0961538461538462
0.276595744680851 0.0961538461538462
0.276595744680851 0.0961538461538462
0.276595744680851 0.0961538461538462
0.276595744680851 0.0961538461538462
0.276595744680851 0.0961538461538462
0.276595744680851 0.0961538461538462
0.276595744680851 0.0961538461538462
0.276595744680851 0.0961538461538462
0.276595744680851 0.0961538461538462
0.276595744680851 0.0961538461538462
0.276595744680851 0.0961538461538462
0.276595744680851 0.0961538461538462
0.276595744680851 0.0961538461538462
0.276595744680851 0.0961538461538462
0.260869565217391 0.115384615384615
0.260869565217391 0.115384615384615
0.260869565217391 0.115384615384615
0.260869565217391 0.115384615384615
0.260869565217391 0.115384615384615
0.25531914893617 0.0961538461538462
0.25531914893617 0.0961538461538462
0.25531914893617 0.0961538461538462
0.25531914893617 0.0961538461538462
0.25531914893617 0.0961538461538462
0.25531914893617 0.0961538461538462
0.25531914893617 0.0961538461538462
0.25531914893617 0.0961538461538462
0.25531914893617 0.0961538461538462
0.25531914893617 0.0961538461538462
0.25531914893617 0.0961538461538462
0.25531914893617 0.0961538461538462
0.25531914893617 0.0961538461538462
0.25531914893617 0.0961538461538462
0.25531914893617 0.0961538461538462
0.25 0.0769230769230769
0.25 0.0769230769230769
0.25 0.0769230769230769
0.25 0.0769230769230769
0.25 0.0769230769230769
0.25 0.0769230769230769
0.25 0.0769230769230769
0.25 0.0769230769230769
0.25 0.0769230769230769
0.25 0.0769230769230769
0.25 0.0769230769230769
0.25 0.0769230769230769
0.244897959183673 0.0576923076923077
0.244897959183673 0.0576923076923077
0.244897959183673 0.0576923076923077
0.24 0.0384615384615385
0.24 0.0384615384615385
0.24 0.0384615384615385
0.24 0.0384615384615385
0.24 0.0384615384615385
0.24 0.0384615384615385
0.24 0.0384615384615385
0.24 0.0384615384615385
0.235294117647059 0.0192307692307692
0.235294117647059 0.0192307692307692
0.235294117647059 0.0192307692307692
0.235294117647059 0.0192307692307692
0.235294117647059 0.0192307692307692
0.235294117647059 0.0192307692307692
0.235294117647059 0.0192307692307692
0.235294117647059 0.0192307692307692
0.235294117647059 0.0192307692307692
0.235294117647059 0.0192307692307692
0.22 0.0384615384615385
0.22 0.0384615384615385
0.22 0.0384615384615385
0.22 0.0384615384615385
0.22 0.0384615384615385
0.22 0.0384615384615385
0.22 0.0384615384615385
0.22 0.0384615384615385
0.22 0.0384615384615385
0.22 0.0384615384615385
0.22 0.0384615384615385
0.22 0.0384615384615385
0.22 0.0384615384615385
0.204081632653061 0.0576923076923077
0.204081632653061 0.0576923076923077
0.204081632653061 0.0576923076923077
0.204081632653061 0.0576923076923077
0.204081632653061 0.0576923076923077
0.204081632653061 0.0576923076923077
0.1875 0.0769230769230769
0.1875 0.0769230769230769
0.1875 0.0769230769230769
0.170212765957447 0.0961538461538462
0.170212765957447 0.0961538461538462
0.170212765957447 0.0961538461538462
0.170212765957447 0.0961538461538462
0.170212765957447 0.0961538461538462
0.170212765957447 0.0961538461538462
0.170212765957447 0.0961538461538462
0.170212765957447 0.0961538461538462
0.170212765957447 0.0961538461538462
0.170212765957447 0.0961538461538462
0.170212765957447 0.0961538461538462
0.170212765957447 0.0961538461538462
0.170212765957447 0.0961538461538462
0.170212765957447 0.0961538461538462
0.170212765957447 0.0961538461538462
0.170212765957447 0.0961538461538462
0.170212765957447 0.0961538461538462
0.152173913043478 0.115384615384615
0.152173913043478 0.115384615384615
0.152173913043478 0.115384615384615
0.152173913043478 0.115384615384615
0.152173913043478 0.115384615384615
0.152173913043478 0.115384615384615
0.152173913043478 0.115384615384615
0.152173913043478 0.115384615384615
0.152173913043478 0.115384615384615
0.152173913043478 0.115384615384615
0.152173913043478 0.115384615384615
0.152173913043478 0.115384615384615
0.152173913043478 0.115384615384615
0.152173913043478 0.115384615384615
0.152173913043478 0.115384615384615
0.152173913043478 0.115384615384615
0.152173913043478 0.115384615384615
0.152173913043478 0.115384615384615
0.152173913043478 0.115384615384615
0.152173913043478 0.115384615384615
0.152173913043478 0.115384615384615
0.152173913043478 0.115384615384615
0.152173913043478 0.115384615384615
0.152173913043478 0.115384615384615
0.152173913043478 0.115384615384615
0.152173913043478 0.115384615384615
0.152173913043478 0.115384615384615
0.133333333333333 0.134615384615385
0.133333333333333 0.134615384615385
0.133333333333333 0.134615384615385
0.133333333333333 0.134615384615385
0.113636363636364 0.153846153846154
0.113636363636364 0.153846153846154
0.113636363636364 0.153846153846154
0.113636363636364 0.153846153846154
0.113636363636364 0.153846153846154
0.113636363636364 0.153846153846154
0.113636363636364 0.153846153846154
0.113636363636364 0.153846153846154
0.113636363636364 0.153846153846154
0.113636363636364 0.153846153846154
0.113636363636364 0.153846153846154
0.113636363636364 0.153846153846154
0.113636363636364 0.153846153846154
0.113636363636364 0.153846153846154
0.113636363636364 0.153846153846154
0.113636363636364 0.153846153846154
0.113636363636364 0.153846153846154
0.113636363636364 0.153846153846154
0.113636363636364 0.153846153846154
0.113636363636364 0.153846153846154
0.113636363636364 0.153846153846154
0.113636363636364 0.153846153846154
0.113636363636364 0.153846153846154
0.113636363636364 0.153846153846154
0.113636363636364 0.153846153846154
0.113636363636364 0.153846153846154
0.113636363636364 0.153846153846154
0.113636363636364 0.153846153846154
0.113636363636364 0.153846153846154
0.113636363636364 0.153846153846154
0.113636363636364 0.153846153846154
0.113636363636364 0.153846153846154
0.113636363636364 0.153846153846154
0.113636363636364 0.153846153846154
0.113636363636364 0.153846153846154
0.113636363636364 0.153846153846154
0.113636363636364 0.153846153846154
0.113636363636364 0.153846153846154
0.113636363636364 0.153846153846154
0.113636363636364 0.153846153846154
0.113636363636364 0.153846153846154
0.113636363636364 0.153846153846154
0.113636363636364 0.153846153846154
0.113636363636364 0.153846153846154
0.113636363636364 0.153846153846154
0.113636363636364 0.153846153846154
0.113636363636364 0.153846153846154
0.113636363636364 0.153846153846154
0.113636363636364 0.153846153846154
0.113636363636364 0.153846153846154
0.113636363636364 0.153846153846154
0.113636363636364 0.153846153846154
0.113636363636364 0.153846153846154
0.113636363636364 0.153846153846154
0.113636363636364 0.153846153846154
0.113636363636364 0.153846153846154
0.113636363636364 0.153846153846154
0.113636363636364 0.153846153846154
0.113636363636364 0.153846153846154
0.113636363636364 0.153846153846154
0.113636363636364 0.153846153846154
0.113636363636364 0.153846153846154
0.113636363636364 0.153846153846154
0.113636363636364 0.153846153846154
0.0930232558139535 0.173076923076923
0.0930232558139535 0.173076923076923
0.0930232558139535 0.173076923076923
0.0930232558139535 0.173076923076923
0.0930232558139535 0.173076923076923
0.0930232558139535 0.173076923076923
0.0930232558139535 0.173076923076923
0.0930232558139535 0.173076923076923
0.0930232558139535 0.173076923076923
0.0930232558139535 0.173076923076923
0.0930232558139535 0.173076923076923
0.0930232558139535 0.173076923076923
0.0930232558139535 0.173076923076923
0.0930232558139535 0.173076923076923
0.0930232558139535 0.173076923076923
0.0930232558139535 0.173076923076923
0.0930232558139535 0.173076923076923
0.0930232558139535 0.173076923076923
0.0930232558139535 0.173076923076923
0.0930232558139535 0.173076923076923
0.0930232558139535 0.173076923076923
0.0930232558139535 0.173076923076923
0.0930232558139535 0.173076923076923
0.0930232558139535 0.173076923076923
0.0930232558139535 0.173076923076923
0.0930232558139535 0.173076923076923
0.0930232558139535 0.173076923076923
0.0930232558139535 0.173076923076923
0.0930232558139535 0.173076923076923
0.0930232558139535 0.173076923076923
0.0930232558139535 0.173076923076923
0.0930232558139535 0.173076923076923
0.0930232558139535 0.173076923076923
0.0930232558139535 0.173076923076923
0.0930232558139535 0.173076923076923
0.0930232558139535 0.173076923076923
0.0930232558139535 0.173076923076923
0.0930232558139535 0.173076923076923
0.0930232558139535 0.173076923076923
0.0930232558139535 0.173076923076923
0.0930232558139535 0.173076923076923
0.0930232558139535 0.173076923076923
0.0930232558139535 0.173076923076923
0.0930232558139535 0.173076923076923
0.0930232558139535 0.173076923076923
0.0930232558139535 0.173076923076923
0.0930232558139535 0.173076923076923
0.0930232558139535 0.173076923076923
0.0930232558139535 0.173076923076923
0.0930232558139535 0.173076923076923
0.0930232558139535 0.173076923076923
0.0930232558139535 0.173076923076923
0.0930232558139535 0.173076923076923
0.0930232558139535 0.173076923076923
0.0930232558139535 0.173076923076923
0.0930232558139535 0.173076923076923
0.0930232558139535 0.173076923076923
0.0930232558139535 0.173076923076923
0.0930232558139535 0.173076923076923
0.0930232558139535 0.173076923076923
0.0930232558139535 0.173076923076923
0.0930232558139535 0.173076923076923
0.0930232558139535 0.173076923076923
0.0930232558139535 0.173076923076923
0.0930232558139535 0.173076923076923
0.0930232558139535 0.173076923076923
0.0930232558139535 0.173076923076923
0.0930232558139535 0.173076923076923
0.0930232558139535 0.173076923076923
0.0930232558139535 0.173076923076923
0.0930232558139535 0.173076923076923
0.0930232558139535 0.173076923076923
0.0930232558139535 0.173076923076923
0.0930232558139535 0.173076923076923
0.0930232558139535 0.173076923076923
0.0930232558139535 0.173076923076923
0.0930232558139535 0.173076923076923
0.0930232558139535 0.173076923076923
0.0930232558139535 0.173076923076923
0.0930232558139535 0.173076923076923
0.0930232558139535 0.173076923076923
0.0930232558139535 0.173076923076923
0.0930232558139535 0.173076923076923
0.0930232558139535 0.173076923076923
0.0930232558139535 0.173076923076923
0.0930232558139535 0.173076923076923
0.0930232558139535 0.173076923076923
0.0930232558139535 0.173076923076923
0.0930232558139535 0.173076923076923
0.0930232558139535 0.173076923076923
0.0930232558139535 0.173076923076923
0.0930232558139535 0.173076923076923
0.0930232558139535 0.173076923076923
0.0930232558139535 0.173076923076923
0.0930232558139535 0.173076923076923
0.0930232558139535 0.173076923076923
0.0930232558139535 0.173076923076923
0.0930232558139535 0.173076923076923
0.0930232558139535 0.173076923076923
0.0909090909090909 0.153846153846154
0.0909090909090909 0.153846153846154
0.0909090909090909 0.153846153846154
0.0909090909090909 0.153846153846154
0.0909090909090909 0.153846153846154
0.0909090909090909 0.153846153846154
0.0909090909090909 0.153846153846154
0.0909090909090909 0.153846153846154
0.0909090909090909 0.153846153846154
0.0909090909090909 0.153846153846154
0.0909090909090909 0.153846153846154
0.0909090909090909 0.153846153846154
0.0909090909090909 0.153846153846154
0.0909090909090909 0.153846153846154
0.0909090909090909 0.153846153846154
0.0909090909090909 0.153846153846154
0.0909090909090909 0.153846153846154
0.0909090909090909 0.153846153846154
0.0909090909090909 0.153846153846154
0.0909090909090909 0.153846153846154
0.0909090909090909 0.153846153846154
0.0909090909090909 0.153846153846154
0.0909090909090909 0.153846153846154
0.0909090909090909 0.153846153846154
0.0909090909090909 0.153846153846154
0.0909090909090909 0.153846153846154
0.0909090909090909 0.153846153846154
0.0909090909090909 0.153846153846154
0.0909090909090909 0.153846153846154
0.0909090909090909 0.153846153846154
0.0909090909090909 0.153846153846154
0.0909090909090909 0.153846153846154
0.0909090909090909 0.153846153846154
0.0909090909090909 0.153846153846154
0.0909090909090909 0.153846153846154
0.0909090909090909 0.153846153846154
0.0909090909090909 0.153846153846154
0.0909090909090909 0.153846153846154
0.0909090909090909 0.153846153846154
0.0909090909090909 0.153846153846154
0.0909090909090909 0.153846153846154
0.0909090909090909 0.153846153846154
0.0909090909090909 0.153846153846154
0.0909090909090909 0.153846153846154
0.0909090909090909 0.153846153846154
0.0909090909090909 0.153846153846154
0.0909090909090909 0.153846153846154
0.0909090909090909 0.153846153846154
0.0909090909090909 0.153846153846154
0.0909090909090909 0.153846153846154
0.0909090909090909 0.153846153846154
0.0909090909090909 0.153846153846154
0.0909090909090909 0.153846153846154
0.0909090909090909 0.153846153846154
0.0888888888888889 0.134615384615385
0.0888888888888889 0.134615384615385
0.0888888888888889 0.134615384615385
0.0888888888888889 0.134615384615385
0.0888888888888889 0.134615384615385
0.0888888888888889 0.134615384615385
0.0888888888888889 0.134615384615385
0.0888888888888889 0.134615384615385
0.0888888888888889 0.134615384615385
0.0888888888888889 0.134615384615385
0.0888888888888889 0.134615384615385
0.0869565217391304 0.115384615384615
0.0869565217391304 0.115384615384615
0.0869565217391304 0.115384615384615
0.0869565217391304 0.115384615384615
0.0869565217391304 0.115384615384615
0.0666666666666667 0.134615384615385
0.0652173913043478 0.115384615384615
0.0652173913043478 0.115384615384615
0.0652173913043478 0.115384615384615
0.0638297872340425 0.0961538461538462
0.0638297872340425 0.0961538461538462
0.0638297872340425 0.0961538461538462
0.0638297872340425 0.0961538461538462
0.0638297872340425 0.0961538461538462
0.0638297872340425 0.0961538461538462
0.0638297872340425 0.0961538461538462
0.0638297872340425 0.0961538461538462
0.0638297872340425 0.0961538461538462
0.0638297872340425 0.0961538461538462
0.0638297872340425 0.0961538461538462
0.0638297872340425 0.0961538461538462
0.0638297872340425 0.0961538461538462
0.0638297872340425 0.0961538461538462
0.0625 0.0769230769230769
0.0625 0.0769230769230769
0.0625 0.0769230769230769
0.0625 0.0769230769230769
0.0625 0.0769230769230769
0.0625 0.0769230769230769
0.0625 0.0769230769230769
0.0625 0.0769230769230769
0.0625 0.0769230769230769
0.0625 0.0769230769230769
0.0625 0.0769230769230769
0.0625 0.0769230769230769
0.0625 0.0769230769230769
0.0625 0.0769230769230769
0.0625 0.0769230769230769
0.0625 0.0769230769230769
0.0625 0.0769230769230769
0.0625 0.0769230769230769
0.0625 0.0769230769230769
0.0625 0.0769230769230769
0.0625 0.0769230769230769
0.0625 0.0769230769230769
0.0612244897959184 0.0576923076923077
0.0612244897959184 0.0576923076923077
0.0612244897959184 0.0576923076923077
0.0612244897959184 0.0576923076923077
0.06 0.0384615384615385
0.06 0.0384615384615385
0.06 0.0384615384615385
0.06 0.0384615384615385
0.06 0.0384615384615385
0.06 0.0384615384615385
0.06 0.0384615384615385
0.06 0.0384615384615385
0.06 0.0384615384615385
0.06 0.0384615384615385
0.06 0.0384615384615385
0.06 0.0384615384615385
0.06 0.0384615384615385
0.06 0.0384615384615385
0.06 0.0384615384615385
0.06 0.0384615384615385
0.06 0.0384615384615385
0.06 0.0384615384615385
0.06 0.0384615384615385
0.06 0.0384615384615385
0.06 0.0384615384615385
0.06 0.0384615384615385
0.06 0.0384615384615385
0.06 0.0384615384615385
0.06 0.0384615384615385
0.06 0.0384615384615385
0.06 0.0384615384615385
0.06 0.0384615384615385
0.06 0.0384615384615385
0.06 0.0384615384615385
0.06 0.0384615384615385
0.06 0.0384615384615385
0.06 0.0384615384615385
0.06 0.0384615384615385
0.06 0.0384615384615385
0.06 0.0384615384615385
0.06 0.0384615384615385
0.06 0.0384615384615385
0.06 0.0384615384615385
0.06 0.0384615384615385
0.06 0.0384615384615385
0.06 0.0384615384615385
0.06 0.0384615384615385
0.06 0.0384615384615385
0.06 0.0384615384615385
0.06 0.0384615384615385
0.0588235294117647 0.0192307692307692
0.0588235294117647 0.0192307692307692
0.0588235294117647 0.0192307692307692
0.0588235294117647 0.0192307692307692
0.0588235294117647 0.0192307692307692
0.0588235294117647 0.0192307692307692
0.0588235294117647 0.0192307692307692
0.0588235294117647 0.0192307692307692
0.0588235294117647 0.0192307692307692
0.0588235294117647 0.0192307692307692
0.0588235294117647 0.0192307692307692
0.0588235294117647 0.0192307692307692
0.0588235294117647 0.0192307692307692
0.0588235294117647 0.0192307692307692
0.0588235294117647 0.0192307692307692
0.0588235294117647 0.0192307692307692
0.0588235294117647 0.0192307692307692
0.0588235294117647 0.0192307692307692
0.0588235294117647 0.0192307692307692
0.0588235294117647 0.0192307692307692
0.0588235294117647 0.0192307692307692
0.0588235294117647 0.0192307692307692
0.0588235294117647 0.0192307692307692
0.0588235294117647 0.0192307692307692
0.0588235294117647 0.0192307692307692
0.0588235294117647 0.0192307692307692
0.0588235294117647 0.0192307692307692
0.0588235294117647 0.0192307692307692
0.0588235294117647 0.0192307692307692
0.0588235294117647 0.0192307692307692
0.0588235294117647 0.0192307692307692
0.0588235294117647 0.0192307692307692
0.0588235294117647 0.0192307692307692
0.0588235294117647 0.0192307692307692
0.0588235294117647 0.0192307692307692
0.0588235294117647 0.0192307692307692
0.0588235294117647 0.0192307692307692
0.0588235294117647 0.0192307692307692
0.0588235294117647 0.0192307692307692
0.0588235294117647 0.0192307692307692
0.0588235294117647 0.0192307692307692
0.0588235294117647 0.0192307692307692
0.0588235294117647 0.0192307692307692
0.0588235294117647 0.0192307692307692
0.0588235294117647 0.0192307692307692
0.0588235294117647 0.0192307692307692
0.0588235294117647 0.0192307692307692
0.0588235294117647 0.0192307692307692
0.0588235294117647 0.0192307692307692
0.0588235294117647 0.0192307692307692
0.0588235294117647 0.0192307692307692
0.0588235294117647 0.0192307692307692
0.0588235294117647 0.0192307692307692
0.0588235294117647 0.0192307692307692
0.0588235294117647 0.0192307692307692
0.0588235294117647 0.0192307692307692
0.0588235294117647 0.0192307692307692
0.0588235294117647 0.0192307692307692
0.0588235294117647 0.0192307692307692
0.0588235294117647 0.0192307692307692
0.0588235294117647 0.0192307692307692
0.0588235294117647 0.0192307692307692
0.0588235294117647 0.0192307692307692
0.0588235294117647 0.0192307692307692
0.0588235294117647 0.0192307692307692
0.0588235294117647 0.0192307692307692
0.0588235294117647 0.0192307692307692
0.0588235294117647 0.0192307692307692
0.0588235294117647 0.0192307692307692
0.0588235294117647 0.0192307692307692
0.0588235294117647 0.0192307692307692
0.0588235294117647 0.0192307692307692
0.0588235294117647 0.0192307692307692
0.0588235294117647 0.0192307692307692
0.0588235294117647 0.0192307692307692
0.0588235294117647 0.0192307692307692
0.0588235294117647 0.0192307692307692
0.0588235294117647 0.0192307692307692
0.0588235294117647 0.0192307692307692
0.0588235294117647 0.0192307692307692
0.0588235294117647 0.0192307692307692
0.0588235294117647 0.0192307692307692
0.0588235294117647 0.0192307692307692
0.0588235294117647 0.0192307692307692
0.0588235294117647 0.0192307692307692
0.0588235294117647 0.0192307692307692
0.0588235294117647 0.0192307692307692
0.0588235294117647 0.0192307692307692
0.0588235294117647 0.0192307692307692
0.0588235294117647 0.0192307692307692
0.0588235294117647 0.0192307692307692
0.0588235294117647 0.0192307692307692
0.0588235294117647 0.0192307692307692
0.04 0.0384615384615385
0.04 0.0384615384615385
0.04 0.0384615384615385
0.04 0.0384615384615385
0.04 0.0384615384615385
0.04 0.0384615384615385
0.04 0.0384615384615385
0.04 0.0384615384615385
0.04 0.0384615384615385
0.04 0.0384615384615385
0.0392156862745098 0.0192307692307692
0.0392156862745098 0.0192307692307692
0.0392156862745098 0.0192307692307692
0.0392156862745098 0.0192307692307692
0.0392156862745098 0.0192307692307692
0.0392156862745098 0.0192307692307692
0.0392156862745098 0.0192307692307692
0.0392156862745098 0.0192307692307692
0.0392156862745098 0.0192307692307692
0.0392156862745098 0.0192307692307692
0.0392156862745098 0.0192307692307692
0.0392156862745098 0.0192307692307692
0.0392156862745098 0.0192307692307692
0.0392156862745098 0.0192307692307692
0.0392156862745098 0.0192307692307692
0.0392156862745098 0.0192307692307692
0.0392156862745098 0.0192307692307692
0.0392156862745098 0.0192307692307692
0.0392156862745098 0.0192307692307692
0.0392156862745098 0.0192307692307692
0.0392156862745098 0.0192307692307692
0.0392156862745098 0.0192307692307692
0.0392156862745098 0.0192307692307692
0.0392156862745098 0.0192307692307692
0.0392156862745098 0.0192307692307692
0.0392156862745098 0.0192307692307692
0.0392156862745098 0.0192307692307692
0.0392156862745098 0.0192307692307692
0.0392156862745098 0.0192307692307692
0.0392156862745098 0.0192307692307692
0.0392156862745098 0.0192307692307692
0.0392156862745098 0.0192307692307692
0.0392156862745098 0.0192307692307692
0.0392156862745098 0.0192307692307692
0.0392156862745098 0.0192307692307692
0.0392156862745098 0.0192307692307692
0.0392156862745098 0.0192307692307692
0.0392156862745098 0.0192307692307692
0.0392156862745098 0.0192307692307692
0.0392156862745098 0.0192307692307692
0.0392156862745098 0.0192307692307692
0.0392156862745098 0.0192307692307692
0.0392156862745098 0.0192307692307692
0.0392156862745098 0.0192307692307692
0.0392156862745098 0.0192307692307692
0.0392156862745098 0.0192307692307692
0.0392156862745098 0.0192307692307692
0.0392156862745098 0.0192307692307692
0.0392156862745098 0.0192307692307692
0.0392156862745098 0.0192307692307692
0.0392156862745098 0.0192307692307692
0.0392156862745098 0.0192307692307692
0.0392156862745098 0.0192307692307692
0.0392156862745098 0.0192307692307692
0.0392156862745098 0.0192307692307692
0.0392156862745098 0.0192307692307692
0.0392156862745098 0.0192307692307692
0.0392156862745098 0.0192307692307692
0.0392156862745098 0.0192307692307692
0.0392156862745098 0.0192307692307692
0.0392156862745098 0.0192307692307692
0.0392156862745098 0.0192307692307692
0.0392156862745098 0.0192307692307692
0.0392156862745098 0.0192307692307692
0.0392156862745098 0.0192307692307692
0.0392156862745098 0.0192307692307692
0.0392156862745098 0.0192307692307692
0.0392156862745098 0.0192307692307692
0.0392156862745098 0.0192307692307692
0.0392156862745098 0.0192307692307692
0.0392156862745098 0.0192307692307692
0.0392156862745098 0.0192307692307692
0.0392156862745098 0.0192307692307692
0.0392156862745098 0.0192307692307692
0.0392156862745098 0.0192307692307692
0.0392156862745098 0.0192307692307692
0.0392156862745098 0.0192307692307692
0.0392156862745098 0.0192307692307692
0.0392156862745098 0.0192307692307692
0.0392156862745098 0.0192307692307692
0.0392156862745098 0.0192307692307692
0.0392156862745098 0.0192307692307692
0.0392156862745098 0.0192307692307692
0.0392156862745098 0.0192307692307692
0.0392156862745098 0.0192307692307692
0.0392156862745098 0.0192307692307692
0.0392156862745098 0.0192307692307692
0.0392156862745098 0.0192307692307692
0.0392156862745098 0.0192307692307692
0.0392156862745098 0.0192307692307692
0.0392156862745098 0.0192307692307692
0.0392156862745098 0.0192307692307692
0.0392156862745098 0.0192307692307692
0.0392156862745098 0.0192307692307692
0.0384615384615385 0
0.0384615384615385 0
0.0384615384615385 0
0.0384615384615385 0
0.0384615384615385 0
0.0384615384615385 0
0.0384615384615385 0
0.0384615384615385 0
0.0384615384615385 0
0.0384615384615385 0
0.0384615384615385 0
0.0384615384615385 0
0.0384615384615385 0
0.0384615384615385 0
0.0384615384615385 0
0.0384615384615385 0
0.0384615384615385 0
0.0384615384615385 0
0.0384615384615385 0
0.0384615384615385 0
0.0384615384615385 0
0.0384615384615385 0
0.0384615384615385 0
0.0384615384615385 0
0.0384615384615385 0
0.0384615384615385 0
0.0384615384615385 0
0.0384615384615385 0
0.0384615384615385 0
0.0384615384615385 0
0.0384615384615385 0
0.0384615384615385 0
0.0196078431372549 0.0192307692307692
0.0196078431372549 0.0192307692307692
0.0196078431372549 0.0192307692307692
0.0196078431372549 0.0192307692307692
0.0196078431372549 0.0192307692307692
0.0196078431372549 0.0192307692307692
0.0196078431372549 0.0192307692307692
0.0196078431372549 0.0192307692307692
0.0196078431372549 0.0192307692307692
0.0196078431372549 0.0192307692307692
0 0.0384615384615385
0 0.0384615384615385
0 0.0384615384615385
0 0.0384615384615385
0 0.0384615384615385
0 0.0384615384615385
0 0.0384615384615385
0 0.0384615384615385
0 0.0384615384615385
0 0.0384615384615385
0 0.0384615384615385
0 0.0384615384615385
0 0.0384615384615385
0 0.0384615384615385
0 0.0384615384615385
0 0.0384615384615385
0 0.0384615384615385
0 0.0384615384615385
0 0.0384615384615385
0 0.0384615384615385
0 0.0384615384615385
0 0.0384615384615385
0 0.0384615384615385
0 0.0384615384615385
0 0.0384615384615385
0 0.0384615384615385
0 0.0384615384615385
0 0.0384615384615385
0 0.0384615384615385
0 0.0192307692307692
0 0.0192307692307692
0 0.0192307692307692
0 0.0192307692307692
0 0.0192307692307692
0 0.0192307692307692
0 0
0 0
0 0
0 0
0 0
0 0
0 0
0 0
0 0
0 0
0 0
0 0
0 0
0 0
0 0
0 0
0 0
0 0
0 0
0 0
0 0
0 0
0 0
0 0
0 0
0 0
0 0
0 0
0 0
0 0
0 0
0 0
0 0
0 0
0 0
0 0
0 0
0 0
0 0
0 0
0 0
0 0
0 0
0 0
0 0
0 0
0 0
0 0
0 0
0 0
0 0
0 0
0 0
0 0
0 0
0 0
0 0
0 0
0 0
0 0
