0 0.00699114369380577
0.0334448160535117 0.00724726105758446
0.0668896321070234 0.00751269017837457
0.100334448160535 0.00778776431455068
0.133779264214047 0.00807282825704067
0.167224080267559 0.00836823869891963
0.20066889632107 0.00867436461460907
0.234113712374582 0.00899158764875202
0.267558528428094 0.00932030251481823
0.301003344481605 0.00966091740347533
0.334448160535117 0.0100138544007414
0.367892976588629 0.0103795499159118
0.40133779264214 0.0107584551192294
0.434782608695652 0.0111510363892384
0.468227424749164 0.0115577757697346
0.501672240802676 0.0119791714361913
0.535117056856187 0.0124157381715043
0.568561872909699 0.0128680078508635
0.602006688963211 0.0133365299355134
0.635451505016722 0.0138218719751241
0.668896321070234 0.0143246201184413
0.702341137123746 0.0148453796318341
0.735785953177257 0.015384775425302
0.769230769230769 0.0159434525854405
0.802675585284281 0.0165220769147989
0.836120401337793 0.0171213354769954
0.869565217391304 0.0177419371468768
0.903010033444816 0.0183846131649285
0.936454849498328 0.0190501176950581
0.969899665551839 0.0197392283847775
1.00334448160535 0.0204527469267159
1.03678929765886 0.0211914996202869
1.07023411371237 0.0219563379322239
1.10367892976589 0.0227481390545798
1.1371237458194 0.0235678064586609
1.17056856187291 0.0244162704432336
1.20401337792642 0.0252944886752022
1.23745819397993 0.0262034467208095
1.27090301003344 0.0271441585652565
1.30434782608696 0.0281176671184743
1.33779264214047 0.0291250447046125
1.37123745819398 0.0301673935326267
1.40468227424749 0.0312458461451648
1.438127090301 0.0323615658427553
1.47157190635451 0.0335157470800986
1.50501672240803 0.0347096158310542
1.53846153846154 0.0359444299187003
1.57190635451505 0.0372214793066153
1.60535117056856 0.0385420863473073
1.63879598662207 0.0399076059834743
1.67224080267559 0.0413194258975439
1.7056856187291 0.0427789666046933
1.73913043478261 0.0442876814843021
1.77257525083612 0.04584705674454
1.80602006688963 0.047458611314545
1.83946488294314 0.0491238966583891
1.87290969899666 0.0508444965047898
1.90635451505017 0.0526220264862751
1.93979933110368 0.0544581336812778
1.97324414715719 0.0563544960524023
2.0066889632107 0.0583128217738945
2.04013377926421 0.0603348484411395
2.07357859531773 0.0624223421548285
2.10702341137124 0.0645770964722723
2.14046822742475 0.0668009312181962
2.17391304347826 0.0690956911472442
2.20735785953177 0.0714632444503373
2.24080267558528 0.0739054810969925
2.2742474916388 0.0764243110057076
2.30769230769231 0.079021662034565
2.34113712374582 0.0816994777843084
2.37458193979933 0.0844597152063033
2.40802675585284 0.0873043420080125
2.44147157190635 0.0902353338489107
2.47491638795987 0.0932546713201251
2.50836120401338 0.0963643367015391
2.54180602006689 0.0995663104906262
2.5752508361204 0.102862567697913
2.60869565217391 0.106255073904691
2.64214046822742 0.109745781079433
2.67558528428094 0.113336623150296
2.70903010033445 0.117029511332166
2.74247491638796 0.120826329207847
2.77591973244147 0.124728927564297
2.80936454849498 0.128739118986242
2.84280936454849 0.132858672210996
2.87625418060201 0.137089306250024
2.90969899665552 0.141432684284537
2.94314381270903 0.145890407344325
2.97658862876254 0.150464007781042
3.01003344481605 0.155154942549302
3.04347826086956 0.159964586311162
3.07692307692308 0.164894224381879
3.11036789297659 0.169945045537239
3.1438127090301 0.17511813470521
3.17725752508361 0.180414465567152
3.21070234113712 0.185834893096366
3.24414715719064 0.191380146064283
3.27759197324415 0.197050819547078
3.31103678929766 0.202847367467987
3.34448160535117 0.208770095212917
3.37792642140468 0.214819152359252
3.41137123745819 0.220994525559834
3.44481605351171 0.227296031626039
3.47826086956522 0.23372331085559
3.51170568561873 0.24027582065218
3.54515050167224 0.246952829485181
3.57859531772575 0.253753411238525
3.61204013377926 0.260676439998331
3.64548494983278 0.267720585328928
3.67892976588629 0.27488430808658
3.7123745819398 0.282165856819389
3.74581939799331 0.289563264800599
3.77926421404682 0.297074347740687
3.81270903010033 0.304696702221361
3.84615384615385 0.312427704891728
3.87959866220736 0.320264512463523
3.91304347826087 0.328204062538457
3.94648829431438 0.336243075296286
3.97993311036789 0.344378056067374
4.0133779264214 0.352605298808159
4.04682274247492 0.360920890492186
4.08026755852843 0.369320716423224
4.11371237458194 0.377800466470522
4.14715719063545 0.386355642219564
4.18060200668896 0.394981565024726
4.21404682274247 0.40367338494324
4.24749163879599 0.412426090522773
4.2809364548495 0.421234519407886
4.31438127090301 0.43009336972373
4.34782608695652 0.438997212188639
4.38127090301003 0.447940502900859
4.41471571906354 0.456917596738638
4.44816053511706 0.465922761307322
4.48160535117057 0.474950191362116
4.51505016722408 0.483994023630686
4.54849498327759 0.493048351956104
4.5819397993311 0.50210724267755
4.61538461538461 0.511164750163971
4.64882943143813 0.520214932414429
4.68227424749164 0.529251866638202
4.71571906354515 0.538269664727961
4.74916387959866 0.547262488540287
4.78260869565217 0.5562245648997
4.81605351170569 0.565150200244927
4.8494983277592 0.574033794839555
4.88294314381271 0.582869856473238
4.91638795986622 0.591653013584376
4.94983277591973 0.600378027740426
4.98327759197324 0.609039805417838
5.01672240802676 0.617633409029784
5.05016722408027 0.626154067156429
5.08361204013378 0.634597183939293
5.11705685618729 0.642958347608235
5.1505016722408 0.651233338116671
5.18394648829431 0.659418133867693
5.21739130434783 0.667508917520749
5.25083612040134 0.675502080875392
5.28428093645485 0.683394228835188
5.31772575250836 0.691182182461203
5.35117056856187 0.698862981130475
5.38461538461538 0.706433883820391
5.4180602006689 0.713892369545094
5.45150501672241 0.721236136974617
5.48494983277592 0.728463103271678
5.51839464882943 0.73557140218464
5.55183946488294 0.742559381438315
5.58528428093645 0.749425599466831
5.61872909698997 0.756168821534876
5.65217391304348 0.762788015295185
5.68561872909699 0.769282345831196
5.7190635451505 0.775651170234381
5.75250836120401 0.781894031765938
5.78595317725753 0.78801065365222
5.81939799331104 0.794000932562667
5.85284280936455 0.799864931817992
5.88628762541806 0.805602874375051
5.91973244147157 0.81121513563329
5.95317725752508 0.81670223610579
5.9866220735786 0.822064833995956
6.02006688963211 0.82730371771868
6.05351170568562 0.832419798402527
6.08695652173913 0.837414102407043
6.12040133779264 0.842287763886847
6.15384615384615 0.847042017431606
6.18729096989967 0.851678190808518
6.22073578595318 0.856197697831361
6.25418060200669 0.860602031377712
6.2876254180602 0.864892756573511
6.32107023411371 0.869071504161764
6.35451505016722 0.873139964069923
6.38795986622074 0.877099879188288
6.42140468227425 0.880953039369697
6.45484949832776 0.88470127565881
6.48829431438127 0.888346454757434
6.52173913043478 0.891890473730622
6.55518394648829 0.895335254956668
6.58862876254181 0.898682741322641
6.62207357859532 0.901934891665737
6.65551839464883 0.905093676459514
6.68896321070234 0.908161073742953
6.72240802675585 0.911139065289259
6.75585284280936 0.914029633010487
6.78929765886288 0.916834755593245
6.82274247491639 0.919556405360069
6.8561872909699 0.922196545350488
6.88963210702341 0.924757126615286
6.92307692307692 0.927240085717074
6.95652173913043 0.929647342429956
6.98996655518395 0.931980797630797
7.02341137123746 0.934242331374436
7.05685618729097 0.936433801145034
7.09030100334448 0.938557040275695
7.12374581939799 0.940613856528436
7.1571906354515 0.942606030826659
7.19063545150502 0.944535316132275
7.22408026755853 0.946403436459767
7.25752508361204 0.948212086019588
7.29096989966555 0.949962928483448
7.32441471571906 0.951657596364205
7.35785953177257 0.953297690503291
7.39130434782609 0.95488477965879
7.4247491638796 0.956420400187521
7.45819397993311 0.957906055814718
7.49163879598662 0.959343217485117
7.52508361204013 0.960733323289523
7.55852842809364 0.96207777846118
7.59197324414716 0.963377955436515
7.62541806020067 0.964635193975052
7.65886287625418 0.96585080133361
7.69230769230769 0.967026052490044
7.7257525083612 0.968162190412142
7.75919732441471 0.969260426367436
7.79264214046823 0.970321940269975
7.82608695652174 0.971347881060312
7.85953177257525 0.972339367115187
7.89297658862876 0.973297486683588
7.92642140468227 0.974223298346096
7.95986622073579 0.975117831494598
7.9933110367893 0.975982086829671
8.02675585284281 0.976817036873085
8.06020066889632 0.977623626493082
8.09364548494983 0.978402773440238
8.12709030100334 0.979155368891879
8.16053511705686 0.979882278003164
8.19397993311037 0.980584340463109
8.22742474916388 0.981262371053953
8.26086956521739 0.981917160212383
8.2943143812709 0.982549474591283
8.32775919732441 0.983160057620771
8.36120401337793 0.983749630067387
8.39464882943144 0.984318890590425
8.42809364548495 0.984868516294473
8.46153846153846 0.985399163277314
8.49498327759197 0.985911467172447
8.52842809364548 0.986406043685551
8.561872909699 0.986883489124276
8.59531772575251 0.987344380920836
8.62876254180602 0.987789278146939
8.66220735785953 0.988218722020625
8.69565217391304 0.988633236404675
8.72909698996656 0.989033328296259
8.76254180602007 0.9894194883076
8.79598662207358 0.989792191137396
8.82943143812709 0.99015189603286
8.8628762541806 0.990499047242217
8.89632107023411 0.990834074457562
8.92976588628762 0.991157393248004
8.96321070234114 0.991469405483048
8.99665551839465 0.991770499746196
9.03010033444816 0.99206105173877
9.06354515050167 0.992341424673991
9.09698996655518 0.992611969661337
9.1304347826087 0.99287302608127
9.16387959866221 0.993124921950387
9.19732441471572 0.993367974277101
9.23076923076923 0.993602489407945
9.26421404682274 0.993828763364631
9.29765886287625 0.994047082171969
9.33110367892977 0.994257722176801
9.36454849498328 0.994460950358075
9.39799331103679 0.994657024628216
9.4314381270903 0.994846194125953
9.46488294314381 0.995028699500743
9.49832775919732 0.995204773188974
9.53177257525084 0.995374639682104
9.56521739130435 0.9955385157869
9.59866220735786 0.995696610877957
9.63210702341137 0.995849127142656
9.66555183946488 0.995996259818751
9.69899665551839 0.996138197424734
9.73244147157191 0.996275121983174
9.76588628762542 0.996407209237178
9.79933110367893 0.996534628860171
9.83277591973244 0.996657544659141
9.86622073578595 0.996776114771533
9.89966555183946 0.996890491855943
9.93311036789298 0.997000823276805
9.96655518394649 0.997107251283192
10 0.997209913181935
