0 0.00236139822047779
0.0334448160535117 0.00245960834853249
0.0668896321070234 0.00256189252925647
0.100334448160535 0.00266841887628172
0.133779264214047 0.00277936236479511
0.167224080267559 0.00289490510517285
0.20066889632107 0.00301523662697956
0.234113712374582 0.00314055417367691
0.267558528428094 0.00327106300839449
0.301003344481605 0.00340697673112223
0.334448160535117 0.00354851760769037
0.367892976588629 0.00369591691090929
0.40133779264214 0.00384941527424728
0.434782608695652 0.00400926305842946
0.468227424749164 0.00417572073134593
0.501672240802676 0.00434905926166082
0.535117056856187 0.00452956052651727
0.568561872909699 0.00471751773373554
0.602006688963211 0.00491323585890239
0.635451505016722 0.0051170320977503
0.668896321070234 0.00532923633422329
0.702341137123746 0.00555019162462384
0.735785953177257 0.00578025469823087
0.769230769230769 0.00601979647477252
0.802675585284281 0.00626920259912965
0.836120401337793 0.00652887399363552
0.869565217391304 0.00679922742832449
0.903010033444816 0.00708069610946748
0.936454849498328 0.0073737302867134
0.969899665551839 0.00767879787913484
1.00334448160535 0.00799638512045125
1.03678929765886 0.00832699722367432
1.07023411371237 0.00867115906538779
1.10367892976589 0.00902941588983648
1.1371237458194 0.00940233403295767
1.17056856187291 0.00979050166644039
1.20401337792642 0.0101945295618455
1.23745819397993 0.0106150518747604
1.27090301003344 0.0110527269488956
1.30434782608696 0.011508238139959
1.33779264214047 0.0119822946590616
1.37123745819398 0.0124756324353203
1.40468227424749 0.0129890149972249
1.438127090301 0.0135232343722301
1.47157190635451 0.0140791120039147
1.50501672240803 0.0146574996859219
1.53846153846154 0.0152592805117555
1.57190635451505 0.0158853698393529
1.60535117056856 0.0165367162691919
1.63879598662207 0.0172143026345069
1.67224080267559 0.0179191470019981
1.7056856187291 0.0186523036812072
1.73913043478261 0.0194148642405047
1.77257525083612 0.020207958527395
1.80602006688963 0.0210327556905803
1.83946488294314 0.0218904652009482
1.87290969899666 0.0227823378683442
1.90635451505017 0.0237096668506754
1.93979933110368 0.0246737886515463
1.97324414715719 0.025676084102269
2.0066889632107 0.0267179793237021
2.04013377926421 0.0278009466629698
2.07357859531773 0.0289265055996763
2.10702341137124 0.0300962236157837
2.14046822742475 0.0313117170228401
2.17391304347826 0.0325746517397468
2.20735785953177 0.0338867440137315
2.24080267558528 0.035249761076648
2.2742474916388 0.0366655217281593
2.30769230769231 0.0381358968367744
2.34113712374582 0.039662809749105
2.37458193979933 0.0412482365970896
2.40802675585284 0.0428942064922984
2.44147157190635 0.0446028015957886
2.47491638795987 0.0463761570513272
2.50836120401338 0.0482164607691493
2.54180602006689 0.0501259530467616
2.5752508361204 0.0521069260126647
2.60869565217391 0.0541617228782335
2.64214046822742 0.0562927369823893
2.67558528428094 0.0585024106131217
2.70903010033445 0.0607932335893749
2.74247491638796 0.0631677415863304
2.77591973244147 0.0656285141866815
2.80936454849498 0.0681781726401443
2.84280936454849 0.0708193773131753
2.87625418060201 0.0735548248106942
2.90969899665552 0.0763872447515561
2.94314381270903 0.0793193961795906
2.97658862876254 0.0823540635922499
3.01003344481605 0.085494052569296
3.04347826086956 0.0887421849845366
3.07692307692308 0.0921012937843943
3.11036789297659 0.095574217318101
3.1438127090301 0.0991637932055552
3.17725752508361 0.102872851730393
3.21070234113712 0.106704208747613
3.24414715719064 0.110660658097199
3.27759197324415 0.114744963517578
3.31103678929766 0.118959850055515
3.34448160535117 0.12330799497213
3.37792642140468 0.127792018148155
3.41137123745819 0.13241447199537
3.44481605351171 0.137177830885334
3.47826086956522 0.142084480111039
3.51170568561873 0.147136704402025
3.54515050167224 0.152336676018713
3.57859531772575 0.157686442457266
3.61204013377926 0.163187913802117
3.64548494983278 0.16884284976943
3.67892976588629 0.174652846491022
3.7123745819398 0.180619323094776
3.74581939799331 0.18674350814413
3.77926421404682 0.193026426005776
3.81270903010033 0.199468883221274
3.84615384615385 0.206071454964621
3.87959866220736 0.212834471673969
3.91304347826087 0.219758005951431
3.94648829431438 0.226841859830247
3.97993311036789 0.234085552513299
4.0133779264214 0.241488308690957
4.04682274247492 0.249049047549474
4.08026755852843 0.256766372583345
4.11371237458194 0.264638562326253
4.14715719063545 0.272663562115207
4.18060200668896 0.280838977001195
4.21404682274247 0.289162065917036
4.24749163879599 0.297629737208988
4.2809364548495 0.306238545633101
4.31438127090301 0.31498469091014
4.34782608695652 0.323864017924246
4.38127090301003 0.33287201864026
4.41471571906354 0.342003835802969
4.44816053511706 0.351254268468399
4.48160535117057 0.360617779402867
4.51505016722408 0.370088504369944
4.54849498327759 0.379660263308842
4.5819397993311 0.389326573390402
4.61538461538461 0.399080663918801
4.64882943143813 0.408915493028818
4.68227424749164 0.418823766110036
4.71571906354515 0.428797955871127
4.74916387959866 0.438830323939612
4.78260869565217 0.448912943875458
4.81605351170569 0.459037725460907
4.8494983277592 0.469196440114257
4.88294314381271 0.479380747262216
4.91638795986622 0.489582221494117
4.94983277591973 0.499792380311976
4.98327759197324 0.510002712283208
5.01672240802676 0.520204705397955
5.05016722408027 0.530389875430497
5.08361204013378 0.540549794104178
5.11705685618729 0.550676116861645
5.1505016722408 0.560760610046979
5.18394648829431 0.570795177313351
5.21739130434783 0.5807718850791
5.25083612040134 0.59068298686632
5.28428093645485 0.600520946369153
5.31772575250836 0.610278459113508
5.35117056856187 0.61994847258596
5.38461538461538 0.629524204726445
5.4180602006689 0.638999160697218
5.45150501672241 0.648367147858677
5.48494983277592 0.657622288901145
5.51839464882943 0.666759033100001
5.55183946488294 0.675772165679597
5.58528428093645 0.684656815288796
5.61872909698997 0.693408459607623
5.65217391304348 0.702022929120115
5.68561872909699 0.710496409102965
5.7190635451505 0.718825439892672
5.75250836120401 0.727006915505714
5.78595317725753 0.735038080696496
5.81939799331104 0.742916526546598
5.85284280936455 0.750640184686032
5.88628762541806 0.758207320252879
5.91973244147157 0.765616523701859
5.95317725752508 0.772866701575048
5.9866220735786 0.779957066349362
6.02006688963211 0.786887125475409
6.05351170568562 0.793656669721234
6.08695652173913 0.800265760932257
6.12040133779264 0.806714719315552
6.15384615384615 0.813004110352615
6.18729096989967 0.819134731440119
6.22073578595318 0.825107598352801
6.25418060200669 0.830923931616925
6.2876254180602 0.83658514287663
6.32107023411371 0.842092821329097
6.35451505016722 0.847448720297969
6.38795986622074 0.852654744007866
6.42140468227425 0.857712934616274
6.45484949832776 0.862625459552625
6.48829431438127 0.867394599208068
6.52173913043478 0.87202273501331
6.55518394648829 0.876512337936084
6.58862876254181 0.880865957424213
6.62207357859532 0.885086210815007
6.65551839464883 0.889175773226827
6.68896321070234 0.893137367944102
6.72240802675585 0.896973757302891
6.75585284280936 0.900687734080277
6.78929765886288 0.904282113387396
6.82274247491639 0.907759725062822
6.8561872909699 0.911123406560257
6.88963210702341 0.914375996322055
6.92307692307692 0.917520327628008
6.95652173913043 0.920559222906998
6.98996655518395 0.923495488497631
7.02341137123746 0.92633190984266
7.05685618729097 0.92907124710105
7.09030100334448 0.931716231160703
7.12374581939799 0.93426956003429
7.1571906354515 0.936733895620265
7.19063545150502 0.939111860810857
7.22408026755853 0.941406036928814
7.25752508361204 0.943618961474661
7.29096989966555 0.945753126166467
7.32441471571906 0.947810975254324
7.35785953177257 0.949794904092131
7.39130434782609 0.951707257949704
7.4247491638796 0.953550331048678
7.45819397993311 0.955326365806274
7.49163879598662 0.957037552271512
7.52508361204013 0.958686027739087
7.55852842809364 0.960273876526775
7.59197324414716 0.961803129902831
7.62541806020067 0.96327576615053
7.65886287625418 0.96469371075764
7.69230769230769 0.966058836719272
7.7257525083612 0.967372964943194
7.75919732441471 0.968637864747323
7.79264214046823 0.969855254439751
7.82608695652174 0.97102680197224
7.85953177257525 0.972154125658723
7.89297658862876 0.973238794950907
7.92642140468227 0.974282331263628
7.95986622073579 0.97528620884312
7.9933110367893 0.976251855671867
8.02675585284281 0.977180654404194
8.06020066889632 0.97807394332718
8.09364548494983 0.978933017341942
8.12709030100334 0.979759128960715
8.16053511705686 0.980553489315572
8.19397993311037 0.981317269174949
8.22742474916388 0.982051599964525
8.26086956521739 0.982757574789304
8.2943143812709 0.983436249454037
8.32775919732441 0.984088643479436
8.36120401337793 0.984715741111859
8.39464882943144 0.985318492324408
8.42809364548495 0.985897813807604
8.46153846153846 0.986454589948018
8.49498327759197 0.986989673793416
8.52842809364548 0.987503888003183
8.561872909699 0.987998025782923
8.59531772575251 0.988472851802318
8.62876254180602 0.988929103095448
8.66220735785953 0.989367489942912
8.69565217391304 0.9897886967352
8.72909698996656 0.990193382816888
8.76254180602007 0.990582183311314
8.79598662207358 0.990955709925477
8.82943143812709 0.991314551735012
8.8628762541806 0.991659275949119
8.89632107023411 0.991990428655442
8.92976588628762 0.992308535544911
8.96321070234114 0.992614102616644
8.99665551839465 0.992907616863023
9.03010033444816 0.993189546935137
9.06354515050167 0.993460343788791
9.09698996655518 0.993720441311327
9.1304347826087 0.993970256929524
9.16387959866221 0.99421019219889
9.19732441471572 0.994440633374644
9.23076923076923 0.994661951964738
9.26421404682274 0.994874505265272
9.29765886287625 0.99507863687866
9.33110367892977 0.995274677214923
9.36454849498328 0.995462943976498
9.39799331103679 0.995643742626957
9.4314381270903 0.995817366844006
9.46488294314381 0.995984098957198
9.49832775919732 0.99614421037072
9.53177257525084 0.996297961971687
9.56521739130435 0.996445604524312
9.59866220735786 0.996587379050367
9.63210702341137 0.996723517196313
9.66555183946488 0.996854241587493
9.69899665551839 0.996979766169783
9.73244147157191 0.997100296539049
9.76588628762542 0.99721603025882
9.79933110367893 0.99732715716651
9.83277591973244 0.997433859668572
9.86622073578595 0.997536313024927
9.89966555183946 0.997634685623012
9.93311036789298 0.997729139241788
9.96655518394649 0.997819829306041
10 0.997906905131292
