0 0.00107868283492657
0.0334448160535117 0.00112574538116423
0.0668896321070234 0.00117485883449119
0.100334448160535 0.00122611235471146
0.133779264214047 0.00127959895851229
0.167224080267559 0.001335415684594
0.20066889632107 0.00139366376571675
0.234113712374582 0.00145444880794029
0.267558528428094 0.00151788097734245
0.301003344481605 0.00158407519451201
0.334448160535117 0.00165315133712205
0.367892976588629 0.00172523445089999
0.40133779264214 0.00180045496932134
0.434782608695652 0.00187894894236493
0.468227424749164 0.0019608582746783
0.501672240802676 0.00204633097351314
0.535117056856187 0.00213552140680186
0.568561872909699 0.00222859057175768
0.602006688963211 0.00232570637439222
0.635451505016722 0.00242704392035582
0.668896321070234 0.00253278581751756
0.702341137123746 0.0026431224907131
0.735785953177257 0.00275825250910026
0.769230769230769 0.00287838292657295
0.802675585284281 0.00300372963569578
0.836120401337793 0.00313451773563184
0.869565217391304 0.00327098191454716
0.903010033444816 0.00341336684698507
0.936454849498328 0.00356192760671365
0.969899665551839 0.00371693009555797
1.00334448160535 0.00387865148873777
1.03678929765886 0.00404738069723806
1.07023411371237 0.00422341884774738
1.10367892976589 0.00440707978070332
1.1371237458194 0.00459869056698947
1.17056856187291 0.00479859204383092
1.20401337792642 0.00500713937043619
1.23745819397993 0.0052247026039334
1.27090301003344 0.00545166729614557
1.30434782608696 0.00568843511174517
1.33779264214047 0.00593542446832063
1.37123745819398 0.00619307119887729
1.40468227424749 0.00646182923728188
1.438127090301 0.00674217132714281
1.47157190635451 0.00703458975459791
1.50501672240803 0.00733959710545638
1.53846153846154 0.00765772704711209
1.57190635451505 0.00798953513561088
1.60535117056856 0.00833559964821411
1.63879598662207 0.00869652244175457
1.67224080267559 0.00907292983702757
1.7056856187291 0.00946547352939984
1.73913043478261 0.00987483152575083
1.77257525083612 0.0103017091077834
1.80602006688963 0.0107468398216557
1.83946488294314 0.0112109864937885
1.87290969899666 0.011694942272596
1.90635451505017 0.0121995316957679
1.93979933110368 0.0127256117825996
1.97324414715719 0.0132740731507211
2.0066889632107 0.0138458411564148
2.04013377926421 0.0144418770575364
2.07357859531773 0.0150631791978603
2.10702341137124 0.0157107842114586
2.14046822742475 0.0163857682454949
2.17391304347826 0.0170892481995581
2.20735785953177 0.0178223829793971
2.24080267558528 0.0185863747626113
2.2742474916388 0.0193824702735418
2.30769230769231 0.020211962064255
2.34113712374582 0.0210761897981425
2.37458193979933 0.0219765415322587
2.40802675585284 0.0229144549940869
2.44147157190635 0.0238914188479661
2.47491638795987 0.0249089739459168
2.50836120401338 0.0259687145570782
2.54180602006689 0.027072289569414
2.5752508361204 0.0282214036567479
2.60869565217391 0.0294178184035635
2.64214046822742 0.0306633533793413
2.67558528428094 0.0319598871535076
2.70903010033445 0.0333093582413373
2.74247491638796 0.0347137659703885
2.77591973244147 0.0361751712562447
2.80936454849498 0.0376956972755157
2.84280936454849 0.0392775300231853
2.87625418060201 0.0409229187405125
2.90969899665552 0.0426341761987883
2.94314381270903 0.0444136788233222
2.97658862876254 0.0462638666411039
3.01003344481605 0.0481872430346386
3.04347826086956 0.0501863742835197
3.07692307692308 0.0522638888743733
3.11036789297659 0.054422476558902
3.1438127090301 0.0566648871388799
3.17725752508361 0.0589939289561224
3.21070234113712 0.0614124670646831
3.24414715719064 0.0639234210618364
3.27759197324415 0.066529762553803
3.31103678929766 0.0692345122316868
3.34448160535117 0.0720407365327396
3.37792642140468 0.0749515438618701
3.41137123745819 0.0779700803483009
3.44481605351171 0.0810995251124666
3.47826086956522 0.0843430850186779
3.51170568561873 0.0877039888897626
3.54515050167224 0.0911854811608865
3.57859531772575 0.0947908149510642
3.61204013377926 0.0985232445325388
3.64548494983278 0.102386017180263
3.67892976588629 0.106382364386186
3.7123745819398 0.110515492425966
3.74581939799331 0.114788572269128
3.77926421404682 0.119204728827557
3.81270903010033 0.123767029541652
3.84615384615385 0.128478472308386
3.87959866220736 0.133341972761012
3.91304347826087 0.138360350916204
3.94648829431438 0.143536317210987
3.97993311036789 0.148872457958936
4.0133779264214 0.154371220262746
4.04682274247492 0.160034896428362
4.08026755852843 0.165865607934401
4.11371237458194 0.171865289019445
4.14715719063545 0.178035669959022
4.18060200668896 0.184378260113401
4.21404682274247 0.190894330836858
4.24749163879599 0.197584898348464
4.2809364548495 0.204450706673782
4.31438127090301 0.211492210775777
4.34782608695652 0.218709560001785
4.38127090301003 0.226102581981217
4.41471571906354 0.233670767115681
4.44816053511706 0.241413253809216
4.48160535117057 0.249328814591104
4.51505016722408 0.257415843287103
4.54849498327759 0.265672343396706
4.5819397993311 0.274095917834073
4.61538461538461 0.282683760188328
4.64882943143813 0.291432647654946
4.68227424749164 0.300338935783752
4.71571906354515 0.309398555180607
4.74916387959866 0.3186070102891
4.78260869565217 0.327959380365435
4.81605351170569 0.337450322744318
4.8494983277592 0.34707407847608
4.88294314381271 0.356824480395572
4.91638795986622 0.366694963661836
4.94983277591973 0.376678578784366
4.98327759197324 0.386768007127201
5.01672240802676 0.396955578856504
5.05016722408027 0.40723329327103
5.08361204013378 0.417592841428342
5.11705685618729 0.428025630953292
5.1505016722408 0.438522812889525
5.18394648829431 0.44907531043004
5.21739130434783 0.459673849339679
5.25083612040134 0.470308989861115
5.28428093645485 0.480971159876974
5.31772575250836 0.491650689084484
5.35117056856187 0.502337843925829
5.38461538461538 0.513022863007414
5.4180602006689 0.523695992734788
5.45150501672241 0.534347522887117
5.48494983277592 0.544967821855883
5.51839464882943 0.555547371276951
5.55183946488294 0.56607679979316
5.58528428093645 0.576546915696001
5.61872909698997 0.58694873820952
5.65217391304348 0.597273527197073
5.68561872909699 0.607512811091549
5.7190635451505 0.617658412871839
5.75250836120401 0.627702473932267
5.78595317725753 0.637637475716887
5.81939799331104 0.647456259016655
5.85284280936455 0.657152040853933
5.88628762541806 0.666718428905293
5.91973244147157 0.676149433439552
5.95317725752508 0.685439476773191
5.9866220735786 0.694583400269298
6.02006688963211 0.703576468928675
6.05351170568562 0.712414373642512
6.08695652173913 0.721093231194809
6.12040133779264 0.729609582119356
6.15384615384615 0.737960386530505
6.18729096989967 0.746143018059019
6.22073578595318 0.754155256034081
6.25418060200669 0.761995276059946
6.2876254180602 0.769661639140985
6.32107023411371 0.777153279511896
6.35451505016722 0.784469491330954
6.38795986622074 0.791609914393323
6.42140468227425 0.798574519019007
6.45484949832776 0.805363590265956
6.48829431438127 0.81197771161354
6.52173913043478 0.818417748255125
6.55518394648829 0.824684830131093
6.58862876254181 0.830780334825472
6.62207357859532 0.836705870440647
6.65551839464883 0.842463258555467
6.68896321070234 0.848054517362715
6.72240802675585 0.85348184507241
6.75585284280936 0.858747603657985
6.78929765886288 0.863854303013093
6.82274247491639 0.868804585577686
6.8561872909699 0.873601211483344
6.88963210702341 0.87824704425942
6.92307692307692 0.88274503713373
6.95652173913043 0.887098219954075
6.98996655518395 0.891309686750014
7.02341137123746 0.895382583947958
7.05685618729097 0.899320099246866
7.09030100334448 0.903125451156559
7.12374581939799 0.906801879195967
7.1571906354515 0.910352634744461
7.19063545150502 0.913780972535729
7.22408026755853 0.917090142780482
7.25752508361204 0.920283383901569
7.29096989966555 0.923363915862785
7.32441471571906 0.92633493407076
7.35785953177257 0.929199603827847
7.39130434782609 0.931961055312724
7.4247491638796 0.934622379064592
7.45819397993311 0.937186621946276
7.49163879598662 0.939656783561208
7.52508361204013 0.942035813099178
7.55852842809364 0.94432660658584
7.59197324414716 0.946532004511222
7.62541806020067 0.948654789812905
7.65886287625418 0.950697686190082
7.69230769230769 0.952663356725356
7.7257525083612 0.954554402791835
7.75919732441471 0.956373363223935
7.79264214046823 0.958122713731093
7.82608695652174 0.959804866534532
7.85953177257525 0.9614221702081
7.89297658862876 0.962976909705171
7.92642140468227 0.964471306554506
7.95986622073579 0.96590751920894
7.9933110367893 0.967287643531665
8.02675585284281 0.968613713405821
8.06020066889632 0.969887701453979
8.09364548494983 0.971111519854991
8.12709030100334 0.972287021246525
8.16053511705686 0.973415999702412
8.19397993311037 0.974500191774716
8.22742474916388 0.975541277591205
8.26086956521739 0.976540881999605
8.2943143812709 0.977500575750687
8.32775919732441 0.978421876712932
8.36120401337793 0.979306251112066
8.39464882943144 0.980155114789393
8.42809364548495 0.980969834473364
8.46153846153846 0.981751729059335
8.49498327759197 0.982502070892967
8.52842809364548 0.983222087053131
8.561872909699 0.98391296063063
8.59531772575251 0.98457583199943
8.62876254180602 0.985211800077437
8.66220735785953 0.985821923574215
8.69565217391304 0.986407222223334
8.72909698996656 0.986968677997316
8.76254180602007 0.987507236303443
8.79598662207358 0.988023807158883
8.82943143812709 0.988519266343855
8.8628762541806 0.988994456531742
8.89632107023411 0.989450188395233
8.92976588628762 0.989887241687768
8.96321070234114 0.990306366299692
8.99665551839465 0.990708283288687
9.03010033444816 0.991093685884154
9.06354515050167 0.991463240465337
9.09698996655518 0.991817587513102
9.1304347826087 0.992157342535349
9.16387959866221 0.992483096966129
9.19732441471572 0.992795419038628
9.23076923076923 0.993094854632194
9.26421404682274 0.993381928093718
9.29765886287625 0.993657143033647
9.33110367892977 0.993920983097011
9.36454849498328 0.994173912709862
9.39799331103679 0.994416377801539
9.4314381270903 0.994648806503242
9.46488294314381 0.994871609823376
9.49832775919732 0.995085182300175
9.53177257525084 0.995289902632113
9.56521739130435 0.995486134286646
9.59866220735786 0.9956742260878
9.63210702341137 0.995854512783161
9.66555183946488 0.996027315590815
9.69899665551839 0.996192942726773
9.73244147157191 0.996351689913441
9.76588628762542 0.996503840869684
9.79933110367893 0.996649667783003
9.83277591973244 0.996789431764396
9.86622073578595 0.996923383286407
9.89966555183946 0.997051762604902
9.93311036789298 0.997174800165088
9.96655518394649 0.997292716992272
10 0.997405725067875
