0 0.00497733663925834
0.0334448160535117 0.00514961777093694
0.0668896321070234 0.00532783015968101
0.100334448160535 0.00551217575790205
0.133779264214047 0.00570286323609777
0.167224080267559 0.00590010819517823
0.20066889632107 0.00610413338470753
0.234113712374582 0.00631516892716748
0.267558528428094 0.00653345254834682
0.301003344481605 0.0067592298139558
0.334448160535117 0.00699275437256266
0.367892976588629 0.00723428820494339
0.40133779264214 0.00748410187993149
0.434782608695652 0.00774247481684821
0.468227424749164 0.00800969555458748
0.501672240802676 0.0082860620274221
0.535117056856187 0.00857188184758955
0.568561872909699 0.00886747259470678
0.602006688963211 0.00917316211205266
0.635451505016722 0.0094892888097463
0.668896321070234 0.00981620197483624
0.702341137123746 0.0101542620883025
0.735785953177257 0.0105038411489584
0.769230769230769 0.0108653230042228
0.802675585284281 0.0112391036877157
0.836120401337793 0.0116255917636111
0.869565217391304 0.0120252086776589
0.903010033444816 0.0124383891147676
0.936454849498328 0.0128655813630114
0.969899665551839 0.0133072476839023
1.00334448160535 0.0137638646887362
1.03678929765886 0.0142359237207937
1.07023411371237 0.0147239312431407
1.10367892976589 0.0152284092317414
1.1371237458194 0.0157498955735542
1.17056856187291 0.0162889444692447
1.20401337792642 0.0168461268401012
1.23745819397993 0.0174220307386973
1.27090301003344 0.0180172617627892
1.30434782608696 0.018632443471891
1.33779264214047 0.0192682178059055
1.37123745819398 0.0199252455051356
1.40468227424749 0.0206042065309341
1.438127090301 0.021305800486182
1.47157190635451 0.0220307470347158
1.50501672240803 0.0227797863187477
1.53846153846154 0.0235536793732428
1.57190635451505 0.0243532085361343
1.60535117056856 0.0251791778531682
1.63879598662207 0.0260324134760774
1.67224080267559 0.0269137640526864
1.7056856187291 0.0278241011074462
1.73913043478261 0.0287643194107934
1.77257525083612 0.0297353373356129
1.80602006688963 0.0307380971989718
1.83946488294314 0.0317735655871666
1.87290969899666 0.0328427336620045
1.90635451505017 0.0339466174461065
1.93979933110368 0.0350862580848876
1.97324414715719 0.0362627220827298
2.0066889632107 0.0374771015107222
2.04013377926421 0.0387305141831951
2.07357859531773 0.0400241038001276
2.10702341137124 0.041359040052353
2.14046822742475 0.0427365186863349
2.17391304347826 0.0441577615251291
2.20735785953177 0.0456240164419872
2.24080267558528 0.0471365572829029
2.2742474916388 0.0486966837342419
2.30769230769231 0.0503057211314421
2.34113712374582 0.0519650202046138
2.37458193979933 0.0536759567567248
2.40802675585284 0.0554399312699033
2.44147157190635 0.0572583684352588
2.47491638795987 0.059132716601486
2.50836120401338 0.0610644471373967
2.54180602006689 0.0630550537034146
2.5752508361204 0.0651060514269721
2.60869565217391 0.0672189759766635
2.64214046822742 0.0693953825299527
2.67558528428094 0.0716368446291812
2.70903010033445 0.0739449529206116
2.74247491638796 0.0763213137712391
2.77591973244147 0.0787675477581441
2.80936454849498 0.0812852880252184
2.84280936454849 0.0838761785022014
2.87625418060201 0.0865418719810993
2.90969899665552 0.0892840280452365
2.94314381270903 0.0921043108464135
2.97658862876254 0.0950043867259154
3.01003344481605 0.0979859216754352
3.04347826086956 0.101050578634352
3.07692307692308 0.104200014620239
3.11036789297659 0.107435877689963
3.1438127090301 0.110759803729307
3.17725752508361 0.114173413069653
3.21070234113712 0.117678306930973
3.24414715719064 0.121276063691113
3.27759197324415 0.124968234982224
3.31103678929766 0.128756341616066
3.34448160535117 0.132641869340912
3.37792642140468 0.136626264433836
3.41137123745819 0.140710929133282
3.44481605351171 0.144897216918026
3.47826086956522 0.149186427639895
3.51170568561873 0.153579802518959
3.54515050167224 0.158078519011283
3.57859531772575 0.162683685560793
3.61204013377926 0.16739633624829
3.64548494983278 0.172217425352191
3.67892976588629 0.177147821837141
3.7123745819398 0.182188303788223
3.74581939799331 0.18733955281007
3.77926421404682 0.192602148411808
3.81270903010033 0.197976562400282
3.84615384615385 0.203463153305565
3.87959866220736 0.209062160864236
3.91304347826087 0.214773700587299
3.94648829431438 0.220597758440925
3.97993311036789 0.226534185669429
4.0133779264214 0.23258269379094
4.04682274247492 0.238742849797135
4.08026755852843 0.245014071589202
4.11371237458194 0.251395623682689
4.14715719063545 0.257886613214289
4.18060200668896 0.264485986283695
4.21404682274247 0.271192524663522
4.24749163879599 0.2780048429099
4.2809364548495 0.284921385905627
4.31438127090301 0.29194042686682
4.34782608695652 0.299060065842691
4.38127090301003 0.306278228736493
4.41471571906354 0.31359266687378
4.44816053511706 0.321000957141881
4.48160535117057 0.328500502721978
4.51505016722408 0.336088534432353
4.54849498327759 0.343762112698223
4.5819397993311 0.351518130160237
4.61538461538461 0.35935331493003
4.64882943143813 0.367264234497402
4.68227424749164 0.375247300289615
4.71571906354515 0.383298772879107
4.74916387959866 0.391414767831564
4.78260869565217 0.399591262181888
4.81605351170569 0.40782410152115
4.8494983277592 0.416109007673145
4.88294314381271 0.424441586934796
4.91638795986622 0.432817338850345
4.94983277591973 0.441231665485149
4.98327759197324 0.449679881160928
5.01672240802676 0.458157222610654
5.05016722408027 0.466658859507829
5.08361204013378 0.475179905321849
5.11705685618729 0.483715428448446
5.1505016722408 0.492260463561883
5.18394648829431 0.500810023133734
5.21739130434783 0.509359109061657
5.25083612040134 0.517902724350636
5.28428093645485 0.526435884788726
5.31772575250836 0.53495363055938
5.35117056856187 0.543451037732973
5.38461538461538 0.55192322958117
5.4180602006689 0.560365387659272
5.45150501672241 0.568772762603639
5.48494983277592 0.577140684593652
5.51839464882943 0.58546457343046
5.55183946488294 0.593739948187903
5.58528428093645 0.601962436394449
5.61872909698997 0.61012778270876
5.65217391304348 0.618231857055424
5.68561872909699 0.626270662191655
5.7190635451505 0.634240340679975
5.75250836120401 0.64213718124638
5.78595317725753 0.649957624507901
5.81939799331104 0.657698268057942
5.85284280936455 0.665355870902173
5.88628762541806 0.672927357242075
5.91973244147157 0.68040981960743
5.95317725752508 0.687800521343037
5.9866220735786 0.6950968984588
6.02006688963211 0.702296560855884
6.05351170568562 0.709397292944998
6.08695652173913 0.716397053675914
6.12040133779264 0.723293976000115
6.15384615384615 0.730086365790922
6.18729096989967 0.736772700247633
6.22073578595318 0.743351625812027
6.25418060200669 0.749821955627158
6.2876254180602 0.756182666569547
6.32107023411371 0.762432895886849
6.35451505016722 0.768571937473681
6.38795986622074 0.77459923781865
6.42140468227425 0.780514391655727
6.45484949832776 0.78631713735295
6.48829431438127 0.792007352071056
6.52173913043478 0.797585046724036
6.55518394648829 0.803050360772854
6.58862876254181 0.808403556882597
6.62207357859532 0.813645015472224
6.65551839464883 0.818775229184876
6.68896321070234 0.823794797305359
6.72240802675585 0.828704420150003
6.75585284280936 0.833504893452608
6.78929765886288 0.838197102768657
6.82274247491639 0.84278201791839
6.8561872909699 0.847260687487773
6.88963210702341 0.851634233404777
6.92307692307692 0.855903845606802
6.95652173913043 0.860070776813551
6.98996655518395 0.864136337418082
7.02341137123746 0.868101890507327
7.05685618729097 0.871968847021895
7.09030100334448 0.875738661063614
7.12374581939799 0.879412825357925
7.1571906354515 0.882992866877026
7.19063545150502 0.886480342628421
7.22408026755853 0.889876835612476
7.25752508361204 0.893183950951492
7.29096989966555 0.896403312191865
7.32441471571906 0.899536557780013
7.35785953177257 0.902585337711908
7.39130434782609 0.905551310355317
7.4247491638796 0.908436139443181
7.45819397993311 0.911241491235939
7.49163879598662 0.913969031850064
7.52508361204013 0.916620424749611
7.55852842809364 0.919197328397118
7.59197324414716 0.921701394059881
7.62541806020067 0.924134263767286
7.65886287625418 0.92649756841462
7.69230769230769 0.928792926008575
7.7257525083612 0.931021940049503
7.75919732441471 0.933186198045313
7.79264214046823 0.935287270151848
7.82608695652174 0.937326707934492
7.85953177257525 0.939306043245753
7.89297658862876 0.941226787213531
7.92642140468227 0.943090429334866
7.95986622073579 0.944898436669923
7.9933110367893 0.94665225313113
8.02675585284281 0.948353298862395
8.06020066889632 0.950002969703463
8.09364548494983 0.951602636734596
8.12709030100334 0.953153645896839
8.16053511705686 0.954657317683319
8.19397993311037 0.956114946897127
8.22742474916388 0.957527802471503
8.26086956521739 0.958897127348169
8.2943143812709 0.960224138409847
8.32775919732441 0.96151002646311
8.36120401337793 0.962755956267915
8.39464882943144 0.963963066610297
8.42809364548495 0.965132470414861
8.46153846153846 0.966265254893891
8.49498327759197 0.967362481730017
8.52842809364548 0.96842518728955
8.561872909699 0.969454382863738
8.59531772575251 0.97045105493536
8.62876254180602 0.971416165468172
8.66220735785953 0.972350652216916
8.69565217391304 0.973255429055679
8.72909698996656 0.974131386322569
8.76254180602007 0.974979391178755
8.79598662207358 0.975800287980076
8.82943143812709 0.976594898659505
8.8628762541806 0.977364023118897
8.89632107023411 0.978108439628531
8.92976588628762 0.978828905233069
8.96321070234114 0.97952615616265
8.99665551839465 0.980200908247929
9.03010033444816 0.98085385733795
9.06354515050167 0.981485679719847
9.09698996655518 0.98209703253942
9.1304347826087 0.982688554221722
9.16387959866221 0.983260864890867
9.19732441471572 0.983814566788317
9.23076923076923 0.984350244689
9.26421404682274 0.984868466314632
9.29765886287625 0.98536978274371
9.33110367892977 0.985854728817665
9.36454849498328 0.986323823542727
9.39799331103679 0.986777570487107
9.4314381270903 0.987216458173129
9.46488294314381 0.987640960463985
9.49832775919732 0.988051536944848
9.53177257525084 0.988448633298086
9.56521739130435 0.988832681672355
9.59866220735786 0.989204101045406
9.63210702341137 0.989563297580429
9.66555183946488 0.989910664975823
9.69899665551839 0.990246584808273
9.73244147157191 0.990571426869056
9.76588628762542 0.990885549493518
9.79933110367893 0.991189299883665
9.83277591973244 0.991483014423862
9.86622073578595 0.991767018989606
9.89966555183946 0.992041629249402
9.93311036789298 0.992307150959736
9.96655518394649 0.992563880253198
10 0.992812103919774
