0 0.0245447815565577
0.0334448160535117 0.0250398186822407
0.0668896321070234 0.0255445786176152
0.100334448160535 0.0260592416850434
0.133779264214047 0.0265839911184559
0.167224080267559 0.0271190130924495
0.20066889632107 0.0276644967508695
0.234113712374582 0.028220634234828
0.267558528428094 0.0287876207101114
0.301003344481605 0.0293656543939246
0.334448160535117 0.0299549365809208
0.367892976588629 0.0305556716684617
0.40133779264214 0.0311680671810504
0.434782608695652 0.0317923337938802
0.468227424749164 0.0324286853554362
0.501672240802676 0.0330773389090879
0.535117056856187 0.0337385147136068
0.568561872909699 0.034412436262541
0.602006688963211 0.0350993303023772
0.635451505016722 0.0357994268494177
0.668896321070234 0.0365129592052971
0.702341137123746 0.0372401639710615
0.735785953177257 0.0379812810597307
0.769230769230769 0.0387365537072615
0.802675585284281 0.0395062284818263
0.836120401337793 0.0402905552913205
0.869565217391304 0.0410897873890088
0.903010033444816 0.0419041813772171
0.936454849498328 0.0427339972089766
0.969899665551839 0.0435794981875206
1.00334448160535 0.0444409509635345
1.03678929765886 0.0453186255300567
1.07023411371237 0.046212795214924
1.10367892976589 0.0471237366706536
1.1371237458194 0.0480517298616513
1.17056856187291 0.0489970580486333
1.20401337792642 0.0499600077701434
1.23745819397993 0.0509408688210513
1.27090301003344 0.0519399342279073
1.30434782608696 0.0529575002210333
1.33779264214047 0.0539938662032234
1.37123745819398 0.0550493347149265
1.40468227424749 0.0561242113957817
1.438127090301 0.057218804942374
1.47157190635451 0.0583334270620768
1.50501672240803 0.0594683924228454
1.53846153846154 0.0606240185988243
1.57190635451505 0.0618006260116284
1.60535117056856 0.0629985378671587
1.63879598662207 0.0642180800878098
1.67224080267559 0.0654595812399268
1.7056856187291 0.0667233724563673
1.73913043478261 0.0680097873540239
1.77257525083612 0.0693191619461629
1.80602006688963 0.0706518345494323
1.83946488294314 0.0720081456853954
1.87290969899666 0.0733884379764431
1.90635451505017 0.0747930560359422
1.93979933110368 0.0762223463524736
1.97324414715719 0.0776766571680199
2.0066889632107 0.0791563383499603
2.04013377926421 0.0806617412567326
2.07357859531773 0.0821932185970277
2.10702341137124 0.0837511242823787
2.14046822742475 0.0853358132730173
2.17391304347826 0.0869476414168651
2.20735785953177 0.0885869652815403
2.24080267558528 0.090254141979256
2.2742474916388 0.0919495289844992
2.30769230769231 0.0936734839443785
2.34113712374582 0.0954263644815379
2.37458193979933 0.0972085279895416
2.40802675585284 0.0990203314206372
2.44147157190635 0.100862131065818
2.47491638795987 0.102734282327108
2.50836120401338 0.104637139482007
2.54180602006689 0.106571055440041
2.5752508361204 0.10853638149137
2.60869565217391 0.110533467047417
2.64214046822742 0.112562659373507
2.67558528428094 0.114624303313492
2.70903010033445 0.116718741006371
2.74247491638796 0.118846311594917
2.77591973244147 0.121007350926358
2.80936454849498 0.123202191245125
2.84280936454849 0.125431160877769
2.87625418060201 0.127694583910087
2.90969899665552 0.129992779856587
2.94314381270903 0.132326063322372
2.97658862876254 0.134694743657608
3.01003344481605 0.137099124604704
3.04347826086956 0.139539503938383
3.07692307692308 0.142016173098847
3.11036789297659 0.144529416818231
3.1438127090301 0.1470795127406
3.17725752508361 0.149666731035742
3.21070234113712 0.152291334007036
3.24414715719064 0.154953575693702
3.27759197324415 0.157653701467777
3.31103678929766 0.160391947626148
3.34448160535117 0.163168540978047
3.37792642140468 0.165983698428398
3.41137123745819 0.168837626557458
3.44481605351171 0.171730521197205
3.47826086956522 0.174662567004954
3.51170568561873 0.177633937034723
3.54515050167224 0.180644792306877
3.57859531772575 0.183695281376612
3.61204013377926 0.186785539901879
3.64548494983278 0.189915690211352
3.67892976588629 0.193085840873079
3.7123745819398 0.196296086264504
3.74581939799331 0.199546506144516
3.77926421404682 0.202837165228273
3.81270903010033 0.206168112765508
3.84615384615385 0.209539382123104
3.87959866220736 0.2129509903727
3.91304347826087 0.216402937884132
3.94648829431438 0.219895207925543
3.97993311036789 0.223427766270974
4.0133779264214 0.227000560816314
4.04682274247492 0.230613521204465
4.08026755852843 0.234266558460602
4.11371237458194 0.237959564638426
4.14715719063545 0.241692412478302
4.18060200668896 0.245464955078201
4.21404682274247 0.249277025578347
4.24749163879599 0.253128436860492
4.2809364548495 0.25701898126273
4.31438127090301 0.260948430310757
4.34782608695652 0.264916534466498
4.38127090301003 0.268923022894983
4.41471571906354 0.272967603250374
4.44816053511706 0.277049961482011
4.48160535117057 0.281169761661334
4.51505016722408 0.285326645830521
4.54849498327759 0.289520233873668
4.5819397993311 0.293750123411284
4.61538461538461 0.298015889718873
4.64882943143813 0.302317085670338
4.68227424749164 0.306653241706891
4.71571906354515 0.311023865832132
4.74916387959866 0.315428443633915
4.78260869565217 0.319866438333571
4.81605351170569 0.324337290863009
4.8494983277592 0.328840419970184
4.88294314381271 0.333375222353331
4.91638795986622 0.337941072824362
4.94983277591973 0.342537324501709
4.98327759197324 0.347163309032877
5.01672240802676 0.351818336846892
5.05016722408027 0.356501697436758
5.08361204013378 0.361212659671994
5.11705685618729 0.365950472141217
5.1505016722408 0.37071436352471
5.18394648829431 0.375503542996804
5.21739130434783 0.380317200657861
5.25083612040134 0.385154507995551
5.28428093645485 0.390014618375056
5.31772575250836 0.39489666755775
5.35117056856187 0.399799774247845
5.38461538461538 0.404723040666397
5.4180602006689 0.409665553152016
5.45150501672241 0.414626382787544
5.48494983277592 0.419604586051879
5.51839464882943 0.424599205496079
5.55183946488294 0.4296092704428
5.58528428093645 0.434633797708044
5.61872909698997 0.439671792344155
5.65217391304348 0.444722248402919
5.68561872909699 0.449784149717573
5.7190635451505 0.454856470702476
5.75250836120401 0.459938177169136
5.78595317725753 0.465028227157247
5.81939799331104 0.470125571779341
5.85284280936455 0.475229156077604
5.88628762541806 0.480337919891414
5.91973244147157 0.485450798734062
5.95317725752508 0.490566724677148
5.9866220735786 0.495684627241087
6.02006688963211 0.500803434290148
6.05351170568562 0.50592207293044
6.08695652173913 0.511039470409251
6.12040133779264 0.516154555014136
6.15384615384615 0.521266256970146
6.18729096989967 0.526373509333623
6.22073578595318 0.531475248880945
6.25418060200669 0.536570416990689
6.2876254180602 0.54165796051763
6.32107023411371 0.546736832657069
6.35451505016722 0.551805993797996
6.38795986622074 0.556864412363618
6.42140468227425 0.561911065637827
6.45484949832776 0.566944940576243
6.48829431438127 0.571965034600475
6.52173913043478 0.576970356374329
6.55518394648829 0.581959926560719
6.58862876254181 0.586932778558117
6.62207357859532 0.591887959215408
6.65551839464883 0.596824529524111
6.68896321070234 0.601741565286955
6.72240802675585 0.606638157761911
6.75585284280936 0.611513414280791
6.78929765886288 0.616366458841658
6.82274247491639 0.62119643267431
6.8561872909699 0.626002494778209
6.88963210702341 0.63078382243227
6.92307692307692 0.635539611676038
6.95652173913043 0.640269077761795
6.98996655518395 0.644971455577288
7.02341137123746 0.649646000038771
7.05685618729097 0.654291986454169
7.09030100334448 0.658908710856242
7.12374581939799 0.663495490305675
7.1571906354515 0.668051663164103
7.19063545150502 0.672576589337161
7.22408026755853 0.677069650487688
7.25752508361204 0.681530250219297
7.29096989966555 0.685957814230578
7.32441471571906 0.690351790440268
7.35785953177257 0.694711649083754
7.39130434782609 0.699036882781383
7.4247491638796 0.703327006579026
7.45819397993311 0.707581557961482
7.49163879598662 0.711800096839265
7.52508361204013 0.715982205509443
7.55852842809364 0.720127488591167
7.59197324414716 0.724235572936617
7.62541806020067 0.72830610751809
7.65886287625418 0.732338763292022
7.69230769230769 0.736333233040715
7.7257525083612 0.740289231192618
7.75919732441471 0.744206493621998
7.79264214046823 0.748084777428854
7.82608695652174 0.751923860699974
7.85953177257525 0.755723542252009
7.89297658862876 0.759483641357475
7.92642140468227 0.763203997454591
7.95986622073579 0.766884469841862
7.9933110367893 0.770524937358328
8.02675585284281 0.774125298050383
8.06020066889632 0.777685468826091
8.09364548494983 0.78120538509789
8.12709030100334 0.784685000414586
8.16053511705686 0.788124286083532
8.19397993311037 0.79152323078386
8.22742474916388 0.794881840171635
8.26086956521739 0.798200136477779
8.2943143812709 0.801478158099597
8.32775919732441 0.804715959186713
8.36120401337793 0.807913609222227
8.39464882943144 0.811071192599845
8.42809364548495 0.814188808197752
8.46153846153846 0.817266568949953
8.49498327759197 0.820304601415786
8.52842809364548 0.823303045348293
8.561872909699 0.826262053262105
8.59531772575251 0.829181790001473
8.62876254180602 0.832062432309062
8.66220735785953 0.834904168396067
8.69565217391304 0.837707197514234
8.72909698996656 0.840471729530291
8.76254180602007 0.843197984503309
8.79598662207358 0.845886192265452
8.82943143812709 0.848536592006588
8.8628762541806 0.851149431863159
8.89632107023411 0.853724968511734
8.92976588628762 0.856263466767593
8.96321070234114 0.858765199188716
8.99665551839465 0.861230445685474
9.03010033444816 0.863659493136342
9.06354515050167 0.866052635009892
9.09698996655518 0.868410170993336
9.1304347826087 0.87073240662783
9.16387959866221 0.873019652950763
9.19732441471572 0.875272226145203
9.23076923076923 0.877490447196677
9.26421404682274 0.879674641557425
9.29765886287625 0.881825138818256
9.33110367892977 0.883942272388112
9.36454849498328 0.886026379181431
9.39799331103679 0.888077799313386
9.4314381270903 0.890096875803053
9.46488294314381 0.892083954284539
9.49832775919732 0.894039382726126
9.53177257525084 0.895963511157402
9.56521739130435 0.897856691404411
9.59866220735786 0.899719276832794
9.63210702341137 0.901551622098891
9.66555183946488 0.903354082908776
9.69899665551839 0.905127015785167
9.73244147157191 0.906870777842167
9.76588628762542 0.90858572656774
9.79933110367893 0.91027221961389
9.83277591973244 0.911930614594406
9.86622073578595 0.913561268890132
9.89966555183946 0.915164539461616
9.93311036789298 0.916740782669078
9.96655518394649 0.918290354099543
10 0.919813608401061
