0 0.0136065548562913
0.0334448160535117 0.0139192039244068
0.0668896321070234 0.0142389332853347
0.100334448160535 0.0145658984637734
0.133779264214047 0.0149002581770518
0.167224080267559 0.0152421743902037
0.20066889632107 0.0155918123714857
0.234113712374582 0.015949340748313
0.267558528428094 0.0163149315635877
0.301003344481605 0.0166887603323899
0.334448160535117 0.0170710060990027
0.367892976588629 0.0174618514942367
0.40133779264214 0.017861482793021
0.434782608695652 0.0182700899722222
0.468227424749164 0.018687866768652
0.501672240802676 0.0191150107372214
0.535117056856187 0.0195517233091969
0.568561872909699 0.0199982098505098
0.602006688963211 0.0204546797200702
0.635451505016722 0.0209213463280301
0.668896321070234 0.0213984271939402
0.702341137123746 0.0218861440047408
0.735785953177257 0.0223847226725222
0.769230769230769 0.0228943933919906
0.802675585284281 0.0234153906975662
0.836120401337793 0.0239479535200421
0.869565217391304 0.0244923252427257
0.903010033444816 0.0250487537569797
0.936454849498328 0.0256174915170787
0.969899665551839 0.0261987955942905
1.00334448160535 0.0267929277300879
1.03678929765886 0.027400154388392
1.07023411371237 0.0280207468067439
1.10367892976589 0.0286549810462971
1.1371237458194 0.0293031380405153
1.17056856187291 0.029965503642461
1.20401337792642 0.0306423686705477
1.23745819397993 0.0313340289526312
1.27090301003344 0.0320407853683015
1.30434782608696 0.0327629438892405
1.33779264214047 0.0335008156174961
1.37123745819398 0.034254716821525
1.40468227424749 0.0350249689698443
1.438127090301 0.0358118987621318
1.47157190635451 0.0366158381576042
1.50501672240803 0.0374371244004978
1.53846153846154 0.0382761000424715
1.57190635451505 0.0391331129617424
1.60535117056856 0.0400085163787609
1.63879598662207 0.0409026688682233
1.67224080267559 0.0418159343672146
1.7056856187291 0.0427486821792673
1.73913043478261 0.0437012869741153
1.77257525083612 0.0446741287829144
1.80602006688963 0.0456675929886963
1.83946488294314 0.0466820703118144
1.87290969899666 0.047717956790133
1.90635451505017 0.0487756537537073
1.93979933110368 0.0498555677936918
1.97324414715719 0.0509581107252105
2.0066889632107 0.0520836995439156
2.04013377926421 0.053232756375955
2.07357859531773 0.0544057084210623
2.10702341137124 0.0556029878884782
2.14046822742475 0.0568250319254076
2.17391304347826 0.0580722825377075
2.20735785953177 0.0593451865025012
2.24080267558528 0.060644195272405
2.2742474916388 0.0619697648710533
2.30769230769231 0.0633223557795997
2.34113712374582 0.064702432813873
2.37458193979933 0.0661104649918607
2.40802675585284 0.0675469253911926
2.44147157190635 0.0690122909962929
2.47491638795987 0.0705070425348706
2.50836120401338 0.0720316643034165
2.54180602006689 0.073586643981375
2.5752508361204 0.0751724724336614
2.60869565217391 0.0767896435011959
2.64214046822742 0.0784386537791297
2.67558528428094 0.080120002382443
2.70903010033445 0.0818341906985965
2.74247491638796 0.0835817221269296
2.77591973244147 0.0853631018044999
2.80936454849498 0.0871788363180721
2.84280936454849 0.0890294334019701
2.87625418060201 0.0909154016215208
2.90969899665552 0.0928372500418283
2.94314381270903 0.0947954878816321
2.97658862876254 0.0967906241520192
3.01003344481605 0.0988231672797754
3.04347826086956 0.100893624715183
3.07692307692308 0.103002502524091
3.11036789297659 0.105150304964102
3.1438127090301 0.107337534044755
3.17725752508361 0.109564689071606
3.21070234113712 0.111832266174116
3.24414715719064 0.114140757817326
3.27759197324415 0.1164906522973
3.31103678929766 0.11888243322035
3.34448160535117 0.121316578966121
3.37792642140468 0.123793562134623
3.41137123745819 0.126313848977348
3.44481605351171 0.128877898812663
3.47826086956522 0.131486163425696
3.51170568561873 0.134139086452995
3.54515050167224 0.136837102752276
3.57859531772575 0.139580637757638
3.61204013377926 0.142370106820671
3.64548494983278 0.145205914537928
3.67892976588629 0.148088454065315
3.7123745819398 0.151018106419981
3.74581939799331 0.153995239770363
3.77926421404682 0.157020208715117
3.81270903010033 0.160093353551698
3.84615384615385 0.163214999535443
3.87959866220736 0.166385456130067
3.91304347826087 0.169605016250538
3.94648829431438 0.172873955499387
3.97993311036789 0.17619253139755
4.0133779264214 0.17956098261092
4.04682274247492 0.182979528173872
4.08026755852843 0.18644836671104
4.11371237458194 0.189967675658753
4.14715719063545 0.193537610487564
4.18060200668896 0.197158303927372
4.21404682274247 0.200829865196723
4.24749163879599 0.204552379237918
4.2809364548495 0.208325905959607
4.31438127090301 0.212150479488645
4.34782608695652 0.21602610743298
4.38127090301003 0.219952770157449
4.41471571906354 0.223930420074366
4.44816053511706 0.227958980950851
4.48160535117057 0.232038347234869
4.51505016722408 0.236168383401998
4.54849498327759 0.240348923324958
4.5819397993311 0.244579769667961
4.61538461538461 0.248860693307964
4.64882943143813 0.253191432784894
4.68227424749164 0.257571693782947
4.71571906354515 0.262001148645033
4.74916387959866 0.266479435922434
4.78260869565217 0.27100615996173
4.81605351170569 0.275580890531006
4.8494983277592 0.280203162487328
4.88294314381271 0.284872475487416
4.91638795986622 0.289588293743413
4.94983277591973 0.294350045825554
4.98327759197324 0.299157124513493
5.01672240802676 0.304008886697955
5.05016722408027 0.308904653334293
5.08361204013378 0.313843709449421
5.11705685618729 0.318825304203509
5.1505016722408 0.323848651007684
5.18394648829431 0.328912927698879
5.21739130434783 0.334017276772822
5.25083612040134 0.33916080567603
5.28428093645485 0.344342587157517
5.31772575250836 0.349561659680772
5.35117056856187 0.354817027896404
5.38461538461538 0.360107663175685
5.4180602006689 0.365432504205041
5.45150501672241 0.370790457641374
5.48494983277592 0.376180398827916
5.51839464882943 0.381601172570117
5.55183946488294 0.387051593970909
5.58528428093645 0.392530449324472
5.61872909698997 0.398036497067459
5.65217391304348 0.403568468786435
5.68561872909699 0.409125070280104
5.7190635451505 0.414704982674719
5.75250836120401 0.420306863590855
5.78595317725753 0.425929348359607
5.81939799331104 0.431571051286015
5.85284280936455 0.437230566957447
5.88628762541806 0.442906471594413
5.91973244147157 0.448597324441211
5.95317725752508 0.454301669193595
5.9866220735786 0.460018035460566
6.02006688963211 0.465744940257218
6.05351170568562 0.471480889525494
6.08695652173913 0.477224379679574
6.12040133779264 0.482973899172525
6.15384615384615 0.48872793008078
6.18729096989967 0.494484949702927
6.22073578595318 0.50024343216924
6.25418060200669 0.506001850058341
6.2876254180602 0.511758676017364
6.32107023411371 0.517512384381959
6.35451505016722 0.523261452792491
6.38795986622074 0.529004363802807
6.42140468227425 0.534739606477948
6.45484949832776 0.540465677977257
6.48829431438127 0.546181085119366
6.52173913043478 0.551884345925627
6.55518394648829 0.557573991138635
6.58862876254181 0.56324856571257
6.62207357859532 0.568906630272218
6.65551839464883 0.574546762537621
6.68896321070234 0.580167558711462
6.72240802675585 0.585767634826391
6.75585284280936 0.591345628049695
6.78929765886288 0.596900197942833
6.82274247491639 0.602430027673516
6.8561872909699 0.607933825178229
6.88963210702341 0.613410324273202
6.92307692307692 0.618858285712068
6.95652173913043 0.624276498188601
6.98996655518395 0.629663779283128
7.02341137123746 0.63501897635139
7.05685618729097 0.640340967354815
7.09030100334448 0.645628661631351
7.12374581939799 0.650881000606224
7.1571906354515 0.656096958442123
7.19063545150502 0.66127554262854
7.22408026755853 0.666415794510163
7.25752508361204 0.671516789754376
7.29096989966555 0.676577638758128
7.32441471571906 0.681597486994566
7.35785953177257 0.686575515300014
7.39130434782609 0.691510940102008
7.4247491638796 0.696403013589274
7.45819397993311 0.701251023824651
7.49163879598662 0.7060542948021
7.52508361204013 0.710812186449076
7.55852842809364 0.715524094575636
7.59197324414716 0.720189450771771
7.62541806020067 0.724807722254555
7.65886287625418 0.729378411666786
7.69230769230769 0.733901056828859
7.7257525083612 0.738375230445727
7.75919732441471 0.7428005397708
7.79264214046823 0.747176626228763
7.82608695652174 0.751503164999267
7.85953177257525 0.755779864563532
7.89297658862876 0.76000646621591
7.92642140468227 0.764182743542477
7.95986622073579 0.768308501868725
7.9933110367893 0.772383577678463
8.02675585284281 0.776407838005985
8.06020066889632 0.7803811798036
8.09364548494983 0.784303529286565
8.12709030100334 0.788174841257466
8.16053511705686 0.791995098412056
8.19397993311037 0.795764310628517
8.22742474916388 0.799482514242093
8.26086956521739 0.803149771306975
8.2943143812709 0.806766168847301
8.32775919732441 0.810331818099055
8.36120401337793 0.813846853744618
8.39464882943144 0.81731143314165
8.42809364548495 0.82072573554794
8.46153846153846 0.824089961343776
8.49498327759197 0.82740433125336
8.52842809364548 0.830669085566685
8.561872909699 0.833884483363255
8.59531772575251 0.837050801738961
8.62876254180602 0.840168335037339
8.66220735785953 0.84323739408639
8.69565217391304 0.846258305442065
8.72909698996656 0.849231410639445
8.76254180602007 0.852157065452595
8.79598662207358 0.855035639163989
8.82943143812709 0.857867513844348
8.8628762541806 0.86065308364366
8.89632107023411 0.863392754094108
8.92976588628762 0.866086941425535
8.96321070234114 0.868736071894055
8.99665551839465 0.871340581124332
9.03010033444816 0.873900913466013
9.06354515050167 0.876417521364718
9.09698996655518 0.878890864747976
9.1304347826087 0.881321410426414
9.16387959866221 0.883709631510467
9.19732441471572 0.88605600684284
9.23076923076923 0.888361020446888
9.26421404682274 0.890625160991064
9.29765886287625 0.892848921269512
9.33110367892977 0.895032797698884
9.36454849498328 0.897177289831383
9.39799331103679 0.899282899884027
9.4314381270903 0.901350132284091
9.46488294314381 0.903379493230646
9.49832775919732 0.905371490272098
9.53177257525084 0.907326631899589
9.56521739130435 0.909245427156123
9.59866220735786 0.911128385261218
9.63210702341137 0.91297601525091
9.66555183946488 0.914788825632879
9.69899665551839 0.916567324056477
9.73244147157191 0.918312016997398
9.76588628762542 0.920023409456736
9.79933110367893 0.921702004674155
9.83277591973244 0.923348303854888
9.86622073578595 0.924962805910268
9.89966555183946 0.926546007211485
9.93311036789298 0.928098401356263
9.96655518394649 0.929620478948141
10 0.931112727388031
