1 1
1 1
1 1
1 1
0.956521739130435 0.981481481481482
0.91304347826087 0.981481481481482
0.91304347826087 0.981481481481482
0.891304347826087 0.981481481481482
0.869565217391304 0.981481481481482
0.869565217391304 0.981481481481482
0.847826086956522 0.981481481481482
0.826086956521739 0.981481481481482
0.782608695652174 0.981481481481482
0.760869565217391 0.981481481481482
0.739130434782609 0.981481481481482
0.739130434782609 0.981481481481482
0.717391304347826 0.981481481481482
0.717391304347826 0.981481481481482
0.717391304347826 0.981481481481482
0.695652173913043 0.981481481481482
0.673913043478261 0.981481481481482
0.673913043478261 0.981481481481482
0.673913043478261 0.981481481481482
0.673913043478261 0.981481481481482
0.652173913043478 0.981481481481482
0.652173913043478 0.981481481481482
0.630434782608696 0.981481481481482
0.630434782608696 0.981481481481482
0.608695652173913 0.981481481481482
0.58695652173913 0.981481481481482
0.58695652173913 0.981481481481482
0.58695652173913 0.981481481481482
0.58695652173913 0.981481481481482
0.565217391304348 0.981481481481482
0.565217391304348 0.981481481481482
0.565217391304348 0.981481481481482
0.565217391304348 0.981481481481482
0.543478260869565 0.962962962962963
0.543478260869565 0.962962962962963
0.543478260869565 0.962962962962963
0.543478260869565 0.962962962962963
0.543478260869565 0.962962962962963
0.543478260869565 0.962962962962963
0.543478260869565 0.962962962962963
0.543478260869565 0.962962962962963
0.543478260869565 0.962962962962963
0.543478260869565 0.962962962962963
0.543478260869565 0.962962962962963
0.543478260869565 0.962962962962963
0.543478260869565 0.962962962962963
0.543478260869565 0.962962962962963
0.543478260869565 0.962962962962963
0.543478260869565 0.962962962962963
0.543478260869565 0.962962962962963
0.543478260869565 0.962962962962963
0.543478260869565 0.962962962962963
0.543478260869565 0.962962962962963
0.543478260869565 0.962962962962963
0.543478260869565 0.944444444444444
0.543478260869565 0.944444444444444
0.521739130434783 0.944444444444444
0.521739130434783 0.944444444444444
0.521739130434783 0.944444444444444
0.5 0.944444444444444
0.5 0.944444444444444
0.478260869565217 0.944444444444444
0.478260869565217 0.944444444444444
0.478260869565217 0.944444444444444
0.478260869565217 0.944444444444444
0.456521739130435 0.925925925925926
0.456521739130435 0.925925925925926
0.456521739130435 0.925925925925926
0.456521739130435 0.925925925925926
0.456521739130435 0.925925925925926
0.434782608695652 0.925925925925926
0.434782608695652 0.925925925925926
0.434782608695652 0.925925925925926
0.434782608695652 0.925925925925926
0.434782608695652 0.925925925925926
0.434782608695652 0.925925925925926
0.434782608695652 0.925925925925926
0.434782608695652 0.925925925925926
0.434782608695652 0.925925925925926
0.434782608695652 0.925925925925926
0.434782608695652 0.925925925925926
0.434782608695652 0.925925925925926
0.434782608695652 0.925925925925926
0.434782608695652 0.925925925925926
0.434782608695652 0.925925925925926
0.434782608695652 0.925925925925926
0.434782608695652 0.925925925925926
0.434782608695652 0.925925925925926
0.434782608695652 0.925925925925926
0.434782608695652 0.925925925925926
0.434782608695652 0.925925925925926
0.434782608695652 0.925925925925926
0.434782608695652 0.925925925925926
0.434782608695652 0.925925925925926
0.434782608695652 0.925925925925926
0.434782608695652 0.925925925925926
0.41304347826087 0.925925925925926
0.41304347826087 0.925925925925926
0.41304347826087 0.925925925925926
0.41304347826087 0.925925925925926
0.41304347826087 0.925925925925926
0.41304347826087 0.925925925925926
0.41304347826087 0.925925925925926
0.41304347826087 0.925925925925926
0.41304347826087 0.925925925925926
0.41304347826087 0.925925925925926
0.41304347826087 0.925925925925926
0.41304347826087 0.925925925925926
0.41304347826087 0.925925925925926
0.41304347826087 0.925925925925926
0.41304347826087 0.925925925925926
0.41304347826087 0.907407407407407
0.391304347826087 0.907407407407407
0.391304347826087 0.907407407407407
0.391304347826087 0.907407407407407
0.391304347826087 0.907407407407407
0.391304347826087 0.907407407407407
0.391304347826087 0.907407407407407
0.391304347826087 0.907407407407407
0.391304347826087 0.907407407407407
0.391304347826087 0.907407407407407
0.391304347826087 0.907407407407407
0.391304347826087 0.907407407407407
0.391304347826087 0.907407407407407
0.391304347826087 0.907407407407407
0.391304347826087 0.907407407407407
0.391304347826087 0.907407407407407
0.391304347826087 0.907407407407407
0.391304347826087 0.907407407407407
0.391304347826087 0.907407407407407
0.391304347826087 0.907407407407407
0.391304347826087 0.888888888888889
0.391304347826087 0.888888888888889
0.391304347826087 0.888888888888889
0.391304347826087 0.888888888888889
0.391304347826087 0.888888888888889
0.391304347826087 0.888888888888889
0.369565217391304 0.888888888888889
0.347826086956522 0.888888888888889
0.347826086956522 0.888888888888889
0.347826086956522 0.888888888888889
0.347826086956522 0.888888888888889
0.347826086956522 0.888888888888889
0.347826086956522 0.888888888888889
0.347826086956522 0.888888888888889
0.347826086956522 0.888888888888889
0.347826086956522 0.888888888888889
0.347826086956522 0.888888888888889
0.347826086956522 0.888888888888889
0.347826086956522 0.888888888888889
0.347826086956522 0.888888888888889
0.347826086956522 0.87037037037037
0.347826086956522 0.87037037037037
0.347826086956522 0.87037037037037
0.347826086956522 0.87037037037037
0.347826086956522 0.87037037037037
0.347826086956522 0.87037037037037
0.347826086956522 0.87037037037037
0.347826086956522 0.87037037037037
0.347826086956522 0.87037037037037
0.347826086956522 0.87037037037037
0.347826086956522 0.87037037037037
0.347826086956522 0.87037037037037
0.347826086956522 0.87037037037037
0.347826086956522 0.87037037037037
0.347826086956522 0.87037037037037
0.347826086956522 0.87037037037037
0.326086956521739 0.87037037037037
0.326086956521739 0.87037037037037
0.326086956521739 0.87037037037037
0.326086956521739 0.87037037037037
0.326086956521739 0.87037037037037
0.326086956521739 0.87037037037037
0.326086956521739 0.87037037037037
0.326086956521739 0.87037037037037
0.326086956521739 0.87037037037037
0.326086956521739 0.87037037037037
0.326086956521739 0.87037037037037
0.326086956521739 0.87037037037037
0.326086956521739 0.87037037037037
0.326086956521739 0.87037037037037
0.326086956521739 0.87037037037037
0.326086956521739 0.87037037037037
0.326086956521739 0.87037037037037
0.326086956521739 0.87037037037037
0.326086956521739 0.87037037037037
0.304347826086957 0.87037037037037
0.304347826086957 0.87037037037037
0.282608695652174 0.87037037037037
0.282608695652174 0.87037037037037
0.282608695652174 0.87037037037037
0.282608695652174 0.87037037037037
0.282608695652174 0.87037037037037
0.282608695652174 0.87037037037037
0.282608695652174 0.87037037037037
0.282608695652174 0.87037037037037
0.282608695652174 0.87037037037037
0.282608695652174 0.87037037037037
0.282608695652174 0.87037037037037
0.282608695652174 0.87037037037037
0.282608695652174 0.851851851851852
0.282608695652174 0.851851851851852
0.282608695652174 0.851851851851852
0.282608695652174 0.851851851851852
0.282608695652174 0.851851851851852
0.282608695652174 0.851851851851852
0.282608695652174 0.851851851851852
0.282608695652174 0.851851851851852
0.282608695652174 0.851851851851852
0.282608695652174 0.851851851851852
0.282608695652174 0.851851851851852
0.260869565217391 0.851851851851852
0.260869565217391 0.851851851851852
0.260869565217391 0.851851851851852
0.260869565217391 0.851851851851852
0.260869565217391 0.851851851851852
0.260869565217391 0.851851851851852
0.260869565217391 0.851851851851852
0.260869565217391 0.851851851851852
0.260869565217391 0.851851851851852
0.260869565217391 0.851851851851852
0.260869565217391 0.851851851851852
0.260869565217391 0.851851851851852
0.260869565217391 0.851851851851852
0.260869565217391 0.851851851851852
0.260869565217391 0.851851851851852
0.260869565217391 0.851851851851852
0.260869565217391 0.851851851851852
0.260869565217391 0.851851851851852
0.260869565217391 0.851851851851852
0.260869565217391 0.851851851851852
0.260869565217391 0.851851851851852
0.260869565217391 0.851851851851852
0.260869565217391 0.851851851851852
0.260869565217391 0.851851851851852
0.260869565217391 0.851851851851852
0.260869565217391 0.851851851851852
0.260869565217391 0.851851851851852
0.260869565217391 0.851851851851852
0.260869565217391 0.851851851851852
0.260869565217391 0.851851851851852
0.260869565217391 0.851851851851852
0.260869565217391 0.851851851851852
0.260869565217391 0.851851851851852
0.260869565217391 0.851851851851852
0.260869565217391 0.851851851851852
0.260869565217391 0.851851851851852
0.260869565217391 0.851851851851852
0.260869565217391 0.851851851851852
0.260869565217391 0.851851851851852
0.260869565217391 0.851851851851852
0.260869565217391 0.851851851851852
0.260869565217391 0.851851851851852
0.260869565217391 0.851851851851852
0.260869565217391 0.851851851851852
0.260869565217391 0.851851851851852
0.260869565217391 0.851851851851852
0.260869565217391 0.851851851851852
0.260869565217391 0.851851851851852
0.260869565217391 0.851851851851852
0.260869565217391 0.851851851851852
0.260869565217391 0.851851851851852
0.260869565217391 0.851851851851852
0.260869565217391 0.851851851851852
0.260869565217391 0.851851851851852
0.260869565217391 0.851851851851852
0.260869565217391 0.851851851851852
0.260869565217391 0.851851851851852
0.260869565217391 0.851851851851852
0.260869565217391 0.851851851851852
0.260869565217391 0.851851851851852
0.260869565217391 0.851851851851852
0.260869565217391 0.851851851851852
0.260869565217391 0.851851851851852
0.260869565217391 0.851851851851852
0.260869565217391 0.851851851851852
0.260869565217391 0.851851851851852
0.260869565217391 0.851851851851852
0.260869565217391 0.851851851851852
0.260869565217391 0.851851851851852
0.260869565217391 0.851851851851852
0.260869565217391 0.851851851851852
0.260869565217391 0.851851851851852
0.260869565217391 0.851851851851852
0.260869565217391 0.851851851851852
0.260869565217391 0.851851851851852
0.260869565217391 0.851851851851852
0.260869565217391 0.851851851851852
0.260869565217391 0.851851851851852
0.260869565217391 0.851851851851852
0.260869565217391 0.851851851851852
0.260869565217391 0.851851851851852
0.260869565217391 0.851851851851852
0.260869565217391 0.851851851851852
0.260869565217391 0.851851851851852
0.260869565217391 0.851851851851852
0.260869565217391 0.851851851851852
0.260869565217391 0.851851851851852
0.260869565217391 0.851851851851852
0.260869565217391 0.851851851851852
0.260869565217391 0.851851851851852
0.260869565217391 0.851851851851852
0.260869565217391 0.851851851851852
0.260869565217391 0.851851851851852
0.260869565217391 0.851851851851852
0.260869565217391 0.851851851851852
0.260869565217391 0.851851851851852
0.260869565217391 0.851851851851852
0.260869565217391 0.851851851851852
0.260869565217391 0.851851851851852
0.260869565217391 0.851851851851852
0.260869565217391 0.851851851851852
0.260869565217391 0.851851851851852
0.260869565217391 0.851851851851852
0.260869565217391 0.851851851851852
0.260869565217391 0.851851851851852
0.260869565217391 0.851851851851852
0.260869565217391 0.851851851851852
0.260869565217391 0.851851851851852
0.260869565217391 0.851851851851852
0.260869565217391 0.851851851851852
0.260869565217391 0.851851851851852
0.260869565217391 0.851851851851852
0.260869565217391 0.851851851851852
0.260869565217391 0.851851851851852
0.260869565217391 0.851851851851852
0.260869565217391 0.851851851851852
0.260869565217391 0.851851851851852
0.260869565217391 0.851851851851852
0.260869565217391 0.851851851851852
0.260869565217391 0.851851851851852
0.260869565217391 0.851851851851852
0.260869565217391 0.851851851851852
0.260869565217391 0.851851851851852
0.260869565217391 0.851851851851852
0.260869565217391 0.851851851851852
0.260869565217391 0.851851851851852
0.260869565217391 0.851851851851852
0.260869565217391 0.851851851851852
0.260869565217391 0.851851851851852
0.260869565217391 0.851851851851852
0.260869565217391 0.851851851851852
0.260869565217391 0.851851851851852
0.260869565217391 0.851851851851852
0.260869565217391 0.851851851851852
0.260869565217391 0.851851851851852
0.260869565217391 0.851851851851852
0.260869565217391 0.851851851851852
0.260869565217391 0.851851851851852
0.260869565217391 0.851851851851852
0.260869565217391 0.851851851851852
0.260869565217391 0.851851851851852
0.260869565217391 0.851851851851852
0.260869565217391 0.851851851851852
0.260869565217391 0.851851851851852
0.260869565217391 0.851851851851852
0.260869565217391 0.851851851851852
0.260869565217391 0.851851851851852
0.260869565217391 0.851851851851852
0.260869565217391 0.851851851851852
0.260869565217391 0.833333333333333
0.260869565217391 0.833333333333333
0.260869565217391 0.833333333333333
0.260869565217391 0.833333333333333
0.260869565217391 0.833333333333333
0.260869565217391 0.833333333333333
0.260869565217391 0.833333333333333
0.260869565217391 0.833333333333333
0.260869565217391 0.833333333333333
0.260869565217391 0.833333333333333
0.260869565217391 0.833333333333333
0.239130434782609 0.833333333333333
0.239130434782609 0.833333333333333
0.239130434782609 0.833333333333333
0.239130434782609 0.833333333333333
0.239130434782609 0.833333333333333
0.239130434782609 0.833333333333333
0.239130434782609 0.833333333333333
0.239130434782609 0.833333333333333
0.239130434782609 0.833333333333333
0.239130434782609 0.833333333333333
0.239130434782609 0.833333333333333
0.239130434782609 0.833333333333333
0.239130434782609 0.833333333333333
0.239130434782609 0.833333333333333
0.239130434782609 0.833333333333333
0.239130434782609 0.833333333333333
0.239130434782609 0.833333333333333
0.239130434782609 0.833333333333333
0.239130434782609 0.833333333333333
0.239130434782609 0.833333333333333
0.239130434782609 0.833333333333333
0.239130434782609 0.833333333333333
0.239130434782609 0.833333333333333
0.239130434782609 0.833333333333333
0.239130434782609 0.833333333333333
0.239130434782609 0.833333333333333
0.239130434782609 0.833333333333333
0.239130434782609 0.833333333333333
0.239130434782609 0.833333333333333
0.239130434782609 0.833333333333333
0.239130434782609 0.833333333333333
0.239130434782609 0.833333333333333
0.239130434782609 0.833333333333333
0.239130434782609 0.833333333333333
0.239130434782609 0.833333333333333
0.239130434782609 0.833333333333333
0.239130434782609 0.833333333333333
0.239130434782609 0.833333333333333
0.239130434782609 0.833333333333333
0.239130434782609 0.833333333333333
0.239130434782609 0.833333333333333
0.239130434782609 0.833333333333333
0.239130434782609 0.833333333333333
0.239130434782609 0.833333333333333
0.239130434782609 0.833333333333333
0.239130434782609 0.833333333333333
0.239130434782609 0.833333333333333
0.239130434782609 0.833333333333333
0.239130434782609 0.833333333333333
0.239130434782609 0.833333333333333
0.239130434782609 0.833333333333333
0.239130434782609 0.833333333333333
0.239130434782609 0.833333333333333
0.195652173913043 0.814814814814815
0.195652173913043 0.814814814814815
0.195652173913043 0.814814814814815
0.195652173913043 0.814814814814815
0.195652173913043 0.814814814814815
0.195652173913043 0.814814814814815
0.195652173913043 0.814814814814815
0.195652173913043 0.814814814814815
0.195652173913043 0.814814814814815
0.195652173913043 0.814814814814815
0.195652173913043 0.814814814814815
0.195652173913043 0.814814814814815
0.195652173913043 0.814814814814815
0.195652173913043 0.814814814814815
0.195652173913043 0.814814814814815
0.195652173913043 0.814814814814815
0.195652173913043 0.814814814814815
0.195652173913043 0.814814814814815
0.195652173913043 0.814814814814815
0.195652173913043 0.796296296296296
0.195652173913043 0.796296296296296
0.195652173913043 0.796296296296296
0.173913043478261 0.796296296296296
0.173913043478261 0.796296296296296
0.173913043478261 0.796296296296296
0.173913043478261 0.796296296296296
0.173913043478261 0.796296296296296
0.173913043478261 0.796296296296296
0.173913043478261 0.796296296296296
0.173913043478261 0.796296296296296
0.173913043478261 0.796296296296296
0.173913043478261 0.796296296296296
0.173913043478261 0.796296296296296
0.173913043478261 0.777777777777778
0.173913043478261 0.777777777777778
0.173913043478261 0.777777777777778
0.173913043478261 0.777777777777778
0.173913043478261 0.777777777777778
0.173913043478261 0.777777777777778
0.173913043478261 0.777777777777778
0.173913043478261 0.777777777777778
0.173913043478261 0.777777777777778
0.173913043478261 0.777777777777778
0.173913043478261 0.777777777777778
0.173913043478261 0.777777777777778
0.173913043478261 0.777777777777778
0.173913043478261 0.777777777777778
0.173913043478261 0.777777777777778
0.173913043478261 0.777777777777778
0.173913043478261 0.777777777777778
0.173913043478261 0.777777777777778
0.173913043478261 0.777777777777778
0.173913043478261 0.777777777777778
0.173913043478261 0.777777777777778
0.173913043478261 0.777777777777778
0.173913043478261 0.777777777777778
0.173913043478261 0.777777777777778
0.173913043478261 0.777777777777778
0.173913043478261 0.777777777777778
0.173913043478261 0.777777777777778
0.173913043478261 0.777777777777778
0.173913043478261 0.777777777777778
0.173913043478261 0.759259259259259
0.173913043478261 0.759259259259259
0.173913043478261 0.759259259259259
0.173913043478261 0.759259259259259
0.173913043478261 0.759259259259259
0.173913043478261 0.759259259259259
0.173913043478261 0.759259259259259
0.173913043478261 0.759259259259259
0.173913043478261 0.759259259259259
0.173913043478261 0.759259259259259
0.173913043478261 0.759259259259259
0.173913043478261 0.759259259259259
0.173913043478261 0.759259259259259
0.173913043478261 0.759259259259259
0.173913043478261 0.759259259259259
0.173913043478261 0.759259259259259
0.173913043478261 0.759259259259259
0.173913043478261 0.759259259259259
0.173913043478261 0.759259259259259
0.173913043478261 0.759259259259259
0.173913043478261 0.759259259259259
0.173913043478261 0.759259259259259
0.173913043478261 0.759259259259259
0.173913043478261 0.759259259259259
0.173913043478261 0.759259259259259
0.173913043478261 0.759259259259259
0.173913043478261 0.759259259259259
0.173913043478261 0.759259259259259
0.173913043478261 0.759259259259259
0.173913043478261 0.759259259259259
0.173913043478261 0.759259259259259
0.173913043478261 0.759259259259259
0.173913043478261 0.759259259259259
0.173913043478261 0.759259259259259
0.173913043478261 0.759259259259259
0.173913043478261 0.759259259259259
0.173913043478261 0.759259259259259
0.173913043478261 0.759259259259259
0.173913043478261 0.759259259259259
0.173913043478261 0.759259259259259
0.173913043478261 0.759259259259259
0.173913043478261 0.759259259259259
0.173913043478261 0.759259259259259
0.173913043478261 0.759259259259259
0.173913043478261 0.759259259259259
0.173913043478261 0.759259259259259
0.173913043478261 0.759259259259259
0.173913043478261 0.759259259259259
0.173913043478261 0.759259259259259
0.173913043478261 0.759259259259259
0.173913043478261 0.759259259259259
0.173913043478261 0.759259259259259
0.173913043478261 0.759259259259259
0.173913043478261 0.759259259259259
0.173913043478261 0.759259259259259
0.173913043478261 0.759259259259259
0.173913043478261 0.759259259259259
0.173913043478261 0.759259259259259
0.173913043478261 0.759259259259259
0.173913043478261 0.759259259259259
0.173913043478261 0.759259259259259
0.173913043478261 0.759259259259259
0.173913043478261 0.759259259259259
0.173913043478261 0.759259259259259
0.173913043478261 0.759259259259259
0.173913043478261 0.759259259259259
0.173913043478261 0.759259259259259
0.173913043478261 0.759259259259259
0.173913043478261 0.759259259259259
0.173913043478261 0.759259259259259
0.173913043478261 0.759259259259259
0.173913043478261 0.759259259259259
0.173913043478261 0.759259259259259
0.173913043478261 0.759259259259259
0.173913043478261 0.759259259259259
0.173913043478261 0.759259259259259
0.173913043478261 0.759259259259259
0.173913043478261 0.759259259259259
0.173913043478261 0.759259259259259
0.173913043478261 0.759259259259259
0.173913043478261 0.759259259259259
0.173913043478261 0.759259259259259
0.173913043478261 0.759259259259259
0.173913043478261 0.759259259259259
0.173913043478261 0.759259259259259
0.173913043478261 0.759259259259259
0.173913043478261 0.759259259259259
0.173913043478261 0.759259259259259
0.173913043478261 0.759259259259259
0.173913043478261 0.759259259259259
0.173913043478261 0.759259259259259
0.173913043478261 0.759259259259259
0.173913043478261 0.759259259259259
0.173913043478261 0.759259259259259
0.173913043478261 0.759259259259259
0.173913043478261 0.759259259259259
0.173913043478261 0.759259259259259
0.173913043478261 0.759259259259259
0.173913043478261 0.759259259259259
0.173913043478261 0.759259259259259
0.173913043478261 0.759259259259259
0.173913043478261 0.759259259259259
0.173913043478261 0.759259259259259
0.173913043478261 0.759259259259259
0.173913043478261 0.759259259259259
0.173913043478261 0.759259259259259
0.173913043478261 0.759259259259259
0.173913043478261 0.759259259259259
0.173913043478261 0.759259259259259
0.173913043478261 0.759259259259259
0.173913043478261 0.759259259259259
0.173913043478261 0.759259259259259
0.173913043478261 0.759259259259259
0.173913043478261 0.759259259259259
0.173913043478261 0.759259259259259
0.173913043478261 0.759259259259259
0.173913043478261 0.759259259259259
0.173913043478261 0.759259259259259
0.173913043478261 0.759259259259259
0.173913043478261 0.759259259259259
0.173913043478261 0.759259259259259
0.173913043478261 0.759259259259259
0.173913043478261 0.759259259259259
0.173913043478261 0.759259259259259
0.173913043478261 0.759259259259259
0.173913043478261 0.759259259259259
0.173913043478261 0.759259259259259
0.173913043478261 0.759259259259259
0.173913043478261 0.759259259259259
0.173913043478261 0.759259259259259
0.173913043478261 0.759259259259259
0.173913043478261 0.759259259259259
0.173913043478261 0.759259259259259
0.173913043478261 0.759259259259259
0.173913043478261 0.759259259259259
0.173913043478261 0.759259259259259
0.173913043478261 0.759259259259259
0.173913043478261 0.740740740740741
0.173913043478261 0.740740740740741
0.173913043478261 0.740740740740741
0.173913043478261 0.740740740740741
0.173913043478261 0.740740740740741
0.173913043478261 0.740740740740741
0.173913043478261 0.740740740740741
0.173913043478261 0.740740740740741
0.173913043478261 0.740740740740741
0.173913043478261 0.740740740740741
0.173913043478261 0.740740740740741
0.173913043478261 0.740740740740741
0.173913043478261 0.740740740740741
0.173913043478261 0.740740740740741
0.173913043478261 0.740740740740741
0.173913043478261 0.740740740740741
0.173913043478261 0.740740740740741
0.173913043478261 0.740740740740741
0.173913043478261 0.740740740740741
0.173913043478261 0.740740740740741
0.173913043478261 0.740740740740741
0.173913043478261 0.740740740740741
0.173913043478261 0.740740740740741
0.173913043478261 0.740740740740741
0.173913043478261 0.740740740740741
0.173913043478261 0.740740740740741
0.173913043478261 0.740740740740741
0.173913043478261 0.740740740740741
0.173913043478261 0.740740740740741
0.173913043478261 0.740740740740741
0.173913043478261 0.740740740740741
0.173913043478261 0.740740740740741
0.173913043478261 0.740740740740741
0.173913043478261 0.740740740740741
0.173913043478261 0.740740740740741
0.173913043478261 0.740740740740741
0.173913043478261 0.740740740740741
0.173913043478261 0.740740740740741
0.173913043478261 0.740740740740741
0.173913043478261 0.740740740740741
0.173913043478261 0.722222222222222
0.173913043478261 0.722222222222222
0.173913043478261 0.722222222222222
0.173913043478261 0.722222222222222
0.173913043478261 0.722222222222222
0.173913043478261 0.722222222222222
0.173913043478261 0.722222222222222
0.173913043478261 0.722222222222222
0.173913043478261 0.722222222222222
0.173913043478261 0.722222222222222
0.173913043478261 0.722222222222222
0.173913043478261 0.722222222222222
0.173913043478261 0.722222222222222
0.173913043478261 0.722222222222222
0.173913043478261 0.722222222222222
0.173913043478261 0.722222222222222
0.173913043478261 0.722222222222222
0.173913043478261 0.722222222222222
0.173913043478261 0.722222222222222
0.173913043478261 0.722222222222222
0.173913043478261 0.722222222222222
0.173913043478261 0.722222222222222
0.173913043478261 0.722222222222222
0.173913043478261 0.722222222222222
0.173913043478261 0.722222222222222
0.173913043478261 0.722222222222222
0.173913043478261 0.703703703703704
0.173913043478261 0.703703703703704
0.173913043478261 0.703703703703704
0.173913043478261 0.703703703703704
0.173913043478261 0.703703703703704
0.173913043478261 0.703703703703704
0.173913043478261 0.703703703703704
0.173913043478261 0.703703703703704
0.173913043478261 0.703703703703704
0.173913043478261 0.703703703703704
0.173913043478261 0.703703703703704
0.173913043478261 0.703703703703704
0.173913043478261 0.703703703703704
0.173913043478261 0.703703703703704
0.173913043478261 0.703703703703704
0.173913043478261 0.703703703703704
0.173913043478261 0.703703703703704
0.173913043478261 0.703703703703704
0.173913043478261 0.703703703703704
0.173913043478261 0.703703703703704
0.173913043478261 0.703703703703704
0.173913043478261 0.685185185185185
0.173913043478261 0.685185185185185
0.173913043478261 0.685185185185185
0.173913043478261 0.685185185185185
0.173913043478261 0.685185185185185
0.173913043478261 0.685185185185185
0.173913043478261 0.685185185185185
0.173913043478261 0.685185185185185
0.173913043478261 0.685185185185185
0.173913043478261 0.685185185185185
0.173913043478261 0.685185185185185
0.173913043478261 0.685185185185185
0.173913043478261 0.685185185185185
0.173913043478261 0.685185185185185
0.173913043478261 0.685185185185185
0.173913043478261 0.685185185185185
0.173913043478261 0.685185185185185
0.173913043478261 0.685185185185185
0.173913043478261 0.685185185185185
0.173913043478261 0.685185185185185
0.173913043478261 0.685185185185185
0.173913043478261 0.685185185185185
0.173913043478261 0.685185185185185
0.173913043478261 0.685185185185185
0.173913043478261 0.685185185185185
0.173913043478261 0.685185185185185
0.173913043478261 0.685185185185185
0.173913043478261 0.685185185185185
0.173913043478261 0.685185185185185
0.173913043478261 0.666666666666667
0.173913043478261 0.666666666666667
0.173913043478261 0.666666666666667
0.173913043478261 0.666666666666667
0.173913043478261 0.666666666666667
0.173913043478261 0.648148148148148
0.173913043478261 0.648148148148148
0.173913043478261 0.648148148148148
0.173913043478261 0.648148148148148
0.173913043478261 0.648148148148148
0.173913043478261 0.648148148148148
0.173913043478261 0.648148148148148
0.173913043478261 0.648148148148148
0.173913043478261 0.648148148148148
0.173913043478261 0.648148148148148
0.173913043478261 0.648148148148148
0.173913043478261 0.648148148148148
0.173913043478261 0.648148148148148
0.152173913043478 0.648148148148148
0.152173913043478 0.648148148148148
0.152173913043478 0.648148148148148
0.152173913043478 0.648148148148148
0.152173913043478 0.648148148148148
0.152173913043478 0.648148148148148
0.152173913043478 0.62962962962963
0.152173913043478 0.62962962962963
0.152173913043478 0.62962962962963
0.152173913043478 0.62962962962963
0.152173913043478 0.62962962962963
0.152173913043478 0.62962962962963
0.152173913043478 0.62962962962963
0.152173913043478 0.611111111111111
0.152173913043478 0.611111111111111
0.152173913043478 0.611111111111111
0.152173913043478 0.611111111111111
0.152173913043478 0.611111111111111
0.152173913043478 0.611111111111111
0.152173913043478 0.611111111111111
0.152173913043478 0.611111111111111
0.152173913043478 0.611111111111111
0.152173913043478 0.611111111111111
0.152173913043478 0.611111111111111
0.152173913043478 0.611111111111111
0.152173913043478 0.611111111111111
0.152173913043478 0.611111111111111
0.152173913043478 0.611111111111111
0.152173913043478 0.611111111111111
0.152173913043478 0.611111111111111
0.152173913043478 0.611111111111111
0.152173913043478 0.611111111111111
0.152173913043478 0.611111111111111
0.152173913043478 0.592592592592593
0.152173913043478 0.592592592592593
0.152173913043478 0.592592592592593
0.152173913043478 0.592592592592593
0.152173913043478 0.592592592592593
0.152173913043478 0.574074074074074
0.130434782608696 0.574074074074074
0.130434782608696 0.574074074074074
0.130434782608696 0.574074074074074
0.130434782608696 0.574074074074074
0.130434782608696 0.555555555555556
0.130434782608696 0.555555555555556
0.130434782608696 0.555555555555556
0.130434782608696 0.555555555555556
0.130434782608696 0.555555555555556
0.130434782608696 0.555555555555556
0.130434782608696 0.555555555555556
0.130434782608696 0.555555555555556
0.130434782608696 0.555555555555556
0.130434782608696 0.537037037037037
0.130434782608696 0.537037037037037
0.130434782608696 0.537037037037037
0.130434782608696 0.537037037037037
0.130434782608696 0.537037037037037
0.130434782608696 0.537037037037037
0.130434782608696 0.537037037037037
0.130434782608696 0.537037037037037
0.130434782608696 0.537037037037037
0.130434782608696 0.537037037037037
0.130434782608696 0.537037037037037
0.130434782608696 0.537037037037037
0.130434782608696 0.537037037037037
0.130434782608696 0.537037037037037
0.130434782608696 0.537037037037037
0.130434782608696 0.537037037037037
0.130434782608696 0.537037037037037
0.130434782608696 0.537037037037037
0.130434782608696 0.537037037037037
0.130434782608696 0.537037037037037
0.130434782608696 0.537037037037037
0.130434782608696 0.5
0.130434782608696 0.5
0.130434782608696 0.5
0.130434782608696 0.5
0.130434782608696 0.5
0.130434782608696 0.5
0.130434782608696 0.5
0.130434782608696 0.5
0.130434782608696 0.5
0.130434782608696 0.5
0.130434782608696 0.5
0.130434782608696 0.5
0.130434782608696 0.5
0.130434782608696 0.5
0.130434782608696 0.5
0.130434782608696 0.5
0.130434782608696 0.5
0.130434782608696 0.5
0.108695652173913 0.5
0.108695652173913 0.481481481481481
0.108695652173913 0.481481481481481
0.108695652173913 0.481481481481481
0.108695652173913 0.481481481481481
0.108695652173913 0.481481481481481
0.108695652173913 0.481481481481481
0.108695652173913 0.481481481481481
0.108695652173913 0.481481481481481
0.108695652173913 0.481481481481481
0.108695652173913 0.481481481481481
0.108695652173913 0.481481481481481
0.108695652173913 0.481481481481481
0.108695652173913 0.481481481481481
0.108695652173913 0.481481481481481
0.108695652173913 0.481481481481481
0.108695652173913 0.481481481481481
0.108695652173913 0.481481481481481
0.108695652173913 0.481481481481481
0.108695652173913 0.481481481481481
0.108695652173913 0.481481481481481
0.108695652173913 0.481481481481481
0.108695652173913 0.481481481481481
0.108695652173913 0.481481481481481
0.108695652173913 0.481481481481481
0.108695652173913 0.481481481481481
0.108695652173913 0.481481481481481
0.108695652173913 0.481481481481481
0.108695652173913 0.481481481481481
0.108695652173913 0.481481481481481
0.108695652173913 0.481481481481481
0.108695652173913 0.481481481481481
0.108695652173913 0.481481481481481
0.108695652173913 0.481481481481481
0.108695652173913 0.481481481481481
0.108695652173913 0.481481481481481
0.108695652173913 0.481481481481481
0.108695652173913 0.481481481481481
0.108695652173913 0.481481481481481
0.108695652173913 0.481481481481481
0.108695652173913 0.481481481481481
0.108695652173913 0.481481481481481
0.108695652173913 0.481481481481481
0.108695652173913 0.481481481481481
0.108695652173913 0.481481481481481
0.108695652173913 0.481481481481481
0.108695652173913 0.481481481481481
0.108695652173913 0.481481481481481
0.108695652173913 0.481481481481481
0.108695652173913 0.481481481481481
0.108695652173913 0.481481481481481
0.108695652173913 0.481481481481481
0.108695652173913 0.481481481481481
0.108695652173913 0.481481481481481
0.108695652173913 0.481481481481481
0.108695652173913 0.481481481481481
0.108695652173913 0.481481481481481
0.108695652173913 0.481481481481481
0.108695652173913 0.481481481481481
0.108695652173913 0.481481481481481
0.108695652173913 0.481481481481481
0.108695652173913 0.481481481481481
0.108695652173913 0.481481481481481
0.108695652173913 0.481481481481481
0.108695652173913 0.481481481481481
0.108695652173913 0.481481481481481
0.108695652173913 0.481481481481481
0.108695652173913 0.481481481481481
0.108695652173913 0.481481481481481
0.108695652173913 0.481481481481481
0.108695652173913 0.481481481481481
0.108695652173913 0.481481481481481
0.108695652173913 0.481481481481481
0.108695652173913 0.481481481481481
0.108695652173913 0.481481481481481
0.108695652173913 0.481481481481481
0.108695652173913 0.481481481481481
0.108695652173913 0.481481481481481
0.108695652173913 0.481481481481481
0.108695652173913 0.481481481481481
0.108695652173913 0.481481481481481
0.108695652173913 0.481481481481481
0.108695652173913 0.481481481481481
0.108695652173913 0.481481481481481
0.108695652173913 0.462962962962963
0.108695652173913 0.444444444444444
0.108695652173913 0.444444444444444
0.108695652173913 0.425925925925926
0.108695652173913 0.425925925925926
0.108695652173913 0.425925925925926
0.108695652173913 0.425925925925926
0.108695652173913 0.425925925925926
0.108695652173913 0.425925925925926
0.108695652173913 0.425925925925926
0.108695652173913 0.425925925925926
0.0869565217391304 0.425925925925926
0.0869565217391304 0.425925925925926
0.0869565217391304 0.425925925925926
0.0869565217391304 0.425925925925926
0.0869565217391304 0.425925925925926
0.0869565217391304 0.425925925925926
0.0869565217391304 0.425925925925926
0.0869565217391304 0.425925925925926
0.0869565217391304 0.425925925925926
0.0869565217391304 0.425925925925926
0.0869565217391304 0.388888888888889
0.0869565217391304 0.351851851851852
0.0869565217391304 0.351851851851852
0.0652173913043478 0.351851851851852
0.0652173913043478 0.351851851851852
0.0652173913043478 0.333333333333333
0.0652173913043478 0.314814814814815
0.0652173913043478 0.314814814814815
0.0652173913043478 0.314814814814815
0.0652173913043478 0.314814814814815
0.0652173913043478 0.314814814814815
0.0652173913043478 0.314814814814815
0.0652173913043478 0.314814814814815
0.0652173913043478 0.314814814814815
0.0652173913043478 0.314814814814815
0.0652173913043478 0.314814814814815
0.0652173913043478 0.314814814814815
0.0652173913043478 0.314814814814815
0.0652173913043478 0.314814814814815
0.0652173913043478 0.314814814814815
0.0652173913043478 0.314814814814815
0.0652173913043478 0.314814814814815
0.0652173913043478 0.314814814814815
0.0652173913043478 0.314814814814815
0.0652173913043478 0.314814814814815
0.0652173913043478 0.314814814814815
0.0652173913043478 0.314814814814815
0.0652173913043478 0.314814814814815
0.0652173913043478 0.314814814814815
0.0652173913043478 0.296296296296296
0.0434782608695652 0.277777777777778
0.0434782608695652 0.259259259259259
0.0434782608695652 0.259259259259259
0.0434782608695652 0.240740740740741
0.0434782608695652 0.222222222222222
0.0434782608695652 0.203703703703704
0.0217391304347826 0.185185185185185
0.0217391304347826 0.12962962962963
0.0217391304347826 0.0740740740740741
0.0217391304347826 0
0.0217391304347826 0
0 0
0 0
