0 0.0019276465426238
0.0334448160535117 0.00199400469880662
0.0668896321070234 0.00206264247659169
0.100334448160535 0.00213363785793818
0.133779264214047 0.00220707146929143
0.167224080267559 0.00228302666963973
0.20066889632107 0.00236158964138927
0.234113712374582 0.00244284948413921
0.267558528428094 0.00252689831144075
0.301003344481605 0.00261383135062611
0.334448160535117 0.00270374704579444
0.367892976588629 0.00279674716404431
0.40133779264214 0.00289293690504345
0.434782608695652 0.00299242501402842
0.468227424749164 0.00309532389832873
0.501672240802676 0.00320174974751106
0.535117056856187 0.00331182265724139
0.568561872909699 0.00342566675696386
0.602006688963211 0.00354341034149703
0.635451505016722 0.00366518600664923
0.668896321070234 0.00379113078895622
0.702341137123746 0.00392138630964535
0.735785953177257 0.00405609892293177
0.769230769230769 0.00419541986875256
0.802675585284281 0.00433950543004631
0.836120401337793 0.00448851709468531
0.869565217391304 0.0046426217221688
0.903010033444816 0.00480199171518541
0.936454849498328 0.00496680519615315
0.969899665551839 0.00513724618884512
1.00334448160535 0.00531350480520859
1.03678929765886 0.0054957774374842
1.07023411371237 0.00568426695573125
1.10367892976589 0.00587918291086339
1.1371237458194 0.00608074174329722
1.17056856187291 0.00628916699731439
1.20401337792642 0.00650468954123481
1.23745819397993 0.00672754779349581
1.27090301003344 0.0069579879547283
1.30434782608696 0.00719626424591675
1.33779264214047 0.00744263915272557
1.37123745819398 0.00769738367606822
1.40468227424749 0.00796077758899027
1.438127090301 0.00823310969993015
1.47157190635451 0.00851467812241403
1.50501672240803 0.00880579055123281
1.53846153846154 0.00910676454513979
1.57190635451505 0.00941792781609736
1.60535117056856 0.00973961852508968
1.63879598662207 0.0100721855845057
1.67224080267559 0.0104159889670837
1.7056856187291 0.0107714000213928
1.73913043478261 0.0111388017938115
1.77257525083612 0.011518589356946
1.80602006688963 0.011911170144409
1.83946488294314 0.0123169642918643
1.87290969899666 0.0127364049842139
1.90635451505017 0.0131699388087851
1.93979933110368 0.0136180261143454
1.97324414715719 0.0140811413757468
2.0066889632107 0.0145597735639714
2.04013377926421 0.0150544265213136
2.07357859531773 0.0155656193414059
2.10702341137124 0.0160938867537507
2.14046822742475 0.0166397795123874
2.17391304347826 0.0172038647882756
2.20735785953177 0.017786726564934
2.24080267558528 0.0183889660368232
2.2742474916388 0.0190112020099114
2.30769230769231 0.0196540713038053
2.34113712374582 0.020318229154771
2.37458193979933 0.0210043496189089
2.40802675585284 0.0217131259746803
2.44147157190635 0.0224452711239141
2.47491638795987 0.0232015179903514
2.50836120401338 0.0239826199147062
2.54180602006689 0.0247893510451419
2.5752508361204 0.025622506721977
2.60869565217391 0.0264829038553448
2.64214046822742 0.027371381294439
2.67558528428094 0.0282888001868784
2.70903010033445 0.0292360443266224
2.74247491638796 0.0302140204887622
2.77591973244147 0.031223658749403
2.80936454849498 0.0322659127887353
2.84280936454849 0.0333417601752765
2.87625418060201 0.0344522026291385
2.90969899665552 0.035598266262051
2.94314381270903 0.0367810017917387
2.97658862876254 0.0380014847281157
3.01003344481605 0.0392608155286226
3.04347826086956 0.0405601197198909
3.07692307692308 0.041900547982777
3.11036789297659 0.0432832761976608
3.1438127090301 0.0447095054467595
3.17725752508361 0.0461804619700583
3.21070234113712 0.0476973970713119
3.24414715719064 0.0492615869704259
3.27759197324415 0.0508743325983785
3.31103678929766 0.0525369593307042
3.34448160535117 0.0542508166554191
3.37792642140468 0.056017277771136
3.41137123745819 0.0578377391109886
3.44481605351171 0.0597136197878647
3.47826086956522 0.0616463609563384
3.51170568561873 0.063637425086593
3.54515050167224 0.065688295145538
3.57859531772575 0.0678004736802549
3.61204013377926 0.0699754817988525
3.64548494983278 0.0722148580437762
3.67892976588629 0.0745201571526057
3.7123745819398 0.0768929487013861
3.74581939799331 0.079334815625577
3.77926421404682 0.0818473526137724
3.81270903010033 0.0844321643694463
3.84615384615385 0.0870908637361168
3.87959866220736 0.0898250696814944
3.91304347826087 0.0926364051364025
3.94648829431438 0.0955264946845145
3.97993311036789 0.0984969620992679
4.0133779264214 0.101384866584211
4.04682274247492 0.103918733330848
4.08026755852843 0.106508421946712
4.11371237458194 0.109154785103783
4.14715719063545 0.11185866937717
4.18060200668896 0.114620914069913
4.21404682274247 0.117442349990708
4.24749163879599 0.120323798184613
4.2809364548495 0.123266068616982
4.31438127090301 0.126269958810979
4.34782608695652 0.129336252439261
4.38127090301003 0.132465717870544
4.41471571906354 0.135659106671984
4.44816053511706 0.138917152068514
4.48160535117057 0.142240567360467
4.51505016722408 0.145630044301056
4.54849498327759 0.149086251435505
4.5819397993311 0.152609832403862
4.61538461538461 0.156201404209783
4.64882943143813 0.159861555457817
4.68227424749164 0.163590844561999
4.71571906354515 0.16738979792881
4.74916387959866 0.171258908117858
4.78260869565217 0.175198631983877
4.81605351170569 0.179209388803954
4.8494983277592 0.183291558394148
4.88294314381271 0.187445479219963
4.91638795986622 0.191671446505393
4.94983277591973 0.195969710345543
4.98327759197324 0.200340473828096
5.01672240802676 0.204783891169152
5.05016722408027 0.209300065869213
5.08361204013378 0.213889048895318
5.11705685618729 0.218550836895575
5.1505016722408 0.22328537045252
5.18394648829431 0.228092532381937
5.21739130434783 0.232972146083921
5.25083612040134 0.237923973953136
5.28428093645485 0.242947715855303
5.31772575250836 0.248043007677068
5.35117056856187 0.253209419956449
5.38461538461538 0.258446456601077
5.4180602006689 0.26375355370145
5.45150501672241 0.269130078446372
5.48494983277592 0.274575328147648
5.51839464882943 0.280088529381004
5.55183946488294 0.285668837250019
5.58528428093645 0.291315334779652
5.61872909698997 0.2970270324457
5.65217391304348 0.302802867846214
5.68561872909699 0.308641705520579
5.7190635451505 0.314542336921562
5.75250836120401 0.32050348054521
5.78595317725753 0.326523782223017
5.81939799331104 0.332601815580254
5.85284280936455 0.338736082663805
5.88628762541806 0.344925014742279
5.91973244147157 0.351166973280511
5.95317725752508 0.357460251089933
5.9866220735786 0.363803073655587
6.02006688963211 0.370193600639859
6.05351170568562 0.376629927562243
6.08695652173913 0.38311008765372
6.12040133779264 0.389632053883553
6.15384615384615 0.396193741155512
6.18729096989967 0.402793008669783
6.22073578595318 0.409427662446012
6.25418060200669 0.416095458002184
6.2876254180602 0.422794103183252
6.32107023411371 0.429521261132697
6.35451505016722 0.436274553399504
6.38795986622074 0.443051563172292
6.42140468227425 0.449849838631742
6.45484949832776 0.456666896411801
6.48829431438127 0.463500225159586
6.52173913043478 0.470347289183388
6.55518394648829 0.4772055321777
6.58862876254181 0.48407238101376
6.62207357859532 0.490945249583776
6.65551839464883 0.497821542686688
6.68896321070234 0.504698659943076
6.72240802675585 0.511573999726714
6.75585284280936 0.51844496310012
6.78929765886288 0.525308957741471
6.82274247491639 0.532163401850281
6.8561872909699 0.53900572801936
6.88963210702341 0.54583338706077
6.92307692307692 0.552643851773709
6.95652173913043 0.559434620642631
6.98996655518395 0.566203221454223
7.02341137123746 0.572947214822343
7.05685618729097 0.579664197610501
7.09030100334448 0.586351806242008
7.12374581939799 0.593007719888501
7.1571906354515 0.599629663528216
7.19063545150502 0.606215410866002
7.22408026755853 0.612762787107829
7.25752508361204 0.619269671583214
7.29096989966555 0.625734000209798
7.32441471571906 0.632153767795016
7.35785953177257 0.63852703017063
7.39130434782609 0.64485190615664
7.4247491638796 0.651126579351885
7.45819397993311 0.657349299749428
7.49163879598662 0.663518385175555
7.52508361204013 0.669632222552018
7.55852842809364 0.675689268981823
7.59197324414716 0.681688052659614
7.62541806020067 0.687627173608372
7.65886287625418 0.693505304244779
7.69230769230769 0.699321189776236
7.7257525083612 0.705073648433083
7.75919732441471 0.710761571540107
7.79264214046823 0.716383923431949
7.82608695652174 0.721939741217422
7.85953177257525 0.727428134398232
7.89297658862876 0.732848284347897
7.92642140468227 0.738199443657036
7.95986622073579 0.743480935351445
7.9933110367893 0.74869215198962
8.02675585284281 0.753832554646604
8.06020066889632 0.758901671791146
8.09364548494983 0.763899098063303
8.12709030100334 0.768824492959667
8.16053511705686 0.773677579433444
8.19397993311037 0.778458142416596
8.22742474916388 0.783166027271237
8.26086956521739 0.78780113817738
8.2943143812709 0.792363436464057
8.32775919732441 0.796852938890703
8.36120401337793 0.801269715885519
8.39464882943144 0.805613889747399
8.42809364548495 0.809885632817769
8.46153846153846 0.814085165628504
8.49498327759197 0.81821275503184
8.52842809364548 0.822268712317974
8.561872909699 0.826253391325774
8.59531772575251 0.830167186551786
8.62876254180602 0.83401053126242
8.66220735785953 0.837783895613954
8.69565217391304 0.841487784784712
8.72909698996656 0.845122737123464
8.76254180602007 0.84868932231787
8.79598662207358 0.852188139586461
8.82943143812709 0.855619815897405
8.8628762541806 0.858985004217022
8.89632107023411 0.86228438179076
8.92976588628762 0.865518648459065
8.96321070234114 0.868688525010346
8.99665551839465 0.871794751572964
9.03010033444816 0.874838086047976
9.06354515050167 0.877819302584101
9.09698996655518 0.880739190096177
9.1304347826087 0.883598550828157
9.16387959866221 0.886398198961518
9.19732441471572 0.889138959269727
9.23076923076923 0.891821665819284
9.26421404682274 0.894447160717638
9.29765886287625 0.897016292908164
9.33110367892977 0.899529917012215
9.36454849498328 0.901988892218126
9.39799331103679 0.904394081216943
9.4314381270903 0.906746349184502
9.46488294314381 0.90904656280941
9.49832775919732 0.911295589366347
9.53177257525084 0.913494295834056
9.56521739130435 0.915643548057273
9.59866220735786 0.917744209951806
9.63210702341137 0.919797142751891
9.66555183946488 0.921803204298901
9.69899665551839 0.923763248370443
9.73244147157191 0.925678124048816
9.76588628762542 0.927548675127801
9.79933110367893 0.929375739556685
9.83277591973244 0.931160148920426
9.86622073578595 0.932902727954836
9.89966555183946 0.934604294095654
9.93311036789298 0.93626565706035
9.96655518394649 0.93788761846153
10 0.939470971450785
