0 0.000881253705368567
0.0334448160535117 0.000919328416483063
0.0668896321070234 0.000959046572699936
0.100334448160535 0.00100047897179801
0.133779264214047 0.00104369944914361
0.167224080267559 0.00108878500693247
0.20066889632107 0.00113581594883453
0.234113712374582 0.00118487602025892
0.267558528428094 0.00123605255446445
0.301003344481605 0.00128943662474913
0.334448160535117 0.00134512320296061
0.367892976588629 0.00140321132457805
0.40133779264214 0.00146380426062496
0.434782608695652 0.00152700969668128
0.468227424749164 0.00159293991927266
0.501672240802676 0.0016617120099239
0.535117056856187 0.00173344804717361
0.568561872909699 0.00180827531685667
0.602006688963211 0.00188632653097125
0.635451505016722 0.00196774005545718
0.668896321070234 0.00205266014722298
0.702341137123746 0.00214123720076887
0.735785953177257 0.00223362800476416
0.769230769230769 0.00232999600894733
0.802675585284281 0.00243051160172837
0.836120401337793 0.00253535239888308
0.869565217391304 0.00264470354373991
0.903010033444816 0.00275875801927029
0.936454849498328 0.00287771697250389
0.969899665551839 0.00300179005170042
1.00334448160535 0.00313119575671959
1.03678929765886 0.0032661618030406
1.07023411371237 0.00340692549989178
1.10367892976589 0.0035537341429599
1.1371237458194 0.00370684542215714
1.17056856187291 0.00386652784493128
1.20401337792642 0.0040330611756117
1.23745819397993 0.00420673689128992
1.27090301003344 0.00438785865473857
1.30434782608696 0.00457674280487663
1.33779264214047 0.00477371886529158
1.37123745819398 0.00497913007133024
1.40468227424749 0.00519333391627005
1.438127090301 0.00541670271707979
1.47157190635451 0.00564962420027528
1.50501672240803 0.00589250210836829
1.53846153846154 0.00614575682739826
1.57190635451505 0.00640982603602463
1.60535117056856 0.00668516537664212
1.63879598662207 0.00697224914896319
1.67224080267559 0.00727157102648957
1.7056856187291 0.00758364479626817
1.73913043478261 0.00790900512229574
1.77257525083612 0.00824820833290052
1.80602006688963 0.00860183323238754
1.83946488294314 0.0089704819371868
1.87290969899666 0.00935478073668904
1.90635451505017 0.00975538097889316
1.93979933110368 0.0101729599809198
1.97324414715719 0.0106082219643683
2.0066889632107 0.011061899015409
2.04013377926421 0.0115347520694034
2.07357859531773 0.0120275719197429
2.10702341137124 0.0125411802504727
2.14046822742475 0.0130764306921423
2.17391304347826 0.0136342099001755
2.20735785953177 0.0142154386548996
2.24080267558528 0.0148210729821954
2.2742474916388 0.0154521052935454
2.30769230769231 0.0161095655440474
2.34113712374582 0.0167945224067369
2.37458193979933 0.0175080844613199
2.40802675585284 0.018251401395148
2.44147157190635 0.0190256652139861
2.47491638795987 0.0198321114598102
2.50836120401338 0.0206720204325394
2.54180602006689 0.0215467184122491
2.5752508361204 0.0224575788780238
2.60869565217391 0.0234060237191979
2.64214046822742 0.0243935244342893
2.67558528428094 0.02542160331246
2.70903010033445 0.0264918345918366
2.74247491638796 0.0276058455884919
2.77591973244147 0.0287653177893212
2.80936454849498 0.0299719879014565
2.84280936454849 0.0312276488502277
2.87625418060201 0.0325341507170235
2.90969899665552 0.0338934016077117
2.94314381270903 0.0353073684415575
2.97658862876254 0.0367780776498245
3.01003344481605 0.0383076157724684
3.04347826086956 0.0398981299405241
3.07692307692308 0.0415518282309665
3.11036789297659 0.0432709798799749
3.1438127090301 0.0450579153396762
3.17725752508361 0.0469150261625728
3.21070234113712 0.0488447646969901
3.24414715719064 0.0508496435760153
3.27759197324415 0.052932234981544
3.31103678929766 0.055095169664223
3.34448160535117 0.0573411356992797
3.37792642140468 0.0596728769574794
3.41137123745819 0.0620931912697572
3.44481605351171 0.0646049282634548
3.47826086956522 0.0672109868475665
3.51170568561873 0.0699143123239768
3.54515050167224 0.0727178931013871
3.57859531772575 0.0756247569884828
3.61204013377926 0.0786379670429313
3.64548494983278 0.0817606169530231
3.67892976588629 0.0849958259292237
3.7123745819398 0.0883467330836007
3.74581939799331 0.0918164912760648
3.77926421404682 0.0954082604076426
3.81270903010033 0.0991252001426063
3.84615384615385 0.10297046204326
3.87959866220736 0.106947181103533
3.91304347826087 0.111058466670302
3.94648829431438 0.11530739274458
3.97993311036789 0.119696987658359
4.0133779264214 0.12423022312706
4.04682274247492 0.128910002682154
4.08026755852843 0.133739149493686
4.11371237458194 0.138720393598034
4.14715719063545 0.143856358552411
4.18060200668896 0.149149547544211
4.21404682274247 0.154602328990406
4.24749163879599 0.160216921669706
4.2809364548495 0.165995379438099
4.31438127090301 0.171939575586634
4.34782608695652 0.178051186908792
4.38127090301003 0.184331677553469
4.41471571906354 0.190782282748374
4.44816053511706 0.197403992487344
4.48160535117057 0.204197535283706
4.51505016722408 0.211163362100081
4.54849498327759 0.218301630572911
4.5819397993311 0.225612189657268
4.61538461538461 0.233094564824012
4.64882943143813 0.240747943946975
4.68227424749164 0.24857116402232
4.71571906354515 0.256562698865438
4.74916387959866 0.264720647932529
4.78260869565217 0.273042726414137
4.81605351170569 0.281526256746323
4.8494983277592 0.290168161681696
4.88294314381271 0.29896495905698
4.91638795986622 0.307912758386327
4.94983277591973 0.317007259399814
4.98327759197324 0.326243752634844
5.01672240802676 0.33561712217419
5.05016722408027 0.345121850608513
5.08361204013378 0.354752026283294
5.11705685618729 0.364501352870516
5.1505016722408 0.374363161284224
5.18394648829431 0.384330423936643
5.21739130434783 0.394395771308003
5.25083612040134 0.40455151077907
5.28428093645485 0.414789647650849
5.31772575250836 0.425101908251477
5.35117056856187 0.435479765006339
5.38461538461538 0.445914463324274
5.4180602006689 0.45639705013088
5.45150501672241 0.466918403859721
5.48494983277592 0.477469265694046
5.51839464882943 0.488040271835827
5.55183946488294 0.49862198656582
5.58528428093645 0.509204935848138
5.61872909698997 0.519779641225772
5.65217391304348 0.530336653749734
5.68561872909699 0.540866587684016
5.7190635451505 0.551360153731516
5.75250836120401 0.561808191532279
5.78595317725753 0.572201701194803
5.81939799331104 0.582531873633521
5.85284280936455 0.592790119500736
5.88628762541806 0.602968096518851
5.91973244147157 0.613057735038459
5.95317725752508 0.623051261669351
5.9866220735786 0.632941220854326
6.02006688963211 0.642720494279515
6.05351170568562 0.652382318039313
6.08695652173913 0.661920297498526
6.12040133779264 0.671328419818667
6.15384615384615 0.680601064139013
6.18729096989967 0.689733009425849
6.22073578595318 0.698719440024827
6.25418060200669 0.707555948971452
6.2876254180602 0.716238539133044
6.32107023411371 0.72476362227196
6.35451505016722 0.733128016134359
6.38795986622074 0.741328939681106
6.42140468227425 0.749364006587675
6.45484949832776 0.757231217147997
6.48829431438127 0.764928948723226
6.52173913043478 0.772455944880375
6.55518394648829 0.779811303367876
6.58862876254181 0.786994463075392
6.62207357859532 0.794005190123852
6.65551839464883 0.800843563228828
6.68896321070234 0.807509958476217
6.72240802675585 0.814005033643834
6.75585284280936 0.820329712196268
6.78929765886288 0.826485167073228
6.82274247491639 0.832472804383883
6.8561872909699 0.83829424711151
6.88963210702341 0.843951318924206
6.92307692307692 0.84944602817877
6.95652173913043 0.854780552196018
6.98996655518395 0.859957221877163
7.02341137123746 0.86497850672229
7.05685618729097 0.869847000303649
7.09030100334448 0.874565406238536
7.12374581939799 0.879136524698847
7.1571906354515 0.883563239487237
7.19063545150502 0.887848505703047
7.22408026755853 0.891995338014908
7.25752508361204 0.896006799551148
7.29096989966555 0.899885991413871
7.32441471571906 0.903636042817814
7.35785953177257 0.907260101850809
7.39130434782609 0.910761326848886
7.4247491638796 0.914142878375737
7.45819397993311 0.917407911793381
7.49163879598662 0.920559570408385
7.52508361204013 0.923600979175965
7.55852842809364 0.926535238942549
7.59197324414716 0.929365421206066
7.62541806020067 0.932094563372135
7.65886287625418 0.93472566448358
7.69230769230769 0.937261681400188
7.7257525083612 0.939705525405331
7.75919732441471 0.942060059216
7.79264214046823 0.944328094372885
7.82608695652174 0.946512388987418
7.85953177257525 0.948615645823033
7.89297658862876 0.950640510688454
7.92642140468227 0.952589571121371
7.95986622073579 0.954465355341568
7.9933110367893 0.956270331453287
8.02675585284281 0.958006906877411
8.06020066889632 0.959677427994861
8.09364548494983 0.961284179983452
8.12709030100334 0.962829386831323
8.16053511705686 0.964315211510916
8.19397993311037 0.965743756298356
8.22742474916388 0.967117063223935
8.26086956521739 0.96843711464027
8.2943143812709 0.969705833895517
8.32775919732441 0.97092508609984
8.36120401337793 0.972096678974128
8.39464882943144 0.973222363770706
8.42809364548495 0.974303836256506
8.46153846153846 0.975342737749872
8.49498327759197 0.976340656202859
8.52842809364548 0.977299127321489
8.561872909699 0.978219635717043
8.59531772575251 0.979103616082071
8.62876254180602 0.979952454385287
8.66220735785953 0.980767489080081
8.69565217391304 0.981550012321811
8.72909698996656 0.982301271189532
8.76254180602007 0.983022468908198
8.79598662207358 0.983714766067797
8.82943143812709 0.984379281836229
8.8628762541806 0.985017095163079
8.89632107023411 0.985629245971758
8.92976588628762 0.986216736337768
8.96321070234114 0.986780531651137
8.99665551839465 0.987321561761286
9.03010033444816 0.987840722102861
9.06354515050167 0.988338874801235
9.09698996655518 0.988816849756612
9.1304347826087 0.989275445705811
9.16387959866221 0.989715431261001
9.19732441471572 0.990137545924778
9.23076923076923 0.990542501081126
9.26421404682274 0.990930980961923
9.29765886287625 0.99130364358875
9.33110367892977 0.991661121689881
9.36454849498328 0.9920040235924
9.39799331103679 0.992332934089495
9.4314381270903 0.992648415283012
9.46488294314381 0.992951007401465
9.49832775919732 0.993241229593707
9.53177257525084 0.993519580698549
9.56521739130435 0.993786539990641
9.59866220735786 0.994042567902969
9.63210702341137 0.994288106726359
9.66555183946488 0.994523581286398
9.69899665551839 0.994749399598222
9.73244147157191 0.994965953499612
9.76588628762542 0.995173619262889
9.79933110367893 0.99537275818608
9.83277591973244 0.995563717163871
9.86622073578595 0.995746829238823
9.89966555183946 0.995922414133384
9.93311036789298 0.9960907787632
9.96655518394649 0.996252217732229
10 0.996407013810182
