1 1
1 1
1 1
1 1
1 1
1 1
1 1
1 1
1 1
1 1
1 1
1 1
1 1
1 1
1 1
1 1
1 1
1 1
1 1
1 1
1 1
1 1
1 1
1 1
1 1
1 1
1 1
1 1
1 1
1 1
1 1
1 1
1 1
1 1
0.972972972972973 1
0.972222222222222 1
0.945945945945946 1
0.945945945945946 1
0.945945945945946 1
0.918918918918919 1
0.868421052631579 1
0.846153846153846 1
0.825 1
0.804878048780488 1
0.804878048780488 1
0.804878048780488 1
0.804878048780488 1
0.785714285714286 1
0.767441860465116 1
0.767441860465116 1
0.767441860465116 1
0.767441860465116 1
0.75 1
0.744186046511628 1
0.744186046511628 1
0.744186046511628 1
0.727272727272727 1
0.727272727272727 1
0.727272727272727 1
0.727272727272727 1
0.727272727272727 1
0.711111111111111 1
0.695652173913043 1
0.673913043478261 1
0.673913043478261 1
0.673913043478261 1
0.666666666666667 1
0.666666666666667 1
0.659090909090909 1
0.659090909090909 1
0.659090909090909 1
0.659090909090909 1
0.659090909090909 1
0.659090909090909 1
0.651162790697674 1
0.651162790697674 1
0.651162790697674 1
0.651162790697674 1
0.651162790697674 1
0.651162790697674 1
0.651162790697674 1
0.636363636363636 1
0.622222222222222 1
0.622222222222222 1
0.622222222222222 1
0.622222222222222 1
0.622222222222222 1
0.608695652173913 1
0.608695652173913 1
0.608695652173913 1
0.608695652173913 1
0.595744680851064 1
0.595744680851064 1
0.58695652173913 1
0.58695652173913 1
0.58695652173913 1
0.58695652173913 1
0.58695652173913 1
0.577777777777778 1
0.555555555555556 1
0.545454545454545 1
0.545454545454545 1
0.534883720930233 1
0.522727272727273 1
0.522727272727273 1
0.522727272727273 1
0.522727272727273 1
0.522727272727273 1
0.522727272727273 1
0.522727272727273 1
0.522727272727273 1
0.522727272727273 1
0.522727272727273 1
0.522727272727273 1
0.522727272727273 1
0.522727272727273 1
0.522727272727273 1
0.522727272727273 1
0.522727272727273 1
0.522727272727273 1
0.522727272727273 1
0.522727272727273 1
0.522727272727273 1
0.522727272727273 1
0.522727272727273 1
0.522727272727273 1
0.522727272727273 1
0.522727272727273 1
0.522727272727273 1
0.5 1
0.5 1
0.488372093023256 1
0.488372093023256 1
0.488372093023256 1
0.488372093023256 1
0.488372093023256 1
0.488372093023256 0.976744186046512
0.476190476190476 0.976744186046512
0.476190476190476 0.976744186046512
0.476190476190476 0.976744186046512
0.476190476190476 0.976744186046512
0.463414634146341 0.976744186046512
0.463414634146341 0.976744186046512
0.463414634146341 0.976744186046512
0.463414634146341 0.976744186046512
0.463414634146341 0.976744186046512
0.463414634146341 0.976744186046512
0.463414634146341 0.976744186046512
0.45 0.976744186046512
0.45 0.976744186046512
0.439024390243902 0.976744186046512
0.439024390243902 0.976744186046512
0.439024390243902 0.976744186046512
0.439024390243902 0.976744186046512
0.439024390243902 0.976744186046512
0.439024390243902 0.976744186046512
0.428571428571429 0.976744186046512
0.428571428571429 0.976190476190476
0.428571428571429 0.976190476190476
0.418604651162791 0.976190476190476
0.418604651162791 0.976190476190476
0.418604651162791 0.976190476190476
0.418604651162791 0.976190476190476
0.418604651162791 0.976190476190476
0.418604651162791 0.976190476190476
0.418604651162791 0.976190476190476
0.418604651162791 0.976190476190476
0.418604651162791 0.976190476190476
0.418604651162791 0.976190476190476
0.418604651162791 0.976190476190476
0.409090909090909 0.976190476190476
0.409090909090909 0.976190476190476
0.409090909090909 0.976190476190476
0.409090909090909 0.976190476190476
0.409090909090909 0.976190476190476
0.395348837209302 0.976190476190476
0.395348837209302 0.976190476190476
0.395348837209302 0.976190476190476
0.395348837209302 0.976190476190476
0.395348837209302 0.976190476190476
0.395348837209302 0.976190476190476
0.395348837209302 0.976190476190476
0.395348837209302 0.976190476190476
0.395348837209302 0.976190476190476
0.395348837209302 0.976190476190476
0.395348837209302 0.976190476190476
0.395348837209302 0.976190476190476
0.395348837209302 0.976190476190476
0.395348837209302 0.976190476190476
0.395348837209302 0.976190476190476
0.395348837209302 0.976190476190476
0.395348837209302 0.976190476190476
0.395348837209302 0.976190476190476
0.395348837209302 0.976190476190476
0.395348837209302 0.976190476190476
0.395348837209302 0.976190476190476
0.395348837209302 0.976190476190476
0.395348837209302 0.976190476190476
0.395348837209302 0.976190476190476
0.395348837209302 0.976190476190476
0.395348837209302 0.976190476190476
0.395348837209302 0.976190476190476
0.395348837209302 0.976190476190476
0.395348837209302 0.976190476190476
0.395348837209302 0.976190476190476
0.386363636363636 0.976190476190476
0.386363636363636 0.976190476190476
0.386363636363636 0.976190476190476
0.386363636363636 0.976190476190476
0.386363636363636 0.976190476190476
0.386363636363636 0.976190476190476
0.386363636363636 0.976190476190476
0.386363636363636 0.976190476190476
0.377777777777778 0.976190476190476
0.377777777777778 0.976190476190476
0.369565217391304 0.976190476190476
0.369565217391304 0.976190476190476
0.361702127659574 0.976190476190476
0.361702127659574 0.976190476190476
0.361702127659574 0.976190476190476
0.354166666666667 0.976190476190476
0.354166666666667 0.976190476190476
0.340425531914894 0.976190476190476
0.340425531914894 0.976190476190476
0.340425531914894 0.976190476190476
0.340425531914894 0.976190476190476
0.340425531914894 0.976190476190476
0.340425531914894 0.976190476190476
0.340425531914894 0.976190476190476
0.340425531914894 0.976190476190476
0.340425531914894 0.976190476190476
0.340425531914894 0.976190476190476
0.340425531914894 0.976190476190476
0.340425531914894 0.953488372093023
0.340425531914894 0.953488372093023
0.340425531914894 0.953488372093023
0.340425531914894 0.953488372093023
0.340425531914894 0.931818181818182
0.326086956521739 0.931818181818182
0.311111111111111 0.931818181818182
0.311111111111111 0.931818181818182
0.311111111111111 0.931818181818182
0.311111111111111 0.931818181818182
0.311111111111111 0.931818181818182
0.311111111111111 0.931818181818182
0.311111111111111 0.931818181818182
0.311111111111111 0.931818181818182
0.311111111111111 0.931818181818182
0.311111111111111 0.931818181818182
0.311111111111111 0.931818181818182
0.311111111111111 0.931818181818182
0.311111111111111 0.931818181818182
0.311111111111111 0.931818181818182
0.311111111111111 0.931818181818182
0.311111111111111 0.931818181818182
0.295454545454545 0.911111111111111
0.295454545454545 0.909090909090909
0.295454545454545 0.909090909090909
0.295454545454545 0.909090909090909
0.295454545454545 0.909090909090909
0.295454545454545 0.909090909090909
0.295454545454545 0.909090909090909
0.295454545454545 0.909090909090909
0.295454545454545 0.909090909090909
0.295454545454545 0.909090909090909
0.288888888888889 0.909090909090909
0.288888888888889 0.909090909090909
0.282608695652174 0.909090909090909
0.282608695652174 0.909090909090909
0.282608695652174 0.909090909090909
0.282608695652174 0.909090909090909
0.282608695652174 0.909090909090909
0.282608695652174 0.909090909090909
0.282608695652174 0.909090909090909
0.282608695652174 0.909090909090909
0.282608695652174 0.909090909090909
0.282608695652174 0.909090909090909
0.276595744680851 0.909090909090909
0.276595744680851 0.909090909090909
0.276595744680851 0.909090909090909
0.276595744680851 0.909090909090909
0.276595744680851 0.909090909090909
0.260869565217391 0.909090909090909
0.260869565217391 0.909090909090909
0.25531914893617 0.909090909090909
0.25531914893617 0.909090909090909
0.25531914893617 0.909090909090909
0.25531914893617 0.909090909090909
0.25531914893617 0.909090909090909
0.25531914893617 0.909090909090909
0.25531914893617 0.909090909090909
0.25531914893617 0.909090909090909
0.25531914893617 0.909090909090909
0.25531914893617 0.909090909090909
0.25 0.909090909090909
0.234042553191489 0.909090909090909
0.234042553191489 0.909090909090909
0.234042553191489 0.909090909090909
0.234042553191489 0.909090909090909
0.234042553191489 0.909090909090909
0.234042553191489 0.909090909090909
0.234042553191489 0.909090909090909
0.234042553191489 0.909090909090909
0.234042553191489 0.909090909090909
0.234042553191489 0.906976744186046
0.234042553191489 0.906976744186046
0.234042553191489 0.906976744186046
0.234042553191489 0.886363636363636
0.234042553191489 0.886363636363636
0.234042553191489 0.886363636363636
0.234042553191489 0.886363636363636
0.234042553191489 0.886363636363636
0.234042553191489 0.886363636363636
0.234042553191489 0.886363636363636
0.217391304347826 0.886363636363636
0.217391304347826 0.886363636363636
0.217391304347826 0.886363636363636
0.217391304347826 0.886363636363636
0.217391304347826 0.886363636363636
0.217391304347826 0.886363636363636
0.217391304347826 0.886363636363636
0.217391304347826 0.886363636363636
0.217391304347826 0.886363636363636
0.217391304347826 0.886363636363636
0.217391304347826 0.886363636363636
0.217391304347826 0.886363636363636
0.217391304347826 0.886363636363636
0.217391304347826 0.886363636363636
0.217391304347826 0.886363636363636
0.217391304347826 0.886363636363636
0.217391304347826 0.886363636363636
0.217391304347826 0.886363636363636
0.217391304347826 0.886363636363636
0.212765957446809 0.886363636363636
0.212765957446809 0.886363636363636
0.212765957446809 0.886363636363636
0.212765957446809 0.886363636363636
0.212765957446809 0.886363636363636
0.212765957446809 0.886363636363636
0.212765957446809 0.886363636363636
0.212765957446809 0.886363636363636
0.212765957446809 0.886363636363636
0.212765957446809 0.886363636363636
0.212765957446809 0.886363636363636
0.212765957446809 0.886363636363636
0.212765957446809 0.886363636363636
0.212765957446809 0.886363636363636
0.212765957446809 0.886363636363636
0.212765957446809 0.886363636363636
0.212765957446809 0.886363636363636
0.212765957446809 0.883720930232558
0.212765957446809 0.883720930232558
0.212765957446809 0.883720930232558
0.212765957446809 0.883720930232558
0.212765957446809 0.883720930232558
0.212765957446809 0.883720930232558
0.212765957446809 0.883720930232558
0.212765957446809 0.883720930232558
0.212765957446809 0.883720930232558
0.212765957446809 0.883720930232558
0.212765957446809 0.883720930232558
0.212765957446809 0.883720930232558
0.212765957446809 0.883720930232558
0.212765957446809 0.883720930232558
0.212765957446809 0.883720930232558
0.212765957446809 0.883720930232558
0.212765957446809 0.883720930232558
0.212765957446809 0.883720930232558
0.212765957446809 0.883720930232558
0.212765957446809 0.883720930232558
0.212765957446809 0.883720930232558
0.212765957446809 0.883720930232558
0.212765957446809 0.883720930232558
0.212765957446809 0.880952380952381
0.212765957446809 0.880952380952381
0.212765957446809 0.880952380952381
0.212765957446809 0.880952380952381
0.212765957446809 0.880952380952381
0.212765957446809 0.880952380952381
0.212765957446809 0.880952380952381
0.212765957446809 0.880952380952381
0.212765957446809 0.880952380952381
0.212765957446809 0.880952380952381
0.195652173913043 0.880952380952381
0.195652173913043 0.880952380952381
0.177777777777778 0.880952380952381
0.177777777777778 0.880952380952381
0.177777777777778 0.880952380952381
0.177777777777778 0.880952380952381
0.177777777777778 0.880952380952381
0.177777777777778 0.880952380952381
0.177777777777778 0.880952380952381
0.177777777777778 0.880952380952381
0.177777777777778 0.880952380952381
0.177777777777778 0.880952380952381
0.173913043478261 0.880952380952381
0.173913043478261 0.880952380952381
0.173913043478261 0.880952380952381
0.173913043478261 0.878048780487805
0.173913043478261 0.878048780487805
0.173913043478261 0.878048780487805
0.173913043478261 0.878048780487805
0.173913043478261 0.878048780487805
0.173913043478261 0.878048780487805
0.173913043478261 0.878048780487805
0.173913043478261 0.878048780487805
0.173913043478261 0.878048780487805
0.173913043478261 0.878048780487805
0.173913043478261 0.878048780487805
0.173913043478261 0.878048780487805
0.173913043478261 0.878048780487805
0.173913043478261 0.878048780487805
0.173913043478261 0.878048780487805
0.173913043478261 0.878048780487805
0.173913043478261 0.878048780487805
0.170212765957447 0.878048780487805
0.170212765957447 0.878048780487805
0.166666666666667 0.878048780487805
0.166666666666667 0.878048780487805
0.166666666666667 0.878048780487805
0.166666666666667 0.878048780487805
0.166666666666667 0.878048780487805
0.166666666666667 0.878048780487805
0.166666666666667 0.878048780487805
0.166666666666667 0.878048780487805
0.148936170212766 0.878048780487805
0.148936170212766 0.878048780487805
0.130434782608696 0.878048780487805
0.130434782608696 0.878048780487805
0.130434782608696 0.878048780487805
0.130434782608696 0.878048780487805
0.130434782608696 0.878048780487805
0.130434782608696 0.878048780487805
0.130434782608696 0.878048780487805
0.130434782608696 0.878048780487805
0.127659574468085 0.878048780487805
0.127659574468085 0.878048780487805
0.127659574468085 0.857142857142857
0.127659574468085 0.857142857142857
0.127659574468085 0.857142857142857
0.127659574468085 0.857142857142857
0.127659574468085 0.857142857142857
0.127659574468085 0.857142857142857
0.108695652173913 0.857142857142857
0.108695652173913 0.857142857142857
0.108695652173913 0.857142857142857
0.108695652173913 0.857142857142857
0.108695652173913 0.857142857142857
0.108695652173913 0.857142857142857
0.108695652173913 0.857142857142857
0.108695652173913 0.857142857142857
0.108695652173913 0.857142857142857
0.108695652173913 0.857142857142857
0.108695652173913 0.857142857142857
0.108695652173913 0.857142857142857
0.108695652173913 0.857142857142857
0.108695652173913 0.857142857142857
0.108695652173913 0.857142857142857
0.108695652173913 0.857142857142857
0.108695652173913 0.857142857142857
0.108695652173913 0.857142857142857
0.108695652173913 0.857142857142857
0.108695652173913 0.857142857142857
0.108695652173913 0.857142857142857
0.108695652173913 0.857142857142857
0.108695652173913 0.857142857142857
0.106382978723404 0.857142857142857
0.106382978723404 0.857142857142857
0.106382978723404 0.857142857142857
0.106382978723404 0.857142857142857
0.106382978723404 0.857142857142857
0.106382978723404 0.857142857142857
0.106382978723404 0.857142857142857
0.106382978723404 0.857142857142857
0.106382978723404 0.853658536585366
0.106382978723404 0.853658536585366
0.106382978723404 0.853658536585366
0.106382978723404 0.853658536585366
0.106382978723404 0.853658536585366
0.106382978723404 0.853658536585366
0.106382978723404 0.853658536585366
0.104166666666667 0.853658536585366
0.104166666666667 0.85
0.104166666666667 0.85
0.104166666666667 0.85
0.104166666666667 0.85
0.0851063829787234 0.85
0.0851063829787234 0.85
0.0851063829787234 0.85
0.0851063829787234 0.85
0.0851063829787234 0.846153846153846
0.0851063829787234 0.825
0.0851063829787234 0.825
0.0652173913043478 0.825
0.0652173913043478 0.825
0.0652173913043478 0.825
0.0652173913043478 0.825
0.0652173913043478 0.825
0.0652173913043478 0.825
0.0652173913043478 0.825
0.0652173913043478 0.825
0.0638297872340425 0.825
0.0638297872340425 0.825
0.0638297872340425 0.825
0.0638297872340425 0.825
0.0638297872340425 0.825
0.0638297872340425 0.82051282051282
0.0638297872340425 0.82051282051282
0.0638297872340425 0.82051282051282
0.0638297872340425 0.82051282051282
0.0638297872340425 0.82051282051282
0.0638297872340425 0.82051282051282
0.0638297872340425 0.82051282051282
0.0638297872340425 0.82051282051282
0.0638297872340425 0.82051282051282
0.0638297872340425 0.82051282051282
0.0638297872340425 0.815789473684211
0.0638297872340425 0.815789473684211
0.0638297872340425 0.815789473684211
0.0638297872340425 0.815789473684211
0.0638297872340425 0.815789473684211
0.0638297872340425 0.815789473684211
0.0638297872340425 0.815789473684211
0.0638297872340425 0.815789473684211
0.0638297872340425 0.815789473684211
0.0638297872340425 0.815789473684211
0.0638297872340425 0.815789473684211
0.0638297872340425 0.815789473684211
0.0638297872340425 0.815789473684211
0.0638297872340425 0.810810810810811
0.0638297872340425 0.810810810810811
0.0638297872340425 0.810810810810811
0.0638297872340425 0.810810810810811
0.0638297872340425 0.805555555555556
0.0638297872340425 0.805555555555556
0.0638297872340425 0.805555555555556
0.0638297872340425 0.805555555555556
0.0638297872340425 0.805555555555556
0.0638297872340425 0.783783783783784
0.0638297872340425 0.783783783783784
0.0638297872340425 0.783783783783784
0.0638297872340425 0.777777777777778
0.0638297872340425 0.777777777777778
0.0638297872340425 0.777777777777778
0.0638297872340425 0.777777777777778
0.0638297872340425 0.777777777777778
0.0638297872340425 0.777777777777778
0.0638297872340425 0.777777777777778
0.0638297872340425 0.777777777777778
0.0638297872340425 0.777777777777778
0.0638297872340425 0.777777777777778
0.0638297872340425 0.777777777777778
0.0638297872340425 0.777777777777778
0.0638297872340425 0.777777777777778
0.0638297872340425 0.777777777777778
0.0638297872340425 0.777777777777778
0.0434782608695652 0.777777777777778
0.0434782608695652 0.771428571428571
0.0434782608695652 0.764705882352941
0.0434782608695652 0.764705882352941
0.0434782608695652 0.742857142857143
0.0434782608695652 0.742857142857143
0.0434782608695652 0.742857142857143
0.0434782608695652 0.742857142857143
0.0434782608695652 0.742857142857143
0.0434782608695652 0.742857142857143
0.0434782608695652 0.742857142857143
0.0434782608695652 0.742857142857143
0.0434782608695652 0.742857142857143
0.0434782608695652 0.742857142857143
0.0425531914893617 0.742857142857143
0.0425531914893617 0.742857142857143
0.0212765957446809 0.742857142857143
0.0212765957446809 0.742857142857143
0.0212765957446809 0.742857142857143
0.0212765957446809 0.742857142857143
0.0212765957446809 0.742857142857143
0.0212765957446809 0.742857142857143
0.0212765957446809 0.742857142857143
0.0212765957446809 0.742857142857143
0.0212765957446809 0.742857142857143
0.0212765957446809 0.742857142857143
0.0212765957446809 0.742857142857143
0.0212765957446809 0.742857142857143
0.0212765957446809 0.722222222222222
0.0212765957446809 0.722222222222222
0.0212765957446809 0.722222222222222
0.0212765957446809 0.722222222222222
0.0212765957446809 0.722222222222222
0.0212765957446809 0.722222222222222
0.0212765957446809 0.722222222222222
0.0212765957446809 0.722222222222222
0.0212765957446809 0.722222222222222
0.0212765957446809 0.722222222222222
0.0212765957446809 0.722222222222222
0.0212765957446809 0.722222222222222
0.0212765957446809 0.722222222222222
0.0212765957446809 0.722222222222222
0.0212765957446809 0.722222222222222
0.0212765957446809 0.722222222222222
0.0212765957446809 0.722222222222222
0.0212765957446809 0.722222222222222
0.0212765957446809 0.722222222222222
0.0212765957446809 0.722222222222222
0.0212765957446809 0.722222222222222
0.0212765957446809 0.722222222222222
0.0212765957446809 0.722222222222222
0.0212765957446809 0.722222222222222
0.0212765957446809 0.722222222222222
0.0208333333333333 0.722222222222222
0.0204081632653061 0.722222222222222
0.0204081632653061 0.722222222222222
0.0204081632653061 0.722222222222222
0.0204081632653061 0.722222222222222
0.0204081632653061 0.722222222222222
0.0204081632653061 0.722222222222222
0.0204081632653061 0.722222222222222
0.0204081632653061 0.722222222222222
0.0204081632653061 0.722222222222222
0.0204081632653061 0.722222222222222
0.0204081632653061 0.722222222222222
0.0204081632653061 0.722222222222222
0.0204081632653061 0.722222222222222
0.0204081632653061 0.722222222222222
0.02 0.722222222222222
0.02 0.722222222222222
0.02 0.722222222222222
0.02 0.722222222222222
0.02 0.722222222222222
0.02 0.722222222222222
0.02 0.722222222222222
0.02 0.722222222222222
0.02 0.722222222222222
0.02 0.714285714285714
0.02 0.714285714285714
0.02 0.714285714285714
0.02 0.714285714285714
0.02 0.714285714285714
0.02 0.714285714285714
0.02 0.714285714285714
0.02 0.714285714285714
0.02 0.714285714285714
0.02 0.714285714285714
0.02 0.714285714285714
0.02 0.714285714285714
0.02 0.714285714285714
0.02 0.714285714285714
0.02 0.714285714285714
0.02 0.714285714285714
0.02 0.705882352941177
0.02 0.705882352941177
0.02 0.685714285714286
0.02 0.685714285714286
0.02 0.685714285714286
0.02 0.685714285714286
0.02 0.685714285714286
0.02 0.685714285714286
0.02 0.666666666666667
0.02 0.666666666666667
0.02 0.666666666666667
0.0196078431372549 0.666666666666667
0.0196078431372549 0.666666666666667
0.0196078431372549 0.666666666666667
0.0196078431372549 0.666666666666667
0.0196078431372549 0.648648648648649
0.0196078431372549 0.648648648648649
0.0192307692307692 0.648648648648649
0.0192307692307692 0.648648648648649
0.0192307692307692 0.648648648648649
0.0192307692307692 0.648648648648649
0.0192307692307692 0.648648648648649
0.0192307692307692 0.648648648648649
0.0192307692307692 0.648648648648649
0.0192307692307692 0.648648648648649
0.0192307692307692 0.648648648648649
0.0192307692307692 0.648648648648649
0.0192307692307692 0.631578947368421
0.0192307692307692 0.631578947368421
0.0192307692307692 0.631578947368421
0.0192307692307692 0.631578947368421
0.0192307692307692 0.631578947368421
0.0192307692307692 0.631578947368421
0.0192307692307692 0.631578947368421
0.0192307692307692 0.631578947368421
0.0192307692307692 0.631578947368421
0.0192307692307692 0.615384615384615
0.0192307692307692 0.615384615384615
0.0192307692307692 0.615384615384615
0.0192307692307692 0.615384615384615
0.0192307692307692 0.615384615384615
0.0192307692307692 0.615384615384615
0.0192307692307692 0.615384615384615
0.0192307692307692 0.615384615384615
0.0192307692307692 0.615384615384615
0.0192307692307692 0.6
0.0192307692307692 0.6
0.0192307692307692 0.6
0.0192307692307692 0.585365853658537
0.0192307692307692 0.585365853658537
0.0192307692307692 0.585365853658537
0.0192307692307692 0.585365853658537
0 0.585365853658537
0 0.585365853658537
0 0.585365853658537
0 0.571428571428571
0 0.571428571428571
0 0.571428571428571
0 0.571428571428571
0 0.571428571428571
0 0.571428571428571
0 0.571428571428571
0 0.571428571428571
0 0.571428571428571
0 0.571428571428571
0 0.571428571428571
0 0.571428571428571
0 0.545454545454545
0 0.545454545454545
0 0.545454545454545
0 0.545454545454545
0 0.545454545454545
0 0.545454545454545
0 0.545454545454545
0 0.545454545454545
0 0.545454545454545
0 0.545454545454545
0 0.545454545454545
0 0.545454545454545
0 0.545454545454545
0 0.545454545454545
0 0.545454545454545
0 0.545454545454545
0 0.545454545454545
0 0.545454545454545
0 0.545454545454545
0 0.534883720930233
0 0.534883720930233
0 0.534883720930233
0 0.534883720930233
0 0.534883720930233
0 0.534883720930233
0 0.534883720930233
0 0.534883720930233
0 0.534883720930233
0 0.534883720930233
0 0.534883720930233
0 0.534883720930233
0 0.534883720930233
0 0.534883720930233
0 0.534883720930233
0 0.534883720930233
0 0.534883720930233
0 0.534883720930233
0 0.534883720930233
0 0.534883720930233
0 0.534883720930233
0 0.534883720930233
0 0.534883720930233
0 0.523809523809524
0 0.523809523809524
0 0.523809523809524
0 0.523809523809524
0 0.523809523809524
0 0.523809523809524
0 0.523809523809524
0 0.523809523809524
0 0.523809523809524
0 0.523809523809524
0 0.523809523809524
0 0.523809523809524
0 0.523809523809524
0 0.511627906976744
0 0.5
0 0.5
0 0.5
0 0.5
0 0.5
0 0.5
0 0.5
0 0.5
0 0.5
0 0.5
0 0.488372093023256
0 0.488372093023256
0 0.488372093023256
0 0.488372093023256
0 0.488372093023256
0 0.488372093023256
0 0.488372093023256
0 0.488372093023256
0 0.488372093023256
0 0.488372093023256
0 0.488372093023256
0 0.488372093023256
0 0.488372093023256
0 0.488372093023256
0 0.488372093023256
0 0.488372093023256
0 0.488372093023256
0 0.488372093023256
0 0.488372093023256
0 0.488372093023256
0 0.488372093023256
0 0.488372093023256
0 0.488372093023256
0 0.488372093023256
0 0.488372093023256
0 0.488372093023256
0 0.476190476190476
0 0.476190476190476
0 0.476190476190476
0 0.476190476190476
0 0.476190476190476
0 0.476190476190476
0 0.476190476190476
0 0.476190476190476
0 0.476190476190476
0 0.476190476190476
0 0.463414634146341
0 0.463414634146341
0 0.463414634146341
0 0.463414634146341
0 0.463414634146341
0 0.463414634146341
0 0.463414634146341
0 0.463414634146341
0 0.463414634146341
0 0.463414634146341
0 0.463414634146341
0 0.463414634146341
0 0.45
0 0.45
0 0.45
0 0.45
0 0.45
0 0.45
0 0.45
0 0.45
0 0.439024390243902
0 0.439024390243902
0 0.439024390243902
0 0.439024390243902
0 0.425
0 0.425
0 0.425
0 0.425
0 0.425
0 0.425
0 0.425
0 0.425
0 0.425
0 0.41025641025641
0 0.4
0 0.4
0 0.4
0 0.4
0 0.4
0 0.4
0 0.4
0 0.4
0 0.4
0 0.375
0 0.375
0 0.375
0 0.375
0 0.375
0 0.375
0 0.375
0 0.375
0 0.358974358974359
0 0.358974358974359
0 0.358974358974359
0 0.358974358974359
0 0.358974358974359
0 0.358974358974359
0 0.358974358974359
0 0.358974358974359
0 0.358974358974359
0 0.358974358974359
0 0.358974358974359
0 0.358974358974359
0 0.358974358974359
0 0.358974358974359
0 0.35
0 0.35
0 0.35
0 0.333333333333333
0 0.333333333333333
0 0.333333333333333
0 0.325
0 0.325
0 0.307692307692308
0 0.307692307692308
0 0.307692307692308
0 0.307692307692308
0 0.307692307692308
0 0.3
0 0.3
0 0.3
0 0.3
0 0.3
0 0.3
0 0.3
0 0.292682926829268
0 0.292682926829268
0 0.292682926829268
0 0.292682926829268
0 0.292682926829268
0 0.292682926829268
0 0.285714285714286
0 0.285714285714286
0 0.285714285714286
0 0.268292682926829
0 0.268292682926829
0 0.261904761904762
0 0.261904761904762
0 0.261904761904762
0 0.261904761904762
0 0.261904761904762
0 0.255813953488372
0 0.255813953488372
0 0.255813953488372
0 0.255813953488372
0 0.255813953488372
0 0.255813953488372
0 0.238095238095238
0 0.219512195121951
0 0.2
0 0.2
0 0.175
0 0.175
0 0.175
0 0.170731707317073
0 0.170731707317073
0 0.170731707317073
0 0.170731707317073
0 0.170731707317073
0 0.15
0 0.15
0 0.15
0 0.15
0 0.15
0 0.15
0 0.15
0 0.125
0 0.102564102564103
0 0.102564102564103
0 0.102564102564103
0 0.102564102564103
0 0.102564102564103
0 0.102564102564103
0 0.102564102564103
0 0.102564102564103
0 0.0975609756097561
0 0.0952380952380952
0 0.0952380952380952
0 0.0930232558139535
0 0.0930232558139535
0 0.0930232558139535
0 0.0930232558139535
0 0.0930232558139535
0 0.024390243902439
0 0.024390243902439
0 0.024390243902439
0 0
0 0
0 0
0 0
0 0
0 0
0 0
0 0
0 0
0 0
0 0
0 0
0 0
0 0
0 0
0 0
0 0
0 0
0 0
0 0
0 0
0 0
0 0
0 0
0 0
0 0
0 0
0 0
0 0
0 0
0 0
0 0
0 0
0 0
0 0
0 0
