0 0.000163338605010294
0.0334448160535117 0.000172821074474422
0.0668896321070234 0.000182853939129737
0.100334448160535 0.000193469133780648
0.133779264214047 0.000204700444702642
0.167224080267559 0.000216583616812568
0.20066889632107 0.000229156467021826
0.234113712374582 0.000242459004126711
0.267558528428094 0.000256533555610181
0.301003344481605 0.000271424901750388
0.334448160535117 0.000287180417453571
0.367892976588629 0.000303850222252364
0.40133779264214 0.000321487338935301
0.434782608695652 0.000340147861299323
0.468227424749164 0.000359891131544567
0.501672240802676 0.000380779927859612
0.535117056856187 0.00040288066277579
0.568561872909699 0.000426263592901208
0.602006688963211 0.000451003040678862
0.635451505016722 0.000477177628848655
0.668896321070234 0.00050487052833046
0.702341137123746 0.000534169720284529
0.735785953177257 0.000565168273146789
0.769230769230769 0.000597964635479764
0.802675585284281 0.000632662945525306
0.836120401337793 0.000669373358392941
0.869565217391304 0.000708212391867599
0.903010033444816 0.000749303291872823
0.936454849498328 0.0007927764186804
0.969899665551839 0.000838769655014725
1.00334448160535 0.000887428837260197
1.03678929765886 0.000938908211042689
1.07023411371237 0.000993370912521541
1.10367892976589 0.00105098947679686
1.1371237458194 0.00111194637490803
1.17056856187291 0.00117643458097342
1.20401337792642 0.00124465817109826
1.23745819397993 0.00131683295575755
1.27090301003344 0.00139318714744387
1.30434782608696 0.00147396206545562
1.33779264214047 0.00155941287978997
1.37123745819398 0.00164980939619612
1.40468227424749 0.00174543688453886
1.438127090301 0.00184659695271861
1.47157190635451 0.00195360846849367
1.50501672240803 0.00206680853165101
1.53846153846154 0.00218655349907501
1.57190635451505 0.00231322006536811
1.60535117056856 0.00244720640178224
1.63879598662207 0.00258893335632624
1.67224080267559 0.00273884571801995
1.7056856187291 0.00289741354837082
1.73913043478261 0.00306513358325226
1.77257525083612 0.00324253070846373
1.80602006688963 0.00343015951234969
1.83946488294314 0.00362860591894716
1.87290969899666 0.00383848890521685
1.90635451505017 0.00406046230599161
1.93979933110368 0.00429521671034316
1.97324414715719 0.00454348145312476
2.0066889632107 0.00480602670548885
2.04013377926421 0.00508366566820326
2.07357859531773 0.00537725687159427
2.10702341137124 0.00568770658592574
2.14046822742475 0.00601597134597677
2.17391304347826 0.00636306059350285
2.20735785953177 0.00673003944115083
2.24080267558528 0.0071180315612419
2.2742474916388 0.00752822220263348
2.30769230769231 0.00796186133861329
2.34113712374582 0.00842026694846012
2.37458193979933 0.00890482843491839
2.40802675585284 0.009417010179368
2.44147157190635 0.00995835523591846
2.47491638795987 0.0105304891650068
2.50836120401338 0.0111351240063193
2.54180602006689 0.0117740623899788
2.5752508361204 0.0124492017839234
2.60869565217391 0.0131625388742439
2.64214046822742 0.0139161740739176
2.67558528428094 0.0147123161538758
2.70903010033445 0.0155532869886343
2.74247491638796 0.0164415264068061
2.77591973244147 0.0173795971346576
2.80936454849498 0.0183701898184684
2.84280936454849 0.0194161281087753
2.87625418060201 0.0205203737866049
2.90969899665552 0.0216860319085104
2.94314381270903 0.0229163559436027
2.97658862876254 0.0242147528717814
3.01003344481605 0.0255847882080139
3.04347826086956 0.0270301909127625
3.07692307692308 0.0285548581434997
3.11036789297659 0.0301628597966811
3.1438127090301 0.0318584427835434
3.17725752508361 0.0336460349766737
3.21070234113712 0.0355302487574518
3.24414715719064 0.0375158840872169
3.27759197324415 0.0396079310173857
3.31103678929766 0.0418115715457688
3.34448160535117 0.044132180718074
3.37792642140468 0.0465753268650876
3.41137123745819 0.0491467708573963
3.44481605351171 0.0518524642508508
3.47826086956522 0.0546985461874077
3.51170568561873 0.057691338907685
3.54515050167224 0.0608373417237116
3.57859531772575 0.0641432232931574
3.61204013377926 0.0676158120300684
3.64548494983278 0.0712620844820665
3.67892976588629 0.075089151500452
3.7123745819398 0.0791042420280175
3.74581939799331 0.0833146843300508
3.77926421404682 0.087727884497392
3.81270903010033 0.0923513020569849
3.84615384615385 0.0971924225355999
3.87959866220736 0.1022587268368
3.91304347826087 0.107557657310276
3.94648829431438 0.113096580416859
3.97993311036789 0.118882745922314
4.0133779264214 0.12492324258881
4.04682274247492 0.131224950375059
4.08026755852843 0.13779448920483
4.11371237458194 0.144638164418858
4.14715719063545 0.151761909087148
4.18060200668896 0.159171223426911
4.21404682274247 0.166871111645573
4.24749163879599 0.174866016607475
4.2809364548495 0.183159752806296
4.31438127090301 0.191755438211241
4.34782608695652 0.200655425642248
4.38127090301003 0.2098612344157
4.41471571906354 0.219373483085257
4.44816053511706 0.22919182417971
4.48160535117057 0.239314881908528
4.51505016722408 0.249740193862985
4.54849498327759 0.260464157783278
4.5819397993311 0.271481984486948
4.61538461538461 0.282787658058149
4.64882943143813 0.294373904378327
4.68227424749164 0.306232169034347
4.71571906354515 0.318352605568527
4.74916387959866 0.330724074935297
4.78260869565217 0.343334156901384
4.81605351170569 0.35616917397123
4.8494983277592 0.369214228238844
4.88294314381271 0.382453251364285
4.91638795986622 0.395869067651597
4.94983277591973 0.409443469970191
4.98327759197324 0.42315730801931
5.01672240802676 0.436990588191788
5.05016722408027 0.45092258405591
5.08361204013378 0.464931956249796
5.11705685618729 0.478996880378678
5.1505016722408 0.493095181328099
5.18394648829431 0.507204472261547
5.21739130434783 0.521302296464203
5.25083612040134 0.535366270129038
5.28428093645485 0.549374224159743
5.31772575250836 0.563304343087658
5.35117056856187 0.577135299266246
5.38461538461538 0.590846380614298
5.4180602006689 0.604417610324373
5.45150501672241 0.617829857130871
5.48494983277592 0.631064934936805
5.51839464882943 0.644105690822957
5.55183946488294 0.656936080700791
5.58528428093645 0.669541232113939
5.61872909698997 0.681907493935335
5.65217391304348 0.694022472941679
5.68561872909699 0.705875057467967
5.7190635451505 0.717455428547335
5.75250836120401 0.728755059121524
5.78595317725753 0.739766702061847
5.81939799331104 0.75048436786781
5.85284280936455 0.760903293009635
5.88628762541806 0.771019899951956
5.91973244147157 0.780831749939924
5.95317725752508 0.790337489647382
5.9866220735786 0.799536792782115
6.02006688963211 0.80843029771786
6.05351170568562 0.817019542179876
6.08695652173913 0.825306895953396
6.12040133779264 0.833295492515315
6.15384615384615 0.840989160411984
6.18729096989967 0.848392355122832
6.22073578595318 0.855510092063162
6.25418060200669 0.862347881292385
6.2876254180602 0.868911664407855
6.32107023411371 0.875207754021244
6.35451505016722 0.88124277613523
6.38795986622074 0.887023615664247
6.42140468227425 0.892557365274902
6.45484949832776 0.89785127765984
6.48829431438127 0.902912721303642
6.52173913043478 0.907749139750822
6.55518394648829 0.912368014343954
6.58862876254181 0.916776830364369
6.62207357859532 0.92098304647814
6.65551839464883 0.924994067366036
6.68896321070234 0.928817219397161
6.72240802675585 0.932459729191695
6.75585284280936 0.935928704907999
6.78929765886288 0.939231120082855
6.82274247491639 0.942373799850269
6.8561872909699 0.945363409363653
6.88963210702341 0.948206444247904
6.92307692307692 0.950909222911397
6.95652173913043 0.953477880553076
6.98996655518395 0.955918364706038
7.02341137123746 0.958236432166283
7.05685618729097 0.960437647163112
7.09030100334448 0.962527380636007
7.12374581939799 0.964510810491367
7.1571906354515 0.966392922721153
7.19063545150502 0.968178513274112
7.22408026755853 0.969872190578749
7.25752508361204 0.971478378625459
7.29096989966555 0.973001320523229
7.32441471571906 0.974445082453897
7.35785953177257 0.975813557954239
7.39130434782609 0.977110472462957
7.4247491638796 0.978339388076079
7.45819397993311 0.979503708460249
7.49163879598662 0.980606683878979
7.52508361204013 0.98165141629205
7.55852842809364 0.982640864493018
7.59197324414716 0.983577849254123
7.62541806020067 0.98446505845185
7.65886287625418 0.985305052150059
7.69230769230769 0.986100267620836
7.7257525083612 0.986853024286213
7.75919732441471 0.987565528566565
7.79264214046823 0.988239878623904
7.82608695652174 0.988878068990421
7.85953177257525 0.989481995074547
7.89297658862876 0.990053457538513
7.92642140468227 0.990594166542866
7.95986622073579 0.99110574585473
7.9933110367893 0.991589736817784
8.02675585284281 0.992047602182892
8.06020066889632 0.992480729799236
8.09364548494983 0.992890436166552
8.12709030100334 0.993277969849691
8.16053511705686 0.993644514757318
8.19397993311037 0.993991193286997
8.22742474916388 0.994319069339296
8.26086956521739 0.994629151203887
8.2943143812709 0.994922394320844
8.32775919732441 0.995199703920562
8.36120401337793 0.99546193754587
8.39464882943144 0.995709907460027
8.42809364548495 0.995944382944359
8.46153846153846 0.996166092489352
8.49498327759197 0.996375725883028
8.52842809364548 0.996573936200428
8.561872909699 0.996761341697993
8.59531772575251 0.996938527616619
8.62876254180602 0.997106047897056
8.66220735785953 0.997264426811315
8.69565217391304 0.997414160513612
8.72909698996656 0.997555718514327
8.76254180602007 0.997689545080357
8.79598662207358 0.997816060565126
8.82943143812709 0.997935662671451
8.8628762541806 0.998048727650317
8.89632107023411 0.998155611438538
8.92976588628762 0.998256650738175
8.96321070234114 0.998352164040448
8.99665551839465 0.998442452596816
9.03010033444816 0.998527801339754
9.06354515050167 0.998608479755681
9.09698996655518 0.998684742712383
9.1304347826087 0.998756831243167
9.16387959866221 0.998824973289906
9.19732441471572 0.998889384407015
9.23076923076923 0.998950268428331
9.26421404682274 0.999007818098767
9.29765886287625 0.99906221567253
9.33110367892977 0.9991136334796
9.36454849498328 0.999162234462107
9.39799331103679 0.999208172682149
9.4314381270903 0.99925159380252
9.46488294314381 0.999292635541762
9.49832775919732 0.999331428104871
9.53177257525084 0.999368094590919
9.56521739130435 0.999402751378815
9.59866220735786 0.999435508492337
9.63210702341137 0.999466469945538
9.66555183946488 0.999495734069544
9.69899665551839 0.999523393821747
9.73244147157191 0.999549537078308
9.76588628762542 0.999574246910866
9.79933110367893 0.999597601848293
9.83277591973244 0.999619676124277
9.86622073578595 0.999640539911515
9.89966555183946 0.999660259543203
9.93311036789298 0.999678897722522
9.96655518394649 0.999696513720762
10 0.999713163564679
