0 0.0165792936990036
0.0334448160535117 0.0169251466007455
0.0668896321070234 0.0172780874209773
0.100334448160535 0.0176382560809203
0.133779264214047 0.0180057950391942
0.167224080267559 0.0183808493282705
0.20066889632107 0.0187635665910241
0.234113712374582 0.0191540971173603
0.267558528428094 0.0195525938808926
0.301003344481605 0.0199592125756466
0.334448160535117 0.0203741116527635
0.367892976588629 0.0207974523571749
0.40133779264214 0.021229398764219
0.434782608695652 0.021670117816168
0.468227424749164 0.022119779358634
0.501672240802676 0.0225785561768177
0.535117056856187 0.0230466240315661
0.568561872909699 0.0235241616952
0.602006688963211 0.0240113509870725
0.635451505016722 0.0245083768088167
0.668896321070234 0.0250154271792399
0.702341137123746 0.0255326932688188
0.735785953177257 0.0260603694337483
0.769230769230769 0.0265986532494954
0.802675585284281 0.0271477455438054
0.836120401337793 0.0277078504291084
0.869565217391304 0.0282791753342687
0.903010033444816 0.0288619310356199
0.936454849498328 0.0294563316872249
0.969899665551839 0.0300625948502978
1.00334448160535 0.0306809415217217
1.03678929765886 0.0313115961615955
1.07023411371237 0.0319547867197378
1.10367892976589 0.0326107446610756
1.1371237458194 0.0332797049898416
1.17056856187291 0.0339619062725009
1.20401337792642 0.0346575906593257
1.23745819397993 0.0353670039045348
1.27090301003344 0.0360903953849081
1.30434782608696 0.0368280181167884
1.33779264214047 0.0375801287713756
1.37123745819398 0.0383469876882177
1.40468227424749 0.0391288588867991
1.438127090301 0.0399260100761233
1.47157190635451 0.0407387126621857
1.50501672240803 0.0415672417532256
1.53846153846154 0.0424118761626481
1.57190635451505 0.0432728984094986
1.60535117056856 0.0441505947163726
1.63879598662207 0.0450452550046397
1.67224080267559 0.0459571728868561
1.7056856187291 0.0468866456562386
1.73913043478261 0.0478339742730686
1.77257525083612 0.0487994633478926
1.80602006688963 0.049783421121381
1.83946488294314 0.050786159440706
1.87290969899666 0.0518079937322942
1.90635451505017 0.052849242970809
1.93979933110368 0.0539102296442125
1.97324414715719 0.054991279714756
2.0066889632107 0.0560927225757435
2.04013377926421 0.0572148910039129
2.07357859531773 0.0583581211072735
2.10702341137124 0.0595227522682395
2.14046822742475 0.0607091270818941
2.17391304347826 0.0619175912892204
2.20735785953177 0.0631484937051291
2.24080267558528 0.0644021861411156
2.2742474916388 0.0656790233223748
2.30769230769231 0.0669793627992023
2.34113712374582 0.06830356485251
2.37458193979933 0.069651992393281
2.40802675585284 0.0710250108557933
2.44147157190635 0.072422988084436
2.47491638795987 0.0738462942139473
2.50836120401338 0.0752953015429
2.54180602006689 0.0767703844002651
2.5752508361204 0.0782719190048834
2.60869565217391 0.0798002833176757
2.64214046822742 0.0813558568864299
2.67558528428094 0.082939020682999
2.70903010033445 0.0845501569327538
2.74247491638796 0.0861896489361337
2.77591973244147 0.0878578808821464
2.80936454849498 0.0895552376536698
2.84280936454849 0.0912821046244179
2.87625418060201 0.0930388674474365
2.90969899665552 0.0948259118350018
2.94314381270903 0.0966436233298056
2.97658862876254 0.0984923870673136
3.01003344481605 0.100372587529198
3.04347826086956 0.102284608287752
3.07692307692308 0.104228831741208
3.11036789297659 0.106205638839885
3.1438127090301 0.108215408803113
3.17725752508361 0.11025851882689
3.21070234113712 0.112335343782241
3.24414715719064 0.114446255904263
3.27759197324415 0.116591624471857
3.31103678929766 0.118771815478168
3.34448160535117 0.120987191291758
3.37792642140468 0.123238110308585
3.41137123745819 0.125524926594832
3.44481605351171 0.127847989520707
3.47826086956522 0.130207643385312
3.51170568561873 0.132604227032716
3.54515050167224 0.135038073459406
3.57859531772575 0.137509509413278
3.61204013377926 0.1400188549844
3.64548494983278 0.142566423187754
3.67892976588629 0.14515251953824
3.7123745819398 0.147777441618217
3.74581939799331 0.150441478637894
3.77926421404682 0.153144910988923
3.81270903010033 0.155888009791566
3.84615384615385 0.158671036435825
3.87959866220736 0.161494242116989
3.91304347826087 0.164357867366049
3.94648829431438 0.167262141575477
3.97993311036789 0.170207282520903
4.0133779264214 0.173193495879247
4.04682274247492 0.176220974743888
4.08026755852843 0.179289899137511
4.11371237458194 0.182400435523271
4.14715719063545 0.185552736314978
4.18060200668896 0.188746939387003
4.21404682274247 0.191983167584678
4.24749163879599 0.19526152823595
4.2809364548495 0.198582112665124
4.31438127090301 0.201944995709514
4.34782608695652 0.20535023523989
4.38127090301003 0.208797871685608
4.41471571906354 0.212287927565355
4.44816053511706 0.215820407024453
4.48160535117057 0.219395295379692
4.51505016722408 0.223012558672699
4.54849498327759 0.226672143232842
4.5819397993311 0.230373975250712
4.61538461538461 0.234117960363232
4.64882943143813 0.237903983251448
4.68227424749164 0.24173190725208
4.71571906354515 0.245601573983916
4.74916387959866 0.249512802990135
4.78260869565217 0.253465391397652
4.81605351170569 0.257459113594571
4.8494983277592 0.26149372092684
4.88294314381271 0.265568941415183
4.91638795986622 0.269684479493388
4.94983277591973 0.273840015768993
4.98327759197324 0.278035206807435
5.01672240802676 0.282269684940654
5.05016722408027 0.286543058101172
5.08361204013378 0.290854909682592
5.11705685618729 0.295204798427474
5.1505016722408 0.299592258343465
5.18394648829431 0.304016798648554
5.21739130434783 0.308477903746272
5.25083612040134 0.312975033231579
5.28428093645485 0.317507621928191
5.31772575250836 0.322075079957969
5.35117056856187 0.326676792842999
5.38461538461538 0.331312121640886
5.4180602006689 0.335980403113743
5.45150501672241 0.340680949931273
5.48494983277592 0.34541305090828
5.51839464882943 0.350175971276857
5.55183946488294 0.354968952993442
5.58528428093645 0.359791215080821
5.61872909698997 0.364641954005115
5.65217391304348 0.369520344087656
5.68561872909699 0.374425537951622
5.7190635451505 0.379356667003159
5.75250836120401 0.384312841946682
5.78595317725753 0.389293153333917
5.81939799331104 0.394296672146174
5.85284280936455 0.399322450409248
5.88628762541806 0.40436952184026
5.91973244147157 0.40943690252565
5.95317725752508 0.414523591629445
5.9866220735786 0.419628572130866
6.02006688963211 0.424750811590206
6.05351170568562 0.429889262941869
6.08695652173913 0.435042865313359
6.12040133779264 0.440210544868933
6.15384615384615 0.445391215676564
6.18729096989967 0.450583780596778
6.22073578595318 0.455787132191876
6.25418060200669 0.461000153653967
6.2876254180602 0.466221719750214
6.32107023411371 0.471450697783599
6.35451505016722 0.476685948567501
6.38795986622074 0.481926327412309
6.42140468227425 0.487170685122286
6.45484949832776 0.492417869000819
6.48829431438127 0.497666723862222
6.52173913043478 0.502916093048189
6.55518394648829 0.508164819447
6.58862876254181 0.513411746513587
6.62207357859532 0.518655719288528
6.65551839464883 0.523895585414075
6.68896321070234 0.529130196145326
6.72240802675585 0.534358407354632
6.75585284280936 0.539579080527417
6.78929765886288 0.544791083747535
6.82274247491639 0.549993292670412
6.8561872909699 0.555184591482164
6.88963210702341 0.560363873843013
6.92307692307692 0.565530043813318
6.95652173913043 0.570682016760601
6.98996655518395 0.575818720246032
7.02341137123746 0.580939094888875
7.05685618729097 0.586042095207463
7.09030100334448 0.591126690435373
7.12374581939799 0.596191865311506
7.1571906354515 0.601236620842879
7.19063545150502 0.606259975039025
7.22408026755853 0.611260963616943
7.25752508361204 0.616238640675681
7.29096989966555 0.621192079339658
7.32441471571906 0.626120372369984
7.35785953177257 0.631022632743062
7.39130434782609 0.635897994195919
7.4247491638796 0.64074561173772
7.45819397993311 0.645564662127084
7.49163879598662 0.650354344314864
7.52508361204013 0.655113879852162
7.55852842809364 0.659842513263429
7.59197324414716 0.664539512384586
7.62541806020067 0.669204168666204
7.65886287625418 0.673835797441831
7.69230769230769 0.678433738161667
7.7257525083612 0.682997354591841
7.75919732441471 0.687526034979641
7.79264214046823 0.692019192185092
7.82608695652174 0.696476263779379
7.85953177257525 0.700896712110654
7.89297658862876 0.705280024337821
7.92642140468227 0.709625712432999
7.95986622073579 0.713933313153347
7.9933110367893 0.718202387983044
8.02675585284281 0.722432523046246
8.06020066889632 0.726623328991871
8.09364548494983 0.730774440851121
8.12709030100334 0.734885517868681
8.16053511705686 0.738956243308565
8.19397993311037 0.742986324235601
8.22742474916388 0.746975491273582
8.26086956521739 0.750923498341135
8.2943143812709 0.75483012236634
8.32775919732441 0.758695162981204
8.36120401337793 0.762518442197054
8.39464882943144 0.766299804061929
8.42809364548495 0.770039114301087
8.46153846153846 0.773736259941697
8.49498327759197 0.777391148922805
8.52842809364548 0.781003709691671
8.561872909699 0.784573890787528
8.59531772575251 0.788101660413842
8.62876254180602 0.791587006000106
8.66220735785953 0.795029933754208
8.69565217391304 0.798430468206387
8.72909698996656 0.801788651745754
8.76254180602007 0.805104544150372
8.79598662207358 0.808378222111816
8.82943143812709 0.811609778755158
8.8628762541806 0.814799323155256
8.89632107023411 0.817946979850216
8.92976588628762 0.821052888352874
8.96321070234114 0.824117202661097
8.99665551839465 0.827140090767691
9.03010033444816 0.830121734170656
9.06354515050167 0.833062327384501
9.09698996655518 0.83596207745332
9.1304347826087 0.83882120346626
9.16387959866221 0.841639936076017
9.19732441471572 0.84441851702094
9.23076923076923 0.847157198651305
9.26421404682274 0.849856243460267
9.29765886287625 0.852515923620011
9.33110367892977 0.855136520523532
9.36454849498328 0.857718324332491
9.39799331103679 0.860261633531549
9.4314381270903 0.862766754489534
9.46488294314381 0.865234001027797
9.49832775919732 0.867663693996058
9.53177257525084 0.870056160856031
9.56521739130435 0.872411735273085
9.59866220735786 0.874730756716169
9.63210702341137 0.877013570066206
9.66555183946488 0.87926052523314
9.69899665551839 0.88147197678179
9.73244147157191 0.883648283566642
9.76588628762542 0.885789808375699
9.79933110367893 0.887896917583469
9.83277591973244 0.889969980813168
9.86622073578595 0.89200937060819
9.89966555183946 0.894015462112871
9.93311036789298 0.895988632762575
9.96655518394649 0.897929261983076
10 0.899837730899253
