0 0.0171114910653113
0.0334448160535117 0.0175606359168389
0.0668896321070234 0.0180213538298917
0.100334448160535 0.0184939315234738
0.133779264214047 0.0189786622103755
0.167224080267559 0.019475845711541
0.20066889632107 0.0199857885706082
0.234113712374582 0.0205088041684922
0.267558528428094 0.0210452128378765
0.301003344481605 0.0215953419774686
0.334448160535117 0.0221595261658638
0.367892976588629 0.0227381072748545
0.40133779264214 0.0233314345820095
0.434782608695652 0.0239398648823384
0.468227424749164 0.0245637625988452
0.501672240802676 0.0252034998917629
0.535117056856187 0.0258594567662488
0.568561872909699 0.0265320211783096
0.602006688963211 0.0272215891387089
0.635451505016722 0.0279285648146014
0.668896321070234 0.0286533606286186
0.702341137123746 0.0293963973551215
0.735785953177257 0.0301581042133183
0.769230769230769 0.0309389189569302
0.802675585284281 0.0317392879600745
0.836120401337793 0.0325596662990158
0.869565217391304 0.0334005178294215
0.903010033444816 0.0342623152587396
0.936454849498328 0.0351455402133015
0.969899665551839 0.036050683299732
1.00334448160535 0.0369782441602328
1.03678929765886 0.0379287315212873
1.07023411371237 0.0389026632353148
1.10367892976589 0.0399005663147845
1.1371237458194 0.0409229769582787
1.17056856187291 0.0419704405679776
1.20401337792642 0.043043511758017
1.23745819397993 0.0441427543531504
1.27090301003344 0.0452687413771277
1.30434782608696 0.0464220550301841
1.33779264214047 0.0476032866550104
1.37123745819398 0.0488130366905597
1.40468227424749 0.0500519146130226
1.438127090301 0.0513205388632886
1.47157190635451 0.0526195367601871
1.50501672240803 0.0539495443987888
1.53846153846154 0.0553112065330273
1.57190635451505 0.056705176441885
1.60535117056856 0.0581321157783711
1.63879598662207 0.0595926944005065
1.67224080267559 0.0610875901835118
1.7056856187291 0.0626174888123888
1.73913043478261 0.0641830835540672
1.77257525083612 0.0657850750082854
1.80602006688963 0.0674241708363608
1.83946488294314 0.0691010854670035
1.87290969899666 0.0708165397783196
1.90635451505017 0.0725712607551518
1.93979933110368 0.0743659811209044
1.97324414715719 0.0762014389430033
2.0066889632107 0.078078377211149
2.04013377926421 0.0799975433875307
2.07357859531773 0.081959688928181
2.10702341137124 0.0839655687746694
2.14046822742475 0.0860159408153537
2.17391304347826 0.0881115653154307
2.20735785953177 0.0902532043150601
2.24080267558528 0.092441620994867
2.2742474916388 0.094677579008169
2.30769230769231 0.0969618417793153
2.34113712374582 0.0992951717675777
2.37458193979933 0.101678329696085
2.40802675585284 0.104112073745355
2.44147157190635 0.106597158711045
2.47491638795987 0.109134335125614
2.50836120401338 0.111724348343666
2.54180602006689 0.11436793759084
2.5752508361204 0.11706583497619
2.60869565217391 0.119818764468114
2.64214046822742 0.122627440833986
2.67558528428094 0.125492568543757
2.70903010033445 0.12841484063793
2.74247491638796 0.13139493756042
2.77591973244147 0.134433525956958
2.80936454849498 0.137531257439832
2.84280936454849 0.140688767319919
2.87625418060201 0.143906673307103
2.90969899665552 0.147185574180349
2.94314381270903 0.150526048428859
2.97658862876254 0.153928652865915
3.01003344481605 0.157393921217206
3.04347826086956 0.160922362685592
3.07692307692308 0.164514460494475
3.11036789297659 0.168170670412116
3.1438127090301 0.171891419259457
3.17725752508361 0.175677103404175
3.21070234113712 0.179528087243914
3.24414715719064 0.183444701681839
3.27759197324415 0.187427242597844
3.31103678929766 0.191475969318947
3.34448160535117 0.195591103092606
3.37792642140468 0.199772825566866
3.41137123745819 0.20402127728145
3.44481605351171 0.208336556174052
3.47826086956522 0.212718716106313
3.51170568561873 0.217167765414056
3.54515050167224 0.221683665486557
3.57859531772575 0.226266329379747
3.61204013377926 0.230915620468341
3.64548494983278 0.235631351142049
3.67892976588629 0.240413281551045
3.7123745819398 0.245261118406013
3.74581939799331 0.250174513838069
3.77926421404682 0.255153064323949
3.81270903010033 0.260196309681813
3.84615384615385 0.265303732143028
3.87959866220736 0.270474755505224
3.91304347826087 0.275708744371863
3.94648829431438 0.281005003483461
3.97993311036789 0.286362777145466
4.0133779264214 0.291781248757646
4.04682274247492 0.297259540449663
4.08026755852843 0.302796712827273
4.11371237458194 0.30839176483336
4.14715719063545 0.31404363372774
4.18060200668896 0.319751195189349
4.21404682274247 0.325513263544109
4.24749163879599 0.331328592121386
4.2809364548495 0.337195873741589
4.31438127090301 0.343113741337003
4.34782608695652 0.349080768707549
4.38127090301003 0.355095471412658
4.41471571906354 0.361156307800005
4.44816053511706 0.367261680171293
4.48160535117057 0.373409936084807
4.51505016722408 0.379599369793879
4.54849498327759 0.385828223819906
4.5819397993311 0.392094690657962
4.61538461538461 0.398396914612528
4.64882943143813 0.404732993760296
4.68227424749164 0.411100982036432
4.71571906354515 0.417498891440158
4.74916387959866 0.42392469435496
4.78260869565217 0.430376325978214
4.81605351170569 0.436851686854499
4.8494983277592 0.443348645506395
4.88294314381271 0.449865041156086
4.91638795986622 0.456398686530668
4.94983277591973 0.462947370743629
4.98327759197324 0.469508862244624
5.01672240802676 0.476080911829317
5.05016722408027 0.482661255700755
5.08361204013378 0.489247618573507
5.11705685618729 0.495837716811558
5.1505016722408 0.502429261590799
5.18394648829431 0.509019962076813
5.21739130434783 0.515607528608609
5.25083612040134 0.522189675878875
5.28428093645485 0.528764126101401
5.31772575250836 0.535328612156329
5.35117056856187 0.54188088070405
5.38461538461538 0.548418695258678
5.4180602006689 0.554939839212282
5.45150501672241 0.561442118801261
5.48494983277592 0.567923366006566
5.51839464882943 0.574381441379769
5.55183946488294 0.580814236787389
5.58528428093645 0.587219678066224
5.61872909698997 0.593595727582921
5.65217391304348 0.599940386691435
5.68561872909699 0.606251698082531
5.7190635451505 0.612527748019984
5.75250836120401 0.618766668458634
5.78595317725753 0.624966639040025
5.81939799331104 0.631125888961858
5.85284280936455 0.637242698718087
5.88628762541806 0.643315401706999
5.91973244147157 0.649342385705221
5.95317725752508 0.655322094206106
5.9866220735786 0.66125302762153
6.02006688963211 0.667133744346658
6.05351170568562 0.672962861687757
6.08695652173913 0.678739056653636
6.12040133779264 0.684461066611822
6.15384615384615 0.690127689810997
6.18729096989967 0.695737785771704
6.22073578595318 0.701290275547762
6.25418060200669 0.706784141861186
6.2876254180602 0.712218429113837
6.32107023411371 0.717592243279311
6.35451505016722 0.722904751678937
6.38795986622074 0.728155182646013
6.42140468227425 0.73334282508267
6.45484949832776 0.738467027913975
6.48829431438127 0.74352719944409
6.52173913043478 0.74852280661944
6.55518394648829 0.753453374204017
6.58862876254181 0.758318483872018
6.62207357859532 0.763117773223105
6.65551839464883 0.767850934725644
6.68896321070234 0.772517714593268
6.72240802675585 0.777117911600142
6.75585284280936 0.781651375840271
6.78929765886288 0.786118007436153
6.82274247491639 0.790517755201997
6.8561872909699 0.794850615266671
6.88963210702341 0.799116629661412
6.92307692307692 0.803315884877233
6.95652173913043 0.807448510396818
6.98996655518395 0.811514677205558
7.02341137123746 0.815514596286215
7.05685618729097 0.819448517101539
7.09030100334448 0.823316726068998
7.12374581939799 0.827119545031569
7.1571906354515 0.830857329728382
7.19063545150502 0.8345304682688
7.22408026755853 0.838139379613319
7.25752508361204 0.841684512064486
7.29096989966555 0.845166341770827
7.32441471571906 0.848585371246569
7.35785953177257 0.851942127909769
7.39130434782609 0.855237162641238
7.4247491638796 0.858471048366468
7.45819397993311 0.861644378662593
7.49163879598662 0.864757766392196
7.52508361204013 0.867811842365638
7.55852842809364 0.870807254033364
7.59197324414716 0.873744664209514
7.62541806020067 0.876624749827962
7.65886287625418 0.879448200731792
7.69230769230769 0.882215718497023
7.7257525083612 0.884928015291299
7.75919732441471 0.887585812768081
7.79264214046823 0.89018984099677
7.82608695652174 0.89274083742908
7.85953177257525 0.895239545901817
7.89297658862876 0.897686715676176
7.92642140468227 0.90008310051351
7.95986622073579 0.902429457787456
7.9933110367893 0.904726547632232
8.02675585284281 0.906975132126787
8.06020066889632 0.909175974514475
8.09364548494983 0.911329838457796
8.12709030100334 0.913437487327735
8.16053511705686 0.915499683527133
8.19397993311037 0.917517187847504
8.22742474916388 0.919490758858648
8.26086956521739 0.921421152330375
8.2943143812709 0.923309120685626
8.32775919732441 0.92515541248424
8.36120401337793 0.926960771936583
8.39464882943144 0.928725938446254
8.42809364548495 0.930451646181049
8.46153846153846 0.932138623671345
8.49498327759197 0.933787593435078
8.52842809364548 0.935399271628457
8.561872909699 0.936974367721563
8.59531772575251 0.938513584197988
8.62876254180602 0.940017616277652
8.66220735785953 0.941487151661951
8.69565217391304 0.942922870300393
8.72909698996656 0.944325444177887
8.76254180602007 0.94569553712186
8.79598662207358 0.947033804628369
8.82943143812709 0.948340893706435
8.8628762541806 0.949617442739772
8.89632107023411 0.950864081365166
8.92976588628762 0.952081430366722
8.96321070234114 0.953270101585253
8.99665551839465 0.954430697842068
9.03010033444816 0.955563812876461
9.06354515050167 0.956670031296209
9.09698996655518 0.957749928540412
9.1304347826087 0.958804070854009
9.16387959866221 0.959833015273358
9.19732441471572 0.960837309622247
9.23076923076923 0.961817492517767
9.26421404682274 0.962774093385439
9.29765886287625 0.963707632483084
9.33110367892977 0.964618620932866
9.36454849498328 0.965507560761013
9.39799331103679 0.966374944944713
9.4314381270903 0.967221257465714
9.46488294314381 0.968046973370167
9.49832775919732 0.968852558834268
9.53177257525084 0.969638471235296
9.56521739130435 0.970405159227617
9.59866220735786 0.971153062823293
9.63210702341137 0.971882613476912
9.66555183946488 0.972594234174289
9.69899665551839 0.973288339524715
9.73244147157191 0.973965335856407
9.76588628762542 0.974625621314882
9.79933110367893 0.975269585963946
9.83277591973244 0.975897611889033
9.86622073578595 0.976510073302617
9.89966555183946 0.977107336651473
9.93311036789298 0.977689760725522
9.96655518394649 0.978257696768062
10 0.97881148858716
