0 0.0335590077123619
0.0334448160535117 0.0341944395391712
0.0668896321070234 0.034841469356007
0.100334448160535 0.035500292297199
0.133779264214047 0.0361711061484795
0.167224080267559 0.0368541113582244
0.20066889632107 0.0375495110476165
0.234113712374582 0.038257511019674
0.267558528428094 0.0389783197670896
0.301003344481605 0.0397121484788173
0.334448160535117 0.0404592110453488
0.367892976588629 0.0412197240626158
0.40133779264214 0.0419939068344543
0.434782608695652 0.0427819813735639
0.468227424749164 0.043584172400897
0.501672240802676 0.0444007073434049
0.535117056856187 0.0452318163300734
0.568561872909699 0.0460777321861725
0.602006688963211 0.0469386904256466
0.635451505016722 0.0478149292415701
0.668896321070234 0.0487066894945884
0.702341137123746 0.0496142146992668
0.735785953177257 0.0505377510082655
0.769230769230769 0.0514775471942572
0.802675585284281 0.0524338546295052
0.836120401337793 0.053406927263013
0.869565217391304 0.0543970215951615
0.903010033444816 0.0554043966497425
0.936454849498328 0.0564293139433
0.969899665551839 0.0574720374516862
1.00334448160535 0.0585328335737418
1.03678929765886 0.0596119710920041
1.07023411371237 0.0607097211303497
1.10367892976589 0.0618263571084753
1.1371237458194 0.062962154693119
1.17056856187291 0.0641173917459244
1.20401337792642 0.0652923482678505
1.23745819397993 0.0664873063400255
1.27090301003344 0.067702550060947
1.30434782608696 0.0689383654799279
1.33779264214047 0.0701950405266878
1.37123745819398 0.0714728649369895
1.40468227424749 0.0727721301742205
1.438127090301 0.0740931293468206
1.47157190635451 0.0754361571214542
1.50501672240803 0.0768015096318312
1.53846153846154 0.0781894843830763
1.57190635451505 0.0796003801515515
1.60535117056856 0.0810344968800359
1.63879598662207 0.0824921355681694
1.67224080267559 0.0839735981580666
1.7056856187291 0.0854791874150141
1.73913043478261 0.0870092068031599
1.77257525083612 0.0885639603561132
1.80602006688963 0.0901437525423698
1.83946488294314 0.0917488881254867
1.87290969899666 0.0933796720189288
1.90635451505017 0.0950364091355171
1.93979933110368 0.0967194042314113
1.97324414715719 0.0984289617445643
2.0066889632107 0.10016538562759
2.04013377926421 0.101928979174995
2.07357859531773 0.10372004484472
2.10702341137124 0.105538884073967
2.14046822742475 0.10738579708925
2.17391304347826 0.109261082710681
2.20735785953177 0.111165038150428
2.24080267558528 0.113097958805372
2.2742474916388 0.115060138043933
2.30769230769231 0.117051866987083
2.34113712374582 0.119073434283554
2.37458193979933 0.121125125879267
2.40802675585284 0.123207224781019
2.44147157190635 0.125320010814462
2.47491638795987 0.127463760376438
2.50836120401338 0.129638746181738
2.54180602006689 0.131845237004345
2.5752508361204 0.134083497413283
2.60869565217391 0.13635378750314
2.64214046822742 0.138656362619407
2.67558528428094 0.140991473078748
2.70903010033445 0.143359363884354
2.74247491638796 0.145760274436533
2.77591973244147 0.148194438238706
2.80936454849498 0.150662082599008
2.84280936454849 0.153163428327683
2.87625418060201 0.155698689430503
2.90969899665552 0.158268072798441
2.94314381270903 0.160871777893849
2.97658862876254 0.163509996433405
3.01003344481605 0.16618291206813
3.04347826086956 0.16889070006075
3.07692307692308 0.171633526960746
3.11036789297659 0.174411550277412
3.1438127090301 0.177224918151283
3.17725752508361 0.180073769024296
3.21070234113712 0.182958231309076
3.24414715719064 0.185878423057749
3.27759197324415 0.188834451630706
3.31103678929766 0.191826413365751
3.34448160535117 0.194854393248089
3.37792642140468 0.19791846458163
3.41137123745819 0.201018688662087
3.44481605351171 0.204155114452376
3.47826086956522 0.20732777826083
3.51170568561873 0.210536703422755
3.54515050167224 0.213781899985891
3.57859531772575 0.217063364400298
3.61204013377926 0.220381079213284
3.64548494983278 0.223735012769905
3.67892976588629 0.227125118919673
3.7123745819398 0.230551336730038
3.74581939799331 0.23401359020727
3.77926421404682 0.237511788025353
3.81270903010033 0.241045823263508
3.84615384615385 0.24461557315297
3.87959866220736 0.248220898833659
3.91304347826087 0.251861645121352
3.94648829431438 0.255537640286019
3.97993311036789 0.259248695841917
4.0133779264214 0.2629946063501
4.04682274247492 0.266775149233942
4.08026755852843 0.270590084608306
4.11371237458194 0.274439155122953
4.14715719063545 0.278322085820806
4.18060200668896 0.282238584011629
4.21404682274247 0.286188339161722
4.24749163879599 0.290171022800166
4.2809364548495 0.294186288442177
4.31438127090301 0.298233771530065
4.34782608695652 0.302313089392325
4.38127090301003 0.306423841221319
4.41471571906354 0.310565608069995
4.44816053511706 0.314737952868089
4.48160535117057 0.31894042045818
4.51505016722408 0.323172537651984
4.54849498327759 0.327433813307198
4.5819397993311 0.331723738425221
4.61538461538461 0.336041786269977
4.64882943143813 0.340387412508103
4.68227424749164 0.344760055370656
4.71571906354515 0.34915913583651
4.74916387959866 0.353584057837526
4.78260869565217 0.358034208485574
4.81605351170569 0.362508958321411
4.8494983277592 0.36700766158539
4.88294314381271 0.371529656509933
4.91638795986622 0.376074265633638
4.94983277591973 0.380640796136855
4.98327759197324 0.385228540198521
5.01672240802676 0.389836775373979
5.05016722408027 0.394464764993482
5.08361204013378 0.39911175858101
5.11705685618729 0.403776992292999
5.1505016722408 0.408459689376527
5.18394648829431 0.413159060646448
5.21739130434783 0.417874304980929
5.25083612040134 0.422604609834794
5.28428093645485 0.427349151770039
5.31772575250836 0.432107097002821
5.35117056856187 0.436877601966219
5.38461538461538 0.441659813887977
5.4180602006689 0.446452871382442
5.45150501672241 0.451255905055845
5.48494983277592 0.456068038124049
5.51839464882943 0.460888387041865
5.55183946488294 0.465716062142974
5.58528428093645 0.470550168289506
5.61872909698997 0.475389805530273
5.65217391304348 0.480234069766627
5.68561872909699 0.485082053424925
5.7190635451505 0.489932846134523
5.75250836120401 0.494785535410239
5.78595317725753 0.499639207338197
5.81939799331104 0.504492947263949
5.85284280936455 0.509345840481796
5.88628762541806 0.514196972924179
5.91973244147157 0.519045431850054
5.95317725752508 0.523890306531147
5.9866220735786 0.52873068893498
6.02006688963211 0.533565674403606
6.05351170568562 0.538394362326958
6.08695652173913 0.543215856809758
6.12040133779264 0.548029267330948
6.15384615384615 0.552833709394618
6.18729096989967 0.557628305171428
6.22073578595318 0.562412184129558
6.25418060200669 0.567184483654237
6.2876254180602 0.57194434965493
6.32107023411371 0.57669093715932
6.35451505016722 0.581423410893205
6.38795986622074 0.586140945845543
6.42140468227425 0.590842727817828
6.45484949832776 0.595527953957099
6.48829431438127 0.600195833271881
6.52173913043478 0.604845587130403
6.55518394648829 0.609476449740512
6.58862876254181 0.614087668610697
6.62207357859532 0.618678504991752
6.65551839464883 0.623248234298573
6.68896321070234 0.627796146511707
6.72240802675585 0.632321546558271
6.75585284280936 0.636823754671919
6.78929765886288 0.641302106731595
6.82274247491639 0.645755954578846
6.8561872909699 0.650184666313515
6.88963210702341 0.654587626567696
6.92307692307692 0.65896423675786
6.95652173913043 0.663313915315121
6.98996655518395 0.667636097893659
7.02341137123746 0.67193023755734
7.05685618729097 0.67619580494465
7.09030100334448 0.68043228841206
7.12374581939799 0.684639194156019
7.1571906354515 0.688816046313794
7.19063545150502 0.692962387043402
7.22408026755853 0.697077776582934
7.25752508361204 0.7011617932896
7.29096989966555 0.705214033658858
7.32441471571906 0.709234112324001
7.35785953177257 0.713221662036646
7.39130434782609 0.717176333628552
7.4247491638796 0.721097795955251
7.45819397993311 0.72498573582198
7.49163879598662 0.728839857892443
7.52508361204013 0.732659884580922
7.55852842809364 0.736445555928311
7.59197324414716 0.74019662946263
7.62541806020067 0.743912880044604
7.65886287625418 0.747594099698912
7.69230769230769 0.751240097431701
7.7257525083612 0.754850699034988
7.75919732441471 0.758425746878567
7.79264214046823 0.761965099690043
7.82608695652174 0.765468632323633
7.85953177257525 0.768936235518354
7.89297658862876 0.77236781564623
7.92642140468227 0.775763294451155
7.95986622073579 0.779122608779028
7.9933110367893 0.782445710299785
8.02675585284281 0.785732565221947
8.06020066889632 0.788983154000291
8.09364548494983 0.792197471037244
8.12709030100334 0.79537552437859
8.16053511705686 0.798517335404084
8.19397993311037 0.801622938513522
8.22742474916388 0.804692380808849
8.26086956521739 0.807725721772838
8.2943143812709 0.810723032944872
8.32775919732441 0.81368439759435
8.36120401337793 0.816609910392232
8.39464882943144 0.819499677081187
8.42809364548495 0.822353814144843
8.46153846153846 0.825172448476574
8.49498327759197 0.827955717048282
8.52842809364548 0.830703766579586
8.561872909699 0.833416753207826
8.59531772575251 0.836094842159284
8.62876254180602 0.83873820742197
8.66220735785953 0.841347031420358
8.69565217391304 0.843921504692388
8.72909698996656 0.846461825569058
8.76254180602007 0.848968199856929
8.79598662207358 0.851440840523794
8.82943143812709 0.853879967387826
8.8628762541806 0.856285806810417
8.89632107023411 0.85865859139297
8.92976588628762 0.860998559677864
8.96321070234114 0.863305955853778
8.99665551839465 0.865581029465596
9.03010033444816 0.867824035129035
9.06354515050167 0.870035232250176
9.09698996655518 0.872214884750042
9.1304347826087 0.874363260794348
9.16387959866221 0.876480632528538
9.19732441471572 0.878567275818234
9.23076923076923 0.880623469995162
9.26421404682274 0.882649497608655
9.29765886287625 0.884645644182792
9.33110367892977 0.886612197979229
9.36454849498328 0.888549449765774
9.39799331103679 0.890457692590735
9.4314381270903 0.892337221563069
9.46488294314381 0.894188333638343
9.49832775919732 0.896011327410519
9.53177257525084 0.897806502909562
9.56521739130435 0.899574161404848
9.59866220735786 0.901314605214368
9.63210702341137 0.903028137519693
9.66555183946488 0.904715062186672
9.69899665551839 0.906375683591818
9.73244147157191 0.908010306454343
9.76588628762542 0.909619235673786
9.79933110367893 0.911202776173173
9.83277591973244 0.912761232747663
9.86622073578595 0.914294909918593
9.89966555183946 0.915804111792865
9.93311036789298 0.917289141927598
9.96655518394649 0.918750303199961
10 0.920187897682114
