0 0.01221259703097
0.0334448160535117 0.0125381879162992
0.0668896321070234 0.012872346018177
0.100334448160535 0.0132152906576317
0.133779264214047 0.0135672464408276
0.167224080267559 0.0139284433685239
0.20066889632107 0.0142991169467965
0.234113712374582 0.014679508298977
0.267558528428094 0.0150698642787534
0.301003344481605 0.0154704375843751
0.334448160535117 0.0158814868738978
0.367892976588629 0.0163032768813983
0.40133779264214 0.0167360785340828
0.434782608695652 0.0171801690702053
0.468227424749164 0.0176358321577086
0.501672240802676 0.0181033580134881
0.535117056856187 0.0185830435231766
0.568561872909699 0.0190751923613359
0.602006688963211 0.0195801151119363
0.635451505016722 0.0200981293889926
0.668896321070234 0.0206295599572208
0.702341137123746 0.0211747388525645
0.735785953177257 0.0217340055024362
0.769230769230769 0.0223077068455028
0.802675585284281 0.0228961974508376
0.836120401337793 0.0234998396362483
0.869565217391304 0.0241190035855782
0.903010033444816 0.0247540674647673
0.936454849498328 0.0254054175364458
0.969899665551839 0.0260734482728197
1.00334448160535 0.0267585624665954
1.03678929765886 0.0274611713396747
1.07023411371237 0.0281816946493381
1.10367892976589 0.0289205607916181
1.1371237458194 0.0296782069015503
1.17056856187291 0.0304550789499714
1.20401337792642 0.0312516318365187
1.23745819397993 0.0320683294784686
1.27090301003344 0.0329056448950312
1.30434782608696 0.0337640602867054
1.33779264214047 0.0346440671092731
1.37123745819398 0.0355461661420007
1.40468227424749 0.0364708675495878
1.438127090301 0.0374186909373919
1.47157190635451 0.0383901653994307
1.50501672240803 0.0393858295586472
1.53846153846154 0.0404062315989017
1.57190635451505 0.0414519292881321
1.60535117056856 0.0425234899921047
1.63879598662207 0.0436214906781546
1.67224080267559 0.0447465179082959
1.7056856187291 0.0458991678210571
1.73913043478261 0.0470800461013785
1.77257525083612 0.0482897679378865
1.80602006688963 0.0495289579668369
1.83946488294314 0.0507982502020018
1.87290969899666 0.0520982879497504
1.90635451505017 0.0534297237085572
1.93979933110368 0.0547932190521508
1.97324414715719 0.0561894444954967
2.0066889632107 0.057619079342793
2.04013377926421 0.0590828115166358
2.07357859531773 0.0605813373675028
2.10702341137124 0.0621153614626817
2.14046822742475 0.0636855963537642
2.17391304347826 0.0652927623218092
2.20735785953177 0.0669375870992751
2.24080267558528 0.0686208055678091
2.2742474916388 0.0703431594309794
2.30769230769231 0.0721053968610336
2.34113712374582 0.073908272118765
2.37458193979933 0.0757525451455728
2.40802675585284 0.0776389811268098
2.44147157190635 0.0795683500255179
2.47491638795987 0.0815414260856671
2.50836120401338 0.0835589873040324
2.54180602006689 0.0856218148698595
2.5752508361204 0.0877306925715031
2.60869565217391 0.089886406169246
2.64214046822742 0.0920897427335472
2.67558528428094 0.094341489948006
2.70903010033445 0.0966424353763773
2.74247491638796 0.0989933656930235
2.77591973244147 0.101395065876251
2.80936454849498 0.103848318364038
2.84280936454849 0.10635390217174
2.87625418060201 0.108912591971429
2.90969899665552 0.111525157132614
2.94314381270903 0.114192360724186
2.97658862876254 0.11691495847751
3.01003344481605 0.119693697710735
3.04347826086956 0.12252931621446
3.07692307692308 0.12542254109905
3.11036789297659 0.128374087604026
3.1438127090301 0.131384657870062
3.17725752508361 0.134454939674312
3.21070234113712 0.137585605129904
3.24414715719064 0.140777309350624
3.27759197324415 0.144030689081983
3.31103678929766 0.147346361300008
3.34448160535117 0.15072492177932
3.37792642140468 0.154166943632224
3.41137123745819 0.157672975820733
3.44481605351171 0.161243541643669
3.47826086956522 0.164879137201154
3.51170568561873 0.16858022983905
3.54515050167224 0.172347256576089
3.57859531772575 0.176180622516675
3.61204013377926 0.18008069925252
3.64548494983278 0.184047823256541
3.67892976588629 0.188082294272608
3.7123745819398 0.192184373704987
3.74581939799331 0.196354283011509
3.77926421404682 0.200592202104712
3.81270903010033 0.204898267765398
3.84615384615385 0.209272572073231
3.87959866220736 0.213715160859203
3.91304347826087 0.218226032184953
3.94648829431438 0.222805134854079
3.97993311036789 0.227452366960741
4.0133779264214 0.232167574480973
4.04682274247492 0.236950549912241
4.08026755852843 0.241801030966858
4.11371237458194 0.24671869932497
4.14715719063545 0.251703179452847
4.18060200668896 0.25675403749224
4.21404682274247 0.261870780226599
4.24749163879599 0.267052854129857
4.2809364548495 0.272299644503487
4.31438127090301 0.277610474707427
4.34782608695652 0.282984605490339
4.38127090301003 0.288421234424546
4.41471571906354 0.293919495450789
4.44816053511706 0.299478458537753
4.48160535117057 0.305097129461028
4.51505016722408 0.310774449705946
4.54849498327759 0.316509296498359
4.5819397993311 0.322300482967138
4.61538461538461 0.328146758441744
4.64882943143813 0.33404680888785
4.68227424749164 0.339999257483548
4.71571906354515 0.346002665338181
4.74916387959866 0.352055532355398
4.78260869565217 0.358156298241474
4.81605351170569 0.364303343659404
4.8494983277592 0.370494991528757
4.88294314381271 0.376729508470647
4.91638795986622 0.38300510639665
4.94983277591973 0.389319944239848
4.98327759197324 0.395672129825624
5.01672240802676 0.402059721879193
5.05016722408027 0.408480732166265
5.08361204013378 0.414933127762639
5.11705685618729 0.421414833447927
5.1505016722408 0.427923734218042
5.18394648829431 0.434457677910515
5.21739130434783 0.441014477936166
5.25083612040134 0.447591916110149
5.28428093645485 0.454187745574898
5.31772575250836 0.460799693807045
5.35117056856187 0.467425465699966
5.38461538461538 0.47406274671323
5.4180602006689 0.480709206079899
5.45150501672241 0.487362500062302
5.48494983277592 0.494020275246696
5.51839464882943 0.500680171866999
5.55183946488294 0.507339827147643
5.58528428093645 0.513996878655502
5.61872909698997 0.520648967650776
5.65217391304348 0.52729374242676
5.68561872909699 0.533928861628443
5.7190635451505 0.540551997540013
5.75250836120401 0.54716083933151
5.78595317725753 0.553753096255057
5.81939799331104 0.560326500781367
5.85284280936455 0.56687881166755
5.88628762541806 0.573407816947533
5.91973244147157 0.579911336836872
5.95317725752508 0.586387226544088
5.9866220735786 0.592833378981169
6.02006688963211 0.59924772736635
6.05351170568562 0.605628247712805
6.08695652173913 0.611972961197438
6.12040133779264 0.618279936404514
6.15384615384615 0.624547291439447
6.18729096989967 0.630773195908685
6.22073578595318 0.636955872762174
6.25418060200669 0.643093599995557
6.2876254180602 0.64918471220981
6.32107023411371 0.655227602026657
6.35451505016722 0.661220721358676
6.38795986622074 0.667162582533608
6.42140468227425 0.673051759272949
6.45484949832776 0.678886887525436
6.48829431438127 0.684666666156613
6.52173913043478 0.690389857496136
6.55518394648829 0.696055287744976
6.58862876254181 0.701661847245151
6.62207357859532 0.707208490615029
6.65551839464883 0.712694236753663
6.68896321070234 0.718118168717979
6.72240802675585 0.723479433476974
6.75585284280936 0.728777241547413
6.78929765886288 0.734010866515744
6.82274247491639 0.739179644451234
6.8561872909699 0.744282973215496
6.88963210702341 0.749320311673792
6.92307692307692 0.754291178813605
6.95652173913043 0.759195152776094
6.98996655518395 0.764031869806142
7.02341137123746 0.768801023126734
7.05685618729097 0.773502361743438
7.09030100334448 0.778135689184756
7.12374581939799 0.782700862184081
7.1571906354515 0.787197789308947
7.19063545150502 0.791626429543168
7.22408026755853 0.79598679082739
7.25752508361204 0.800278928563444
7.29096989966555 0.804502944087765
7.32441471571906 0.808658983118991
7.35785953177257 0.812747234184695
7.39130434782609 0.816767927032042
7.4247491638796 0.820721331026936
7.45819397993311 0.824607753546101
7.49163879598662 0.828427538366257
7.52508361204013 0.832181064054417
7.55852842809364 0.835868742363074
7.59197324414716 0.839491016633852
7.62541806020067 0.843048360212978
7.65886287625418 0.846541274881718
7.69230769230769 0.849970289304691
7.7257525083612 0.853335957498786
7.75919732441471 0.85663885732516
7.79264214046823 0.859879589006634
7.82608695652174 0.863058773672548
7.85953177257525 0.866177051932978
7.89297658862876 0.869235082484003
7.92642140468227 0.872233540745529
7.95986622073579 0.875173117532997
7.9933110367893 0.878054517764115
8.02675585284281 0.880878459201613
8.06020066889632 0.883645671232823
8.09364548494983 0.886356893686779
8.12709030100334 0.889012875689332
8.16053511705686 0.891614374556692
8.19397993311037 0.894162154727653
8.22742474916388 0.896656986734614
8.26086956521739 0.89909964621346
8.2943143812709 0.90149091295218
8.32775919732441 0.90383156997807
8.36120401337793 0.906122402683235
8.39464882943144 0.90836419798803
8.42809364548495 0.910557743542027
8.46153846153846 0.912703826961974
8.49498327759197 0.914803235106212
8.52842809364548 0.916856753384896
8.561872909699 0.918865165105365
8.59531772575251 0.920829250851933
8.62876254180602 0.922749787899336
8.66220735785953 0.924627549659047
8.69565217391304 0.926463305157623
8.72909698996656 0.928257818546252
8.76254180602007 0.930011848640602
8.79598662207358 0.93172614849011
8.82943143812709 0.933401464975794
8.8628762541806 0.935038538435689
8.89632107023411 0.936638102316983
8.92976588628762 0.938200882853941
8.96321070234114 0.939727598770703
8.99665551839465 0.941218961008031
9.03010033444816 0.942675672473109
9.06354515050167 0.944098427811486
9.09698996655518 0.945487913200276
9.1304347826087 0.946844806161728
9.16387959866221 0.948169775396313
9.19732441471572 0.949463480634453
9.23076923076923 0.950726572506083
9.26421404682274 0.951959692427203
9.29765886287625 0.953163472502631
9.33110367892977 0.954338535444169
9.36454849498328 0.955485494503424
9.39799331103679 0.956604953418527
9.4314381270903 0.957697506374047
9.46488294314381 0.95876373797338
9.49832775919732 0.959804223222942
9.53177257525084 0.9608195275275
9.56521739130435 0.961810206696007
9.59866220735786 0.962776806957325
9.63210702341137 0.963719864985231
9.66555183946488 0.964639907932149
9.69899665551839 0.965537453471036
9.73244147157191 0.966413009844898
9.76588628762542 0.96726707592343
9.79933110367893 0.968100141266284
9.83277591973244 0.968912686192481
9.86622073578595 0.969705181855542
9.89966555183946 0.970478090323884
9.93311036789298 0.971231864666072
9.96655518394649 0.971966949040541
10 0.972683778789398
