0 0.0666338412549322
0.005005005005005 0.0669481020439898
0.01001001001001 0.0672637381498383
0.015015015015015 0.0675807545823445
0.02002002002002 0.0678991563600463
0.025025025025025 0.0682189485100686
0.03003003003003 0.0685401360680377
0.035035035035035 0.0688627240779943
0.04004004004004 0.0691867175923053
0.045045045045045 0.0695121216715751
0.05005005005005 0.0698389413845547
0.0550550550550551 0.0701671818080501
0.0600600600600601 0.0704968480268289
0.0650650650650651 0.0708279451335266
0.0700700700700701 0.0711604782285508
0.0750750750750751 0.0714944524199842
0.0800800800800801 0.0718298728234865
0.0850850850850851 0.0721667445621954
0.0900900900900901 0.0725050727666253
0.0950950950950951 0.0728448625745657
0.1001001001001 0.0731861191309774
0.105105105105105 0.0735288475878883
0.11011011011011 0.0738730531042872
0.115115115115115 0.0742187408460161
0.12012012012012 0.0745659159856618
0.125125125125125 0.0749145837024461
0.13013013013013 0.0752647491821135
0.135135135135135 0.0756164176168193
0.14014014014014 0.0759695942050148
0.145145145145145 0.0763242841513317
0.15015015015015 0.0766804926664657
0.155155155155155 0.0770382249670572
0.16016016016016 0.0773974862755724
0.165165165165165 0.0777582818201811
0.17017017017017 0.078120616834635
0.175175175175175 0.0784844965581428
0.18018018018018 0.0788499262352452
0.185185185185185 0.0792169111156876
0.19019019019019 0.0795854564542917
0.195195195195195 0.0799555675108255
0.2002002002002 0.0803272495498723
0.205205205205205 0.0807005078406971
0.21021021021021 0.0810753476571129
0.215215215215215 0.0814517742773446
0.22022022022022 0.0818297929838915
0.225225225225225 0.0822094090633887
0.23023023023023 0.0825906278064662
0.235235235235235 0.0829734545076078
0.24024024024024 0.0833578944650069
0.245245245245245 0.0837439529804218
0.25025025025025 0.0841316353590293
0.255255255255255 0.0845209469092765
0.26026026026026 0.0849118929427311
0.265265265265265 0.0853044787739304
0.27027027027027 0.0856987097202282
0.275275275275275 0.0860945911016408
0.28028028028028 0.0864921282406909
0.285285285285285 0.0868913264622501
0.29029029029029 0.0872921910933799
0.295295295295295 0.0876947274631706
0.3003003003003 0.0880989409025795
0.305305305305305 0.0885048367442665
0.31031031031031 0.0889124203224288
0.315315315315315 0.0893216969726339
0.32032032032032 0.08973267203165
0.325325325325325 0.0901453508372763
0.33033033033033 0.0905597387281708
0.335335335335335 0.0909758410436761
0.34034034034034 0.0913936631236444
0.345345345345345 0.0918132103082602
0.35035035035035 0.0922344879378617
0.355355355355355 0.0926575013527602
0.36036036036036 0.0930822558930584
0.365365365365365 0.0935087568984659
0.37037037037037 0.0939370097081145
0.375375375375375 0.0943670196603708
0.38038038038038 0.094798792092647
0.385385385385385 0.0952323323412108
0.39039039039039 0.0956676457409928
0.395395395395395 0.0961047376253928
0.4004004004004 0.096543613326084
0.405405405405405 0.0969842781728156
0.41041041041041 0.0974267374932134
0.415415415415415 0.0978709966125796
0.42042042042042 0.0983170608536894
0.425425425425425 0.0987649355365874
0.43043043043043 0.0992146259783809
0.435435435435435 0.0996661374930327
0.44044044044044 0.100119475391151
0.445445445445445 0.100574644979778
0.45045045045045 0.101031651562179
0.455455455455455 0.101490500437623
0.46046046046046 0.10195119690117
0.465465465465465 0.102413746243453
0.47047047047047 0.102878153750454
0.475475475475475 0.103344424703287
0.48048048048048 0.10381256437797
0.485485485485485 0.104282578045203
0.49049049049049 0.104754470970137
0.495495495495495 0.10522824841215
0.500500500500501 0.105703915624614
0.505505505505506 0.106181477854659
0.510510510510511 0.106660940342944
0.515515515515516 0.107142308323419
0.520520520520521 0.107625587023087
0.525525525525526 0.108110781661762
0.530530530530531 0.108597897451833
0.535535535535536 0.109086939598016
0.540540540540541 0.109577913297111
0.545545545545546 0.110070823737754
0.550550550550551 0.110565676100171
0.555555555555556 0.111062475555924
0.560560560560561 0.111561227267663
0.565565565565566 0.112061936388868
0.570570570570571 0.112564608063596
0.575575575575576 0.113069247426222
0.580580580580581 0.113575859601183
0.585585585585586 0.11408444970271
0.590590590590591 0.114595022834574
0.595595595595596 0.115107584089813
0.600600600600601 0.115622138550472
0.605605605605606 0.116138691287331
0.610610610610611 0.116657247359639
0.615615615615616 0.117177811814835
0.620620620620621 0.117700389688284
0.625625625625626 0.118224986002994
0.630630630630631 0.118751605769342
0.635635635635636 0.119280253984797
0.640640640640641 0.119810935633637
0.645645645645646 0.120343655686666
0.650650650650651 0.120878419100932
0.655655655655656 0.121415230819442
0.660660660660661 0.121954095770872
0.665665665665666 0.122495018869278
0.670670670670671 0.123038005013808
0.675675675675676 0.123583059088405
0.680680680680681 0.124130185961516
0.685685685685686 0.124679390485794
0.690690690690691 0.125230677497802
0.695695695695696 0.125784051817711
0.700700700700701 0.126339518249001
0.705705705705706 0.126897081578155
0.710710710710711 0.12745674657436
0.715715715715716 0.128018517989195
0.720720720720721 0.128582400556324
0.725725725725726 0.129148398991191
0.730730730730731 0.129716517990703
0.735735735735736 0.13028676223292
0.740740740740741 0.13085913637674
0.745745745745746 0.131433645061583
0.750750750750751 0.132010292907073
0.755755755755756 0.132589084512719
0.760760760760761 0.133170024457591
0.765765765765766 0.133753117300003
0.770770770770771 0.134338367577185
0.775775775775776 0.134925779804957
0.780780780780781 0.135515358477403
0.785785785785786 0.136107108066544
0.790790790790791 0.136701033022002
0.795795795795796 0.137297137770675
0.800800800800801 0.137895426716396
0.805805805805806 0.138495904239607
0.810810810810811 0.139098574697015
0.815815815815816 0.139703442421256
0.820820820820821 0.140310511720559
0.825825825825826 0.1409197868784
0.830830830830831 0.141531272153165
0.835835835835836 0.142144971777802
0.840840840840841 0.142760889959478
0.845845845845846 0.143379030879232
0.850850850850851 0.143999398691628
0.855855855855856 0.144621997524403
0.860860860860861 0.145246831478121
0.865865865865866 0.145873904625817
0.870870870870871 0.146433336881371
0.875875875875876 0.146980674435772
0.880880880880881 0.147529704224601
0.885885885885886 0.148080428835793
0.890890890890891 0.148632850840783
0.895895895895896 0.149186972794337
0.900900900900901 0.149742797234369
0.905905905905906 0.150300326681765
0.910910910910911 0.150859563640208
0.915915915915916 0.151420510595999
0.920920920920921 0.151983170017877
0.925925925925926 0.152547544356838
0.930930930930931 0.153113636045963
0.935935935935936 0.153681447500229
0.940940940940941 0.154250981116335
0.945945945945946 0.154822239272515
0.950950950950951 0.155395224328365
0.955955955955956 0.155969938624651
0.960960960960961 0.156546384483136
0.965965965965966 0.157124564206392
0.970970970970971 0.157704480077616
0.975975975975976 0.15828613436045
0.980980980980981 0.158869529298797
0.985985985985986 0.159454667116633
0.990990990990991 0.160041550017824
0.995995995995996 0.160630180185944
1.001001001001 0.161220559784085
1.00600600600601 0.161812690954672
1.01101101101101 0.162406575819281
1.01601601601602 0.163002216478446
1.02102102102102 0.163599615011477
1.02602602602603 0.164198773476271
1.03103103103103 0.164799693909126
1.03603603603604 0.165402378324551
1.04104104104104 0.166006828715078
1.04604604604605 0.166613047051077
1.05105105105105 0.167221035280562
1.05605605605606 0.167830795329008
1.06106106106106 0.168442329099157
1.06606606606607 0.169055638470831
1.07107107107107 0.169670725300742
1.07607607607608 0.170287591422303
1.08108108108108 0.170906238645436
1.08608608608609 0.171526668756383
1.09109109109109 0.172148883517514
1.0960960960961 0.172772884667141
1.1011011011011 0.173398673919321
1.10610610610611 0.17402625296367
1.11111111111111 0.174655623465167
1.11611611611612 0.175286787063969
1.12112112112112 0.175919745375215
1.12612612612613 0.176554499988835
1.13113113113113 0.177191052469361
1.13613613613614 0.177829404355732
1.14114114114114 0.178469557161106
1.14614614614615 0.179111512372665
1.15115115115115 0.179755271451423
1.15615615615616 0.180400835832038
1.16116116116116 0.181048206922617
1.16616616616617 0.181697386104524
1.17117117117117 0.182348374732189
1.17617617617618 0.183001174132916
1.18118118118118 0.183655785606691
1.18618618618619 0.184312210425991
1.19119119119119 0.184970449835591
1.1961961961962 0.185630505052372
1.2012012012012 0.18629237726513
1.20620620620621 0.186956067634387
1.21121121121121 0.187621577292194
1.21621621621622 0.188288907341944
1.22122122122122 0.18895805885818
1.22622622622623 0.189629032886403
1.23123123123123 0.190301830442882
1.23623623623624 0.190976452514463
1.24124124124124 0.191652900058377
1.24624624624625 0.192331174002054
1.25125125125125 0.193011275242927
1.25625625625626 0.193693204648246
1.26126126126126 0.194376963054889
1.26626626626627 0.195062551269168
1.27127127127127 0.195749970066646
1.27627627627628 0.196439220191943
1.28128128128128 0.197130302358551
1.28628628628629 0.197823217248643
1.29129129129129 0.198517965512888
1.2962962962963 0.199214547770261
1.3013013013013 0.199912964607859
1.30630630630631 0.200613216580708
1.31131131131131 0.201315304211586
1.31631631631632 0.202019227990827
1.32132132132132 0.202724988376144
1.32632632632633 0.203432585792438
1.33133133133133 0.204142020631616
1.33633633633634 0.204853293252408
1.34134134134134 0.205566403980179
1.34634634634635 0.20628135310675
1.35135135135135 0.206998140890216
1.35635635635636 0.207716767554758
1.36136136136136 0.208437233290469
1.36636636636637 0.209159538253166
1.37137137137137 0.209883682564215
1.37637637637638 0.21060966631035
1.38138138138138 0.211337489543492
1.38638638638639 0.21206715228057
1.39139139139139 0.212798654503347
1.3963963963964 0.213531996158241
1.4014014014014 0.214267177156145
1.40640640640641 0.215004197372257
1.41141141141141 0.215743056645901
1.41641641641642 0.216483754780354
1.42142142142142 0.217226291542672
1.42642642642643 0.217970666663519
1.43143143143143 0.218716879836991
1.43643643643644 0.21946493072045
1.44144144144144 0.220214818934349
1.44644644644645 0.220966544062065
1.45145145145145 0.221720105649729
1.45645645645646 0.222475503206062
1.46146146146146 0.223232736202201
1.46646646646647 0.223991804071541
1.47147147147147 0.224752706209563
1.47647647647648 0.225515441973675
1.48148148148148 0.226280010683048
1.48648648648649 0.227046411618449
1.49149149149149 0.227814644022089
1.4964964964965 0.228584707097453
1.5015015015015 0.229356600009149
1.50650650650651 0.230130321882745
1.51151151151151 0.230905871804616
1.51651651651652 0.231683248821782
1.52152152152152 0.232462451941762
1.52652652652653 0.233243480132412
1.53153153153153 0.234026332321779
1.53653653653654 0.234811007397947
1.54154154154154 0.235597504208886
1.54654654654655 0.236385821562304
1.55155155155155 0.237175958225502
1.55655655655656 0.237967912925223
1.56156156156156 0.238761684347511
1.56656656656657 0.239557271137564
1.57157157157157 0.240354671899595
1.57657657657658 0.241153885196687
1.58158158158158 0.241954909550656
1.58658658658659 0.24275774344191
1.59159159159159 0.243562385309315
1.5965965965966 0.244368833550056
1.6016016016016 0.245177086519506
1.60660660660661 0.245987142531091
1.61161161161161 0.246798999856156
1.61661661661662 0.247612656723843
1.62162162162162 0.248428111320952
1.62662662662663 0.249245361791824
1.63163163163163 0.250064406238209
1.63663663663664 0.250885242719143
1.64164164164164 0.251707869250829
1.64664664664665 0.252532283806511
1.65165165165165 0.253358484316361
1.65665665665666 0.254186468667356
1.66166166166166 0.255016234703164
1.66666666666667 0.255847780224032
1.67167167167167 0.256681102986667
1.67667667667668 0.257516200704135
1.68168168168168 0.258353071045741
1.68668668668669 0.259191711636929
1.69169169169169 0.260032120059173
1.6966966966967 0.260874293849875
1.7017017017017 0.26171823050226
1.70670670670671 0.262563927465278
1.71171171171171 0.263411382143503
1.71671671671672 0.26426059189704
1.72172172172172 0.265111554041427
1.72672672672673 0.26596426584754
1.73173173173173 0.266818724541508
1.73673673673674 0.267674927304619
1.74174174174174 0.268532871273234
1.74674674674675 0.269392553538699
1.75175175175175 0.270253971147268
1.75675675675676 0.271117121100013
1.76176176176176 0.271982000352753
1.76676676676677 0.27284860581597
1.77177177177177 0.273716934354736
1.77677677677678 0.27458698278864
1.78178178178178 0.275458747891716
1.78678678678679 0.276332226392373
1.79179179179179 0.27720741497333
1.7967967967968 0.278084310271547
1.8018018018018 0.278962908878167
1.80680680680681 0.27984320733845
1.81181181181181 0.28072520215172
1.81681681681682 0.281608889771302
1.82182182182182 0.282494266604474
1.82682682682683 0.283381329012408
1.83183183183183 0.284270073310128
1.83683683683684 0.285160495766457
1.84184184184184 0.28605259260397
1.84684684684685 0.286946359998958
1.85185185185185 0.287841794081379
1.85685685685686 0.288738890934826
1.86186186186186 0.289637646596486
1.86686686686687 0.29053805705711
1.87187187187187 0.291440118260976
1.87687687687688 0.292343826105867
1.88188188188188 0.293249176443038
1.88688688688689 0.294156165077193
1.89189189189189 0.295064787766465
1.8968968968969 0.295975040222395
1.9019019019019 0.296886918109914
1.90690690690691 0.29780041704733
1.91191191191191 0.298715532606312
1.91691691691692 0.299632260311885
1.92192192192192 0.300550595642419
1.92692692692693 0.301470534029625
1.93193193193193 0.302392070858554
1.93693693693694 0.303315201467594
1.94194194194194 0.304239921148476
1.94694694694695 0.305166225146277
1.95195195195195 0.306094108659429
1.95695695695696 0.307023566839726
1.96196196196196 0.307954594792343
1.96696696696697 0.308887187575847
1.97197197197197 0.309821340202213
1.97697697697698 0.310757047636851
1.98198198198198 0.311694304798624
1.98698698698699 0.312633106559876
1.99199199199199 0.313573447746462
1.996996996997 0.314515323137774
2.002002002002 0.315458727466782
2.00700700700701 0.316403655420065
2.01201201201201 0.31735010163785
2.01701701701702 0.31829806071406
2.02202202202202 0.319247527196352
2.02702702702703 0.320198495586167
2.03203203203203 0.321150960338781
2.03703703703704 0.322104915863355
2.04204204204204 0.323060356522994
2.04704704704705 0.3240172766348
2.05205205205205 0.32497567046994
2.05705705705706 0.325935532253704
2.06206206206206 0.326896856165572
2.06706706706707 0.327859636339289
2.07207207207207 0.328823866862928
2.07707707707708 0.329789541778971
2.08208208208208 0.330756655084387
2.08708708708709 0.331725200730709
2.09209209209209 0.332695172624118
2.0970970970971 0.33366656462553
2.1021021021021 0.334639370550686
2.10710710710711 0.335613584170239
2.11211211211211 0.336589199209855
2.11711711711712 0.337566209350304
2.12212212212212 0.338544608227564
2.12712712712713 0.339524389432923
2.13213213213213 0.340505546513084
2.13713713713714 0.341488072970274
2.14214214214214 0.342471962262355
2.14714714714715 0.343457207802941
2.15215215215215 0.344443802961511
2.15715715715716 0.345431741063531
2.16216216216216 0.346421015390577
2.16716716716717 0.34741161918046
2.17217217217217 0.348403545627355
2.17717717717718 0.349396787881932
2.18218218218218 0.350391339051491
2.18718718718719 0.351387192200099
2.19219219219219 0.352384340348727
2.1971971971972 0.353382776475398
2.2022022022022 0.354382493515327
2.20720720720721 0.355383484361075
2.21221221221221 0.356385741862696
2.21721721721722 0.357389258827893
2.22222222222222 0.358394028022174
2.22722722722723 0.359400042169015
2.23223223223223 0.360407293950018
2.23723723723724 0.361415776005079
2.24224224224224 0.362425480932557
2.24724724724725 0.363436401289446
2.25225225225225 0.364448529591544
2.25725725725726 0.365461858313636
2.26226226226226 0.366476379889669
2.26726726726727 0.367492086712939
2.27227227227227 0.368508971136272
2.27727727727728 0.369527025472215
2.28228228228228 0.370546241993223
2.28728728728729 0.37156661293186
2.29229229229229 0.372588130480988
2.2972972972973 0.373610786793969
2.3023023023023 0.37463457398487
2.30730730730731 0.375659484128662
2.31231231231231 0.376685509261432
2.31731731731732 0.377712641380592
2.32232232232232 0.378740872445092
2.32732732732733 0.379770194375637
2.33233233233233 0.380800599054902
2.33733733733734 0.381832078327758
2.34234234234234 0.38286462400149
2.34734734734735 0.383898227846032
2.35235235235235 0.384932881594187
2.35735735735736 0.385968576941866
2.36236236236236 0.387005305548319
2.36736736736737 0.388043059036375
2.37237237237237 0.389081828992679
2.37737737737738 0.390121606967935
2.38238238238238 0.391162384477155
2.38738738738739 0.392204152999903
2.39239239239239 0.393246903980544
2.3973973973974 0.394290628828503
2.4024024024024 0.395335318918515
2.40740740740741 0.396380965590886
2.41241241241241 0.397427560151752
2.41741741741742 0.398475093873344
2.42242242242242 0.399523557994251
2.42742742742743 0.400572943719692
2.43243243243243 0.401623242221784
2.43743743743744 0.402674444639813
2.44244244244244 0.403726542080517
2.44744744744745 0.404779525618356
2.45245245245245 0.405833386295796
2.45745745745746 0.406888115123594
2.46246246246246 0.407943703081078
2.46746746746747 0.409000141116439
2.47247247247247 0.41005742014702
2.47747747747748 0.411115531059607
2.48248248248248 0.412174464710723
2.48748748748749 0.413234211926929
2.49249249249249 0.414294763505119
2.4974974974975 0.415356110212823
2.5025025025025 0.41641824278851
2.50750750750751 0.417481151941896
2.51251251251251 0.418544828354249
2.51751751751752 0.419609262678701
2.52252252252252 0.420674445540563
2.52752752752753 0.421740367537632
2.53253253253253 0.422807019240517
2.53753753753754 0.42387439119295
2.54254254254254 0.424942473912113
2.54754754754755 0.426011257888956
2.55255255255255 0.427080733588526
2.55755755755756 0.428150891450289
2.56256256256256 0.429221721888465
2.56756756756757 0.430293215292354
2.57257257257257 0.431365362026672
2.57757757757758 0.432438152431883
2.58258258258258 0.433511576824537
2.58758758758759 0.434585625497611
2.59259259259259 0.435660288720845
2.5975975975976 0.436735556741085
2.6026026026026 0.437811419782631
2.60760760760761 0.438887868047577
2.61261261261261 0.439964891716164
2.61761761761762 0.441042480947123
2.62262262262262 0.442120625878034
2.62762762762763 0.443199316625671
2.63263263263263 0.444278543286359
2.63763763763764 0.445358295936331
2.64264264264264 0.446438564632084
2.64764764764765 0.44751933941074
2.65265265265265 0.448600610290403
2.65765765765766 0.449682367270523
2.66266266266266 0.450764600332262
2.66766766766767 0.451847299438853
2.67267267267267 0.452930454535973
2.67767767767768 0.454014055552104
2.68268268268268 0.45509809239891
2.68768768768769 0.456182554971601
2.69269269269269 0.457267433149306
2.6976976976977 0.45835271679545
2.7027027027027 0.459438395758124
2.70770770770771 0.460524459870461
2.71271271271271 0.461610898951016
2.71771771771772 0.462697702804142
2.72272272272272 0.463784861220366
2.72772772772773 0.464872363976775
2.73273273273273 0.465960200837395
2.73773773773774 0.467048361553569
2.74274274274274 0.468136835864348
2.74774774774775 0.469225613496869
2.75275275275275 0.470314684166744
2.75775775775776 0.471404037578444
2.76276276276276 0.472493663425689
2.76776776776777 0.473583551391832
2.77277277277277 0.474673691150249
2.77777777777778 0.475764072364734
2.78278278278278 0.476854684689879
2.78778778778779 0.477945517771477
2.79279279279279 0.479036561246903
2.7977977977978 0.480127804745514
2.8028028028028 0.48121923788904
2.80780780780781 0.482310850291976
2.81281281281281 0.483402631561978
2.81781781781782 0.48449457130026
2.82282282282282 0.485586659101984
2.82782782782783 0.486678884556662
2.83283283283283 0.487771237248548
2.83783783783784 0.488863706757037
2.84284284284284 0.489956282657062
2.84784784784785 0.491048954519492
2.85285285285285 0.492141711911527
2.85785785785786 0.493234544397101
2.86286286286286 0.494327441537277
2.86786786786787 0.495420392890647
2.87287287287287 0.49651338801373
2.87787787787788 0.497606416461372
2.88288288288288 0.498699467787145
2.88788788788789 0.499792531543748
2.89289289289289 0.500885597283401
2.8978978978979 0.501978654558252
2.9029029029029 0.503071692920771
2.90790790790791 0.50416470192415
2.91291291291291 0.505257671122705
2.91791791791792 0.506350590072275
2.92292292292292 0.507443448330615
2.92792792792793 0.508536235457806
2.93293293293293 0.509628941016642
2.93793793793794 0.510721554573039
2.94294294294294 0.511814065696425
2.94794794794795 0.512906463960143
2.95295295295295 0.513998738941848
2.95795795795796 0.515090880223904
2.96296296296296 0.516182877393778
2.96796796796797 0.517274720044442
2.97297297297297 0.518366397774766
2.97797797797798 0.519457900189913
2.98298298298298 0.520549216901737
2.98798798798799 0.521640337529174
2.99299299299299 0.522731251698639
2.997997997998 0.523821949044419
3.003003003003 0.524912419209063
3.00800800800801 0.526002651843778
3.01301301301301 0.527092636608819
3.01801801801802 0.528182363173877
3.02302302302302 0.529271821218474
3.02802802802803 0.530361000432348
3.03303303303303 0.531449890515843
3.03803803803804 0.532538481180296
3.04304304304304 0.533626762148424
3.04804804804805 0.53471472315471
3.05305305305305 0.535802353945786
3.05805805805806 0.536889644280818
3.06306306306306 0.537976583931889
3.06806806806807 0.539063162684381
3.07307307307307 0.540149370337354
3.07807807807808 0.541235196703925
3.08308308308308 0.54232063161165
3.08808808808809 0.543405664902898
3.09309309309309 0.544490286435228
3.0980980980981 0.545574486081765
3.1031031031031 0.546658253731569
3.10810810810811 0.547741579290015
3.11311311311311 0.548824452679157
3.11811811811812 0.549906863838102
3.12312312312312 0.550988802723375
3.12812812812813 0.552070259309288
3.13313313313313 0.553151223588307
3.13813813813814 0.554231685571412
3.14314314314314 0.555311635288463
3.14814814814815 0.556391062788558
3.15315315315315 0.557469958140398
3.15815815815816 0.558548311432639
3.16316316316316 0.55962611277425
3.16816816816817 0.56070335229487
3.17317317317317 0.561780020145162
3.17817817817818 0.562856106497158
3.18318318318318 0.563931601544617
3.18818818818819 0.565006495503368
3.19319319319319 0.566080778611658
3.1981981981982 0.567154441130497
3.2032032032032 0.568227473343998
3.20820820820821 0.569299865559725
3.21321321321321 0.570371608109023
3.21821821821822 0.571442691347363
3.22322322322322 0.572513105654673
3.22822822822823 0.573015915875587
3.23323323323323 0.57344438041802
3.23823823823824 0.573872734745722
3.24324324324324 0.57430097824448
3.24824824824825 0.574729110300738
3.25325325325325 0.575157130301603
3.25825825825826 0.575585037634843
3.26326326326326 0.576012831688897
3.26826826826827 0.576440511852874
3.27327327327327 0.576868077516557
3.27827827827828 0.577295528070407
3.28328328328328 0.577722862905567
3.28828828828829 0.578150081413864
3.29329329329329 0.578577182987812
3.2982982982983 0.579004167020618
3.3033033033033 0.57943103290618
3.30830830830831 0.579857780039098
3.31331331331331 0.58028440781467
3.31831831831832 0.580710915628899
3.32332332332332 0.581137302878496
3.32832832832833 0.581563568960882
3.33333333333333 0.581989713274192
3.33833833833834 0.582415735217279
3.34334334334334 0.582841634189716
3.34834834834835 0.5832674095918
3.35335335335335 0.583693060824554
3.35835835835836 0.584118587289732
3.36336336336336 0.584543988389821
3.36836836836837 0.584969263528044
3.37337337337337 0.585394412108365
3.37837837837838 0.585819433535488
3.38338338338338 0.586244327214867
3.38838838838839 0.586669092552701
3.39339339339339 0.587093728955945
3.3983983983984 0.587518235832306
3.4034034034034 0.587942612590251
3.40840840840841 0.588366858639009
3.41341341341341 0.588790973388574
3.41841841841842 0.589214956249706
3.42342342342342 0.589638806633937
3.42842842842843 0.590062523953573
3.43343343343343 0.590486107621696
3.43843843843844 0.59090955705217
3.44344344344344 0.591332871659641
3.44844844844845 0.591756050859541
3.45345345345345 0.59217909406809
3.45845845845846 0.592602000702302
3.46346346346346 0.593024770179986
3.46846846846847 0.593447401919749
3.47347347347347 0.593869895340997
3.47847847847848 0.594292249863944
3.48348348348348 0.594714464909608
3.48848848848849 0.595136539899819
3.49349349349349 0.595558474257218
3.4984984984985 0.595980267405263
3.5035035035035 0.596401918768231
3.50850850850851 0.596823427771222
3.51351351351351 0.597244793840157
3.51851851851852 0.597666016401789
3.52352352352352 0.598087094883698
3.52852852852853 0.598508028714299
3.53353353353353 0.598928817322843
3.53853853853854 0.59934946013942
3.54354354354354 0.599769956594962
3.54854854854855 0.600190306121246
3.55355355355355 0.600610508150895
3.55855855855856 0.601030562117384
3.56356356356356 0.601450467455041
3.56856856856857 0.601870223599049
3.57357357357357 0.602289829985452
3.57857857857858 0.602709286051153
3.58358358358358 0.603128591233921
3.58858858858859 0.603547744972391
3.59359359359359 0.603966746706068
3.5985985985986 0.604385595875331
3.6036036036036 0.604804291921432
3.60860860860861 0.605222834286503
3.61361361361361 0.605641222413555
3.61861861861862 0.606059455746484
3.62362362362362 0.606477533730071
3.62862862862863 0.606895455809985
3.63363363363363 0.607313221432789
3.63863863863864 0.607730830045938
3.64364364364364 0.608148281097784
3.64864864864865 0.608565574037578
3.65365365365365 0.608982708315474
3.65865865865866 0.60939968338253
3.66366366366366 0.609816498690711
3.66866866866867 0.610233153692893
3.67367367367367 0.610649647842861
3.67867867867868 0.611065980595318
3.68368368368368 0.611482151405885
3.68868868868869 0.611898159731099
3.69369369369369 0.612314005028424
3.6986986986987 0.612729686756246
3.7037037037037 0.613145204373879
3.70870870870871 0.613560557341569
3.71371371371371 0.613975745120493
3.71871871871872 0.614390767172763
3.72372372372372 0.614805622961427
3.72872872872873 0.615220311950477
3.73373373373373 0.615634833604844
3.73873873873874 0.616049187390405
3.74374374374374 0.616463372773983
3.74874874874875 0.616877389223353
3.75375375375375 0.61729123620724
3.75875875875876 0.617704913195325
3.76376376376376 0.618118419658245
3.76876876876877 0.618531755067596
3.77377377377377 0.618944918895935
3.77877877877878 0.619357910616785
3.78378378378378 0.619770729704633
3.78878878878879 0.620183375634937
3.79379379379379 0.620595847884123
3.7987987987988 0.621008145929592
3.8038038038038 0.621420269249721
3.80880880880881 0.621832217323863
3.81381381381381 0.622243989632352
3.81881881881882 0.622655585656504
3.82382382382382 0.62306700487862
3.82882882882883 0.623478246781988
3.83383383383383 0.623889310850884
3.83883883883884 0.624300196570576
3.84384384384384 0.624710903427324
3.84884884884885 0.625121430908387
3.85385385385385 0.625531778502017
3.85885885885886 0.625941945697469
3.86386386386386 0.626351931985001
3.86886886886887 0.626761736855872
3.87387387387387 0.62717135980235
3.87887887887888 0.627580800317711
3.88388388388388 0.62799005789624
3.88888888888889 0.628399132033237
3.89389389389389 0.628808022225016
3.8988988988989 0.629216727968906
3.9039039039039 0.629625248763258
3.90890890890891 0.630033584107443
3.91391391391391 0.630441733501853
3.91891891891892 0.630849696447908
3.92392392392392 0.631257472448052
3.92892892892893 0.631665061005762
3.93393393393393 0.632072461625543
3.93893893893894 0.632479673812933
3.94394394394394 0.632886697074508
3.94894894894895 0.633293530917877
3.95395395395395 0.633700174851691
3.95895895895896 0.63410662838564
3.96396396396396 0.63451289103046
3.96896896896897 0.634918962297926
3.97397397397397 0.635324841700866
3.97897897897898 0.635730528753152
3.98398398398398 0.636136022969709
3.98898898898899 0.636541323866512
3.99399399399399 0.636946430960592
3.998998998999 0.637351343770036
4.004004004004 0.637756061813987
4.00900900900901 0.638160584612649
4.01401401401401 0.638564911687288
4.01901901901902 0.638969042560232
4.02402402402402 0.639372976754875
4.02902902902903 0.639776713795676
4.03403403403403 0.640180253208165
4.03903903903904 0.640583594518942
4.04404404404404 0.640986737255676
4.04904904904905 0.641389680947114
4.05405405405405 0.641792425123076
4.05905905905906 0.642194969314459
4.06406406406406 0.64259731305324
4.06906906906907 0.642999455872477
4.07407407407407 0.643401397306309
4.07907907907908 0.64380313688996
4.08408408408408 0.644204674159737
4.08908908908909 0.644606008653038
4.09409409409409 0.645007139908348
4.0990990990991 0.645408067465241
4.1041041041041 0.645808790864386
4.10910910910911 0.646209309647543
4.11411411411411 0.646609623357568
4.11911911911912 0.647009731538415
4.12412412412412 0.647409633735135
4.12912912912913 0.647809329493878
4.13413413413413 0.648208818361897
4.13913913913914 0.648608099887549
4.14414414414414 0.649007173620291
4.14914914914915 0.649406039110691
4.15415415415415 0.649804695910421
4.15915915915916 0.650203143572263
4.16416416416416 0.650601381650108
4.16916916916917 0.650999409698962
4.17417417417417 0.651397227274941
4.17917917917918 0.651794833935276
4.18418418418418 0.652192229238316
4.18918918918919 0.652589412743526
4.19419419419419 0.652986384011489
4.1991991991992 0.653383142603909
4.2042042042042 0.653779688083612
4.20920920920921 0.654176020014547
4.21421421421421 0.654572137961786
4.21921921921922 0.654968041491527
4.22422422422422 0.655363730171096
4.22922922922923 0.655759203568946
4.23423423423423 0.65615446125466
4.23923923923924 0.656549502798951
4.24424424424424 0.656944327773665
4.24924924924925 0.65733893575178
4.25425425425425 0.657733326307411
4.25925925925926 0.658127499015805
4.26426426426426 0.65852145345335
4.26926926926927 0.65891518919757
4.27427427427427 0.659308705827127
4.27927927927928 0.659702002921827
4.28428428428428 0.660095080062616
4.28928928928929 0.660487936831581
4.29429429429429 0.660880572811958
4.2992992992993 0.661272987588122
4.3043043043043 0.6616651807456
4.30930930930931 0.662057151871063
4.31431431431431 0.662448900552332
4.31931931931932 0.662840426378376
4.32432432432432 0.663231728939317
4.32932932932933 0.663622807826428
4.33433433433433 0.664013662632134
4.33933933933934 0.664404292950014
4.34434434434434 0.664794698374803
4.34934934934935 0.665184878502392
4.35435435435435 0.665574832929828
4.35935935935936 0.665964561255316
4.36436436436436 0.66635406307822
4.36936936936937 0.666743337999065
4.37437437437437 0.667132385619536
4.37937937937938 0.667521205542481
4.38438438438438 0.667909797371907
4.38938938938939 0.66829816071299
4.39439439439439 0.668686295172068
4.3993993993994 0.669074200356644
4.4044044044044 0.669461875875388
4.40940940940941 0.669849321338138
4.41441441441441 0.6702365363559
4.41941941941942 0.670623520540849
4.42442442442442 0.671010273506329
4.42942942942943 0.671396794866855
4.43443443443443 0.671783084238115
4.43943943943944 0.672169141236968
4.44444444444444 0.672554965481447
4.44944944944945 0.672940556590758
4.45445445445445 0.673325914185282
4.45945945945946 0.673711037886577
4.46446446446446 0.674095927317376
4.46946946946947 0.674480582101589
4.47447447447447 0.674865001864303
4.47947947947948 0.675249186231786
4.48448448448448 0.675633134831482
4.48948948948949 0.676016847292018
4.49449449449449 0.676400323243199
4.4994994994995 0.676783562316013
4.5045045045045 0.677166564142628
4.50950950950951 0.677549328356398
4.51451451451451 0.677931854591857
4.51951951951952 0.678314142484724
4.52452452452452 0.678696191671902
4.52952952952953 0.67907800179148
4.53453453453453 0.679459572482731
4.53953953953954 0.679840903386117
4.54454454454454 0.680221994143285
4.54954954954955 0.680602844397068
4.55455455455455 0.68098345379149
4.55955955955956 0.681363821971762
4.56456456456456 0.681743948584283
4.56956956956957 0.682123833276644
4.57457457457457 0.682503475697623
4.57957957957958 0.682882875497192
4.58458458458458 0.683262032326511
4.58958958958959 0.683640945837932
4.59459459459459 0.684019615685001
4.5995995995996 0.684398041522454
4.6046046046046 0.684776223006221
4.60960960960961 0.685154159793426
4.61461461461461 0.685531851542385
4.61961961961962 0.685909297912609
4.62462462462462 0.686286498564803
4.62962962962963 0.686663453160867
4.63463463463463 0.687040161363897
4.63963963963964 0.687416622838184
4.64464464464464 0.687792837249216
4.64964964964965 0.688168804263675
4.65465465465465 0.68854452354944
4.65965965965966 0.68891999477559
4.66466466466466 0.689295217612398
4.66966966966967 0.689670191731336
4.67467467467467 0.690044916805072
4.67967967967968 0.690419392507476
4.68468468468468 0.690793618513612
4.68968968968969 0.691167594499746
4.69469469469469 0.69154132014334
4.6996996996997 0.691914795123056
4.7047047047047 0.692288019118758
4.70970970970971 0.692660991811506
4.71471471471471 0.693033712883561
4.71971971971972 0.693406182018383
4.72472472472472 0.693778398900634
4.72972972972973 0.694150363216176
4.73473473473473 0.694522074652069
4.73973973973974 0.694893532896575
4.74474474474474 0.695264737639158
4.74974974974975 0.695635688570481
4.75475475475475 0.696006385382409
4.75975975975976 0.696376827768006
4.76476476476476 0.69674701542154
4.76976976976977 0.697116948038479
4.77477477477477 0.697486625315491
4.77977977977978 0.697856046950446
4.78478478478478 0.698225212642417
4.78978978978979 0.698594122091676
4.79479479479479 0.698962774999698
4.7997997997998 0.699331171069159
4.8048048048048 0.699699310003936
4.80980980980981 0.700067191509108
4.81481481481481 0.700434815290956
4.81981981981982 0.70080218105696
4.82482482482482 0.701169288515804
4.82982982982983 0.701536137377372
4.83483483483483 0.70190272735275
4.83983983983984 0.702269058154225
4.84484484484484 0.702635129495285
4.84984984984985 0.703000941090618
4.85485485485485 0.703366492656114
4.85985985985986 0.703731783908865
4.86486486486486 0.704096814567162
4.86986986986987 0.704461584350496
4.87487487487487 0.704826092979561
4.87987987987988 0.705190340176249
4.88488488488488 0.705554325663653
4.88988988988989 0.705918049166066
4.89489489489489 0.706281510408981
4.8998998998999 0.70664470911909
4.9049049049049 0.707007645024286
4.90990990990991 0.707370317853659
4.91491491491491 0.707732727337499
4.91991991991992 0.708094873207295
4.92492492492492 0.708456755195734
4.92992992992993 0.708818373036702
4.93493493493493 0.709179726465283
4.93993993993994 0.709540815217758
4.94494494494494 0.709901639031605
4.94994994994995 0.710262197645502
4.95495495495495 0.71062249079932
4.95995995995996 0.71098251823413
4.96496496496496 0.711342279692197
4.96996996996997 0.711701774916983
4.97497497497497 0.712061003653146
4.97997997997998 0.712419965646538
4.98498498498498 0.712778660644207
4.98998998998999 0.713137088394394
4.99499499499499 0.713495248646536
5 0.713853141151264
