0 0.005963223163298
0.005005005005005 0.00601449967201147
0.01001001001001 0.00606621440596207
0.015015015015015 0.00611837106389406
0.02002002002002 0.00617097337496771
0.025025025025025 0.00622402509899555
0.03003003003003 0.00627753002668023
0.035035035035035 0.00633149197985384
0.04004004004004 0.006385914811719
0.045045045045045 0.00644080240709146
0.05005005005005 0.00649615868264428
0.0550550550550551 0.0065519875871538
0.0600600600600601 0.00660829310174702
0.0650650650650651 0.00666507924015077
0.0700700700700701 0.00672235004894248
0.0750750750750751 0.00678010960780255
0.0800800800800801 0.0068383620297684
0.0850850850850851 0.00689711146149025
0.0900900900900901 0.00695636208348838
0.0950950950950951 0.00701611811041225
0.1001001001001 0.00707638379130119
0.105105105105105 0.00713716340984675
0.11011011011011 0.00719846128465681
0.115115115115115 0.00726028176952133
0.12012012012012 0.00732262925367976
0.125125125125125 0.00738550816209021
0.13013013013013 0.00744892295570028
0.135135135135135 0.00751287813171962
0.14014014014014 0.00757737822389419
0.145145145145145 0.00764242780278218
0.15015015015015 0.00770803147603177
0.155155155155155 0.0077741938886605
0.16016016016016 0.00784091972333639
0.165165165165165 0.00790821370066083
0.17017017017017 0.00797608057945319
0.175175175175175 0.0080445251570371
0.18018018018018 0.00811355226952856
0.185185185185185 0.00818316679212575
0.19019019019019 0.00825337363940059
0.195195195195195 0.00832417776559199
0.2002002002002 0.00839558416490102
0.205205205205205 0.00846759787178759
0.21021021021021 0.00854022396126908
0.215215215215215 0.00861346754922069
0.22022022022022 0.00868733379267742
0.225225225225225 0.008761827890138
0.23023023023023 0.00883695508187044
0.235235235235235 0.00891272065021939
0.24024024024024 0.0089891299199153
0.245245245245245 0.00906618825838527
0.25025025025025 0.00914390107606571
0.255255255255255 0.00922227382671681
0.26026026026026 0.00930131200773862
0.265265265265265 0.0093810211604891
0.27027027027027 0.0094614068706038
0.275275275275275 0.00954247476831732
0.28028028028028 0.00962423052878656
0.285285285285285 0.00970667987241576
0.29029029029029 0.00978982856518321
0.295295295295295 0.00987368241896979
0.3003003003003 0.00995824729188931
0.305305305305305 0.0100435290886205
0.31031031031031 0.0101295337607407
0.315315315315315 0.0102162673070616
0.32032032032032 0.0103037357739664
0.325325325325325 0.0103919452557489
0.33033033033033 0.0104809018949542
0.335335335335335 0.0105706118827212
0.34034034034034 0.010661081459127
0.345345345345345 0.0107523169135327
0.35035035035035 0.0108443245849311
0.355355355355355 0.0109371108622961
0.36036036036036 0.0110306821849339
0.365365365365365 0.011125045042836
0.37037037037037 0.011220205977033
0.375375375375375 0.0113161715799517
0.38038038038038 0.0114129484957725
0.385385385385385 0.0115105434207891
0.39039039039039 0.0116089631037695
0.395395395395395 0.0117082143463193
0.4004004004004 0.0118083040032461
0.405405405405405 0.0119092389829255
0.41041041041041 0.0120110262476693
0.415415415415415 0.0121136728140945
0.42042042042042 0.0122171857534949
0.425425425425425 0.0123215721922132
0.43043043043043 0.0124268393120157
0.435435435435435 0.012532994350468
0.44044044044044 0.0126400446013123
0.445445445445445 0.0127479974148465
0.45045045045045 0.0128568601983045
0.455455455455455 0.0129666404162386
0.46046046046046 0.0130773455909027
0.465465465465465 0.0131889833026374
0.47047047047047 0.0133015611902565
0.475475475475475 0.0134150869514352
0.48048048048048 0.0135295683430993
0.485485485485485 0.0136450131818161
0.49049049049049 0.0137614293441866
0.495495495495495 0.0138788247672395
0.500500500500501 0.0139972074488258
0.505505505505506 0.0141165854480158
0.510510510510511 0.0142369668854962
0.515515515515516 0.0143583599439694
0.520520520520521 0.0144807728685542
0.525525525525526 0.014604213967187
0.530530530530531 0.0147286916110248
0.535535535535536 0.0148542142348495
0.540540540540541 0.014980790337473
0.545545545545546 0.0151084284821438
0.550550550550551 0.0152371372969547
0.555555555555556 0.0153669254752514
0.560560560560561 0.0154978017760426
0.565565565565566 0.0156297750244109
0.570570570570571 0.0157628541119247
0.575575575575576 0.0158970479970514
0.580580580580581 0.0160323657055711
0.585585585585586 0.0161688163309919
0.590590590590591 0.0163064090349656
0.595595595595596 0.0164451530477048
0.600600600600601 0.0165850576683997
0.605605605605606 0.0167261322656377
0.610610610610611 0.0168683862778217
0.615615615615616 0.0170118292135907
0.620620620620621 0.0171564706522402
0.625625625625626 0.0173023202441438
0.630630630630631 0.0174493877111751
0.635635635635636 0.0175976828471305
0.640640640640641 0.0177472155181522
0.645645645645646 0.0178979956631521
0.650650650650651 0.0180500332942362
0.655655655655656 0.0182033384971286
0.660660660660661 0.0183579214315973
0.665665665665666 0.0185137923318791
0.670670670670671 0.0186709615071056
0.675675675675676 0.0188294393417286
0.680680680680681 0.018989236295947
0.685685685685686 0.0191503629061325
0.690690690690691 0.0193128297852562
0.695695695695696 0.0194766476233151
0.700700700700701 0.0196418271877586
0.705705705705706 0.0198083793239146
0.710710710710711 0.0199763149554162
0.715715715715716 0.0201456450846274
0.720720720720721 0.0203163807930695
0.725725725725726 0.0204885332418462
0.730730730730731 0.0206621136720691
0.735735735735736 0.0208371334052829
0.740740740740741 0.0210454155199688
0.745745745745746 0.0212760480610027
0.750750750750751 0.0215091525262403
0.755755755755756 0.0217447541867468
0.760760760760761 0.0219828785450019
0.765765765765766 0.0222235513364173
0.770770770770771 0.0224667985308492
0.775775775775776 0.0227126463341066
0.780780780780781 0.0229611211894537
0.785785785785786 0.023212249779107
0.790790790790791 0.0234660590257261
0.795795795795796 0.0237225760938973
0.800800800800801 0.0239818283916105
0.805805805805806 0.0242438435717284
0.810810810810811 0.0245086495334468
0.815815815815816 0.0247762744237469
0.820820820820821 0.0250467466388375
0.825825825825826 0.0253200948255883
0.830830830830831 0.0255963478829511
0.835835835835836 0.0258755349633716
0.840840840840841 0.0261576854741889
0.845845845845846 0.026442829079022
0.850850850850851 0.0267309956991443
0.855855855855856 0.0270222155148445
0.860860860860861 0.0273165189667726
0.865865865865866 0.0276139367572716
0.870870870870871 0.0279144998516932
0.875875875875876 0.0282182394796977
0.880880880880881 0.0285251871365366
0.885885885885886 0.0288353745843173
0.890890890890891 0.0291488338532498
0.895895895895896 0.0294655972428735
0.900900900900901 0.0297856973232649
0.905905905905906 0.0301091669362235
0.910910910910911 0.0304360391964367
0.915915915915916 0.0307663474926221
0.920920920920921 0.0311001254886466
0.925925925925926 0.0314374071246211
0.930930930930931 0.0317782266179705
0.935935935935936 0.0321226184644774
0.940940940940941 0.0324706174392993
0.945945945945946 0.0328222585979582
0.950950950950951 0.0331775772773007
0.955955955955956 0.0335366090964296
0.960960960960961 0.0338993899576038
0.965965965965966 0.0342659560471071
0.970970970970971 0.0346363438360844
0.975975975975976 0.0350105900813443
0.980980980980981 0.0353887318261259
0.985985985985986 0.0357708064008315
0.990990990990991 0.0361568514237211
0.995995995995996 0.0365469048015694
1.001001001001 0.0369410047302834
1.00600600600601 0.0373391896954803
1.01101101101101 0.0377414984730229
1.01601601601602 0.0381479701295137
1.02102102102102 0.0385586440227438
1.02602602602603 0.0389735598020977
1.03103103103103 0.0393927574089116
1.03603603603604 0.0398162770767836
1.04104104104104 0.0402441593318356
1.04604604604605 0.0406764449929252
1.05105105105105 0.0411131751718052
1.05605605605606 0.0415543912732311
1.06106106106106 0.0420001349950144
1.06606606606607 0.0424504483280195
1.07107107107107 0.042905373556105
1.07607607607608 0.043364953256005
1.08108108108108 0.0438292302971518
1.08608608608609 0.0442982478414367
1.09109109109109 0.0447720493429084
1.0960960960961 0.0452506785474063
1.1011011011011 0.0457341794921293
1.10610610610611 0.0462225965051358
1.11111111111111 0.0467159742047758
1.11611611611612 0.0472143574990523
1.12112112112112 0.0477177915849101
1.12612612612613 0.0482263219474515
1.13113113113113 0.0487399943590762
1.13613613613614 0.0492588548785447
1.14114114114114 0.0497829498499621
1.14614614614615 0.0503123259016827
1.15115115115115 0.0508470299451312
1.15615615615616 0.0513871091735415
1.16116116116116 0.0519326110606083
1.16616616616617 0.0524835833590527
1.17117117117117 0.0530400740990983
1.17617617617618 0.0536021315868554
1.18118118118118 0.0541698044026142
1.18618618618619 0.0547431413990416
1.19119119119119 0.0553221916992829
1.1961961961962 0.0559070046949646
1.2012012012012 0.0564976300440967
1.20620620620621 0.0570941176688739
1.21121121121121 0.0576965177533717
1.21621621621622 0.058304880741137
1.22122122122122 0.0589192573326715
1.22622622622623 0.0595396984828039
1.23123123123123 0.0601662553979519
1.23623623623624 0.0607989795332688
1.24124124124124 0.0614379225896761
1.24624624624625 0.062083136510777
1.25125125125125 0.0627346734796509
1.25625625625626 0.0633925859155261
1.26126126126126 0.0640569264703283
1.26626626626627 0.0647277480251039
1.27127127127127 0.0654051036863154
1.27627627627628 0.0660890467820066
1.28128128128128 0.0667796308578363
1.28628628628629 0.0674769096729777
1.29129129129129 0.0681809371958825
1.2962962962963 0.0688917675999062
1.3013013013013 0.0696094552587941
1.30630630630631 0.0703340547420243
1.31131131131131 0.0710656208100074
1.31631631631632 0.07180420840914
1.32132132132132 0.0725498726667088
1.32632632632633 0.0733026688856463
1.33133133133133 0.0740626525391327
1.33633633633634 0.0748298792650442
1.34134134134134 0.0756044048602448
1.34634634634635 0.0763862852747201
1.35135135135135 0.0771755766055506
1.35635635635636 0.0779723350907227
1.36136136136136 0.0787766171027758
1.36636636636637 0.079588479142283
1.37137137137137 0.080407977831164
1.37637637637638 0.0812351699058281
1.38138138138138 0.0820701122101451
1.38638638638639 0.0829128616882429
1.39139139139139 0.0837634753771295
1.3963963963964 0.0846220103991379
1.4014014014014 0.0854885239541916
1.40640640640641 0.0863630733118898
1.41141141141141 0.0872457158034103
1.41641641641642 0.0881365088132273
1.42142142142142 0.0890355097706448
1.42642642642643 0.0899427761411417
1.43143143143143 0.0908583654175286
1.43643643643644 0.0917823351109141
1.44144144144144 0.0927147427414791
1.44644644644645 0.093655645829058
1.45145145145145 0.094605101883526
1.45645645645646 0.0955631683949891
1.46146146146146 0.0965299028237787
1.46646646646647 0.0975053625902467
1.47147147147147 0.0984896050643618
1.47647647647648 0.0994826875551048
1.48148148148148 0.100484667299664
1.48648648648649 0.101495601452425
1.49149149149149 0.102515547073761
1.4964964964965 0.103544561118619
1.5015015015015 0.104582700424895
1.50650650650651 0.105630021701614
1.51151151151151 0.106686581516896
1.51651651651652 0.107752436285718
1.52152152152152 0.108827642257473
1.52652652652653 0.109912255503314
1.53153153153153 0.111006331903303
1.53653653653654 0.112109927133338
1.54154154154154 0.113223096651886
1.54654654654655 0.114345895686502
1.55155155155155 0.115478379220141
1.55655655655656 0.116620601977266
1.56156156156156 0.117772618409751
1.56656656656657 0.118934482682575
1.57157157157157 0.120106248659314
1.57657657657658 0.121287969887425
1.58158158158158 0.122479699583332
1.58658658658659 0.123681490617311
1.59159159159159 0.124893395498163
1.5965965965966 0.126115466357705
1.6016016016016 0.127347754935046
1.60660660660661 0.128590312560677
1.61161161161161 0.129843190140364
1.61661661661662 0.131106438138846
1.62162162162162 0.132380106563344
1.62662662662663 0.133664244946882
1.63163163163163 0.134958902331419
1.63663663663664 0.136264127250801
1.64164164164164 0.137579967713529
1.64664664664665 0.138906471185347
1.65165165165165 0.140243684571661
1.65665665665666 0.141591654199779
1.66166166166166 0.142950425800988
1.66666666666667 0.144320044492457
1.67167167167167 0.14570055475899
1.67667667667668 0.147092000434612
1.68168168168168 0.148494424684003
1.68668668668669 0.149907869983784
1.69169169169169 0.151332378103659
1.6966966966967 0.152767990087411
1.7017017017017 0.154214746233768
1.70670670670671 0.155672686077133
1.71171171171171 0.157141848368193
1.71671671671672 0.158622271054402
1.72172172172172 0.160113991260353
1.72672672672673 0.161617045268043
1.73173173173173 0.163131468497024
1.73673673673674 0.16465729548447
1.74174174174174 0.166194559865147
1.74674674674675 0.167743294351293
1.75175175175175 0.169303530712433
1.75675675675676 0.170875299755112
1.76176176176176 0.172458631302572
1.76676676676677 0.174053554174365
1.77177177177177 0.175660096165926
1.77677677677678 0.177278284028098
1.78178178178178 0.178908143446628
1.78678678678679 0.180549699021636
1.79179179179179 0.182202974247068
1.7967967967968 0.183867991490141
1.8018018018018 0.18554477197079
1.80680680680681 0.187233335741119
1.81181181181181 0.188933701664878
1.81681681681682 0.190645887396967
1.82182182182182 0.192369909362967
1.82682682682683 0.194105782738735
1.83183183183183 0.195853521430043
1.83683683683684 0.197613138052289
1.84184184184184 0.199384643910284
1.84684684684685 0.201168048978128
1.85185185185185 0.202963361879184
1.85685685685686 0.204770589866159
1.86186186186186 0.206589738801308
1.86686686686687 0.208420813136768
1.87187187187187 0.21026381589503
1.87687687687688 0.212118748649573
1.88188188188188 0.213985611505654
1.88688688688689 0.215864403081281
1.89189189189189 0.217755120488371
1.8968968968969 0.219657759314113
1.9019019019019 0.221572313602535
1.90690690690691 0.223498775836306
1.91191191191191 0.225437136918763
1.91691691691692 0.227387386156202
1.92192192192192 0.229349511240413
1.92692692692693 0.231323498231507
1.93193193193193 0.233309331541012
1.93693693693694 0.235306993915286
1.94194194194194 0.237316466419227
1.94694694694695 0.239337728420315
1.95195195195195 0.241370757572993
1.95695695695696 0.243415529803396
1.96196196196196 0.24547201929444
1.96696696696697 0.247540198471295
1.97197197197197 0.249620037987239
1.97697697697698 0.251711506709922
1.98198198198198 0.253814571708035
1.98698698698699 0.255929198238417
1.99199199199199 0.258055349733596
1.996996996997 0.260192987789781
2.002002002002 0.26234207215533
2.00700700700701 0.264502560719684
2.01201201201201 0.266674409502799
2.01701701701702 0.268857572645082
2.02202202202202 0.271052002397837
2.02702702702703 0.273257649114242
2.03203203203203 0.27547446124087
2.03703703703704 0.277702385309751
2.04204204204204 0.279941365931009
2.04704704704705 0.282191345786062
2.05205205205205 0.284452265621423
2.05705705705706 0.28672406424308
2.06206206206206 0.289006678511501
2.06706706706707 0.291300043337251
2.07207207207207 0.293604091677234
2.07707707707708 0.295918754531582
2.08208208208208 0.298243960941191
2.08708708708709 0.300579637985917
2.09209209209209 0.302925710783439
2.0970970970971 0.305282102488798
2.1021021021021 0.307648734294633
2.10710710710711 0.310025525432095
2.11211211211211 0.312412393172484
2.11711711711712 0.314809252829576
2.12212212212212 0.317216017762689
2.12712712712713 0.319632599380458
2.13213213213213 0.32205890714535
2.13713713713714 0.324494848578916
2.14214214214214 0.326940329267787
2.14714714714715 0.32939525287042
2.15215215215215 0.331859521124595
2.15715715715716 0.334333033855673
2.16216216216216 0.336815688985622
2.16716716716717 0.339307382542801
2.17217217217217 0.341808008672518
2.17717717717718 0.344317459648362
2.18218218218218 0.346835625884305
2.18718718718719 0.349362395947586
2.19219219219219 0.351897656572365
2.1971971971972 0.354441292674163
2.2022022022022 0.356993187365074
2.20720720720721 0.359553221969756
2.21221221221221 0.362121276042203
2.21721721721722 0.364697227383283
2.22222222222222 0.367280952059062
2.22722722722723 0.369872324419884
2.23223223223223 0.372471217120232
2.23723723723724 0.375077501139344
2.24224224224224 0.377691045802591
2.24724724724725 0.380311718803611
2.25225225225225 0.382939386227191
2.25725725725726 0.385573912572893
2.26226226226226 0.388215160779414
2.26726726726727 0.390862992249685
2.27227227227227 0.393517266876677
2.27727727727728 0.396177843069936
2.28228228228228 0.398844577782816
2.28728728728729 0.401517326540404
2.29229229229229 0.404195943468144
2.2972972972973 0.406880281321121
2.3023023023023 0.409570191514021
2.30730730730731 0.412265524151741
2.31231231231231 0.414966128060635
2.31731731731732 0.4176718508204
2.32232232232232 0.420382538796566
2.32732732732733 0.423098037173592
2.33233233233233 0.425818189988556
2.33733733733734 0.428542840165405
2.34234234234234 0.431271829549777
2.34734734734735 0.434004998944358
2.35235235235235 0.436742188144764
2.35735735735736 0.439483235975942
2.36236236236236 0.442227980329054
2.36736736736737 0.444976258198843
2.37237237237237 0.447727905721455
2.37737737737738 0.450482758212703
2.38238238238238 0.453240650206752
2.38738738738739 0.456001415495205
2.39239239239239 0.45876488716657
2.3973973973974 0.461530897646102
2.4024024024024 0.464299278735975
2.40740740740741 0.467069861655785
2.41241241241241 0.469842477083358
2.41741741741742 0.472616955195834
2.42242242242242 0.47539312571102
2.42742742742743 0.478170817928976
2.43243243243243 0.480949860773824
2.43743743743744 0.483730082835755
2.44244244244244 0.486511312413209
2.44744744744745 0.489293377555205
2.45245245245245 0.492076106103812
2.45745745745746 0.494859325736719
2.46246246246246 0.497642864009894
2.46746746746747 0.500426548400311
2.47247247247247 0.503210206348718
2.47747747747748 0.505993665302416
2.48248248248248 0.508776752758045
2.48748748748749 0.511559296304339
2.49249249249249 0.514341123664831
2.4974974974975 0.517122062740495
2.5025025025025 0.519901941652279
2.50750750750751 0.522680588783541
2.51251251251251 0.525457832822334
2.51751751751752 0.528233502803537
2.52252252252252 0.531007428150798
2.52752752752753 0.533779438718284
2.53253253253253 0.536549364832193
2.53753753753754 0.539317037332028
2.54254254254254 0.542082287611602
2.54754754754755 0.544844947659747
2.55255255255255 0.547604850100725
2.55755755755756 0.550361828234302
2.56256256256256 0.553115716075467
2.56756756756757 0.555866348393796
2.57257257257257 0.558613560752409
2.57757757757758 0.561357189546534
2.58258258258258 0.564097072041633
2.58758758758759 0.566833046411088
2.59259259259259 0.569564951773419
2.5975975975976 0.572292628229028
2.6026026026026 0.575015916896434
2.60760760760761 0.577734659948003
2.61261261261261 0.58044870064514
2.61761761761762 0.583157883372935
2.62262262262262 0.585862053674248
2.62762762762763 0.588561058283214
2.63263263263263 0.591254745158156
2.63763763763764 0.593942963513896
2.64264264264264 0.596625563853437
2.64764764764765 0.599302397999023
2.65265265265265 0.601973319122548
2.65765765765766 0.60463818177531
2.66266266266266 0.607296841917096
2.66766766766767 0.60994915694459
2.67267267267267 0.612594985719089
2.67767767767768 0.615234188593522
2.68268268268268 0.617866627438763
2.68768768768769 0.62049216566922
2.69269269269269 0.62311066826771
2.6976976976977 0.625722001809596
2.7027027027027 0.62832603448618
2.70770770770771 0.630922636127363
2.71271271271271 0.633511678223543
2.71771771771772 0.636093033946763
2.72272272272272 0.638666578171096
2.72772772772773 0.641232187492265
2.73273273273273 0.643789740246491
2.73773773773774 0.64633911652858
2.74274274274274 0.648880198209225
2.74774774774775 0.651412868951535
2.75275275275275 0.653937014226795
2.75775775775776 0.656452521329434
2.76276276276276 0.658959279391227
2.76776776776777 0.661457179394714
2.77277277277277 0.663946114185844
2.77777777777778 0.666425978485839
2.78278278278278 0.668896668902288
2.78778778778779 0.671358083939471
2.79279279279279 0.673810124007911
2.7977977977978 0.676252691433156
2.8028028028028 0.678685690463812
2.80780780780781 0.681109027278806
2.81281281281281 0.683522609993903
2.81781781781782 0.685926348667471
2.82282282282282 0.688320155305509
2.82782782782783 0.690703943865932
2.83283283283283 0.69307763026213
2.83783783783784 0.695441132365805
2.84284284284284 0.697794370009091
2.84784784784785 0.700137264985958
2.85285285285285 0.702469741052931
2.85785785785786 0.704791723929098
2.86286286286286 0.70710314129545
2.86786786786787 0.709403922793535
2.87287287287287 0.711694000023455
2.87787787787788 0.713973306541194
2.88288288288288 0.716241777855315
2.88788788788789 0.718499351423008
2.89289289289289 0.720745966645516
2.8978978978979 0.722981564862951
2.9029029029029 0.72520608934849
2.90790790790791 0.727419485301997
2.91291291291291 0.729621699843045
2.91791791791792 0.731812682003375
2.92292292292292 0.733992382718796
2.92792792792793 0.736160754820531
2.93293293293293 0.738317753026035
2.93793793793794 0.740463333929283
2.94294294294294 0.742597455990548
2.94794794794795 0.74472007952568
2.95295295295295 0.746831166694899
2.95795795795796 0.748930681491109
2.96296296296296 0.751018589727755
2.96796796796797 0.753094859026233
2.97297297297297 0.755159458802852
2.97797797797798 0.757212360255387
2.98298298298298 0.759253536349209
2.98798798798799 0.761282961803027
2.99299299299299 0.763300613074235
2.997997997998 0.765306468343895
3.003003003003 0.767300507501358
3.00800800800801 0.769282712128534
3.01301301301301 0.771253065483837
3.01801801801802 0.773211552485799
3.02302302302302 0.775158159696387
3.02802802802803 0.777092875304014
3.03303303303303 0.779015689106273
3.03803803803804 0.780926592492402
3.04304304304304 0.782825578425486
3.04804804804805 0.784712641424417
3.05305305305305 0.786587777545622
3.05805805805806 0.788450984364568
3.06306306306306 0.790302260957058
3.06806806806807 0.792141607880334
3.07307307307307 0.793969027153988
3.07807807807808 0.79578452224071
3.08308308308308 0.797588098026865
3.08808808808809 0.799379760802923
3.09309309309309 0.801159518243754
3.0980980980981 0.802927379388793
3.1031031031031 0.804683354622083
3.10810810810811 0.806427455652222
3.11311311311311 0.808159695492212
3.11811811811812 0.809880088439213
3.12312312312312 0.811588650054241
3.12812812812813 0.81328539714179
3.13313313313313 0.8149703477294
3.13813813813814 0.816643521047186
3.14314314314314 0.818304937507329
3.14814814814815 0.819954618683547
3.15315315315315 0.821592587290538
3.15815815815816 0.823218867163433
3.16316316316316 0.824833483237238
3.16816816816817 0.826436461526291
3.17317317317317 0.828027829103741
3.17817817817818 0.829607614081047
3.18318318318318 0.831175845587524
3.18818818818819 0.832732553749922
3.19319319319319 0.834277769672058
3.1981981981982 0.835811525414513
3.2032032032032 0.837333853974388
3.20820820820821 0.838844789265134
3.21321321321321 0.840344366096465
3.21821821821822 0.841832620154354
3.22322322322322 0.843309587981124
3.22822822822823 0.844775306955636
3.23323323323323 0.846229815273585
3.23823823823824 0.847673151927906
3.24324324324324 0.849105356689291
3.24824824824825 0.850526470086842
3.25325325325325 0.851936533388836
3.25825825825826 0.853335588583632
3.26326326326326 0.854723678360713
3.26826826826827 0.856100846091868
3.27327327327327 0.857467135812528
3.27827827827828 0.85882259220324
3.28328328328328 0.86016726057131
3.28828828828829 0.861501186832597
3.29329329329329 0.862824417493472
3.2982982982983 0.86413699963294
3.3033033033033 0.865438980884942
3.30830830830831 0.866730409420817
3.31331331331331 0.868011333931953
3.31831831831832 0.869281803612602
3.32332332332332 0.870541868142897
3.32832832832833 0.871791577672034
3.33333333333333 0.873030982801654
3.33833833833834 0.874260134569407
3.34334334334334 0.875479084432714
3.34834834834835 0.876687884252715
3.35335335335335 0.877886586278418
3.35835835835836 0.879075243131044
3.36336336336336 0.880253907788567
3.36836836836837 0.881422633570458
3.37337337337337 0.882581474122629
3.37837837837838 0.883730483402577
3.38338338338338 0.884869715664736
3.38838838838839 0.885999225446027
3.39339339339339 0.887119067551623
3.3983983983984 0.888229297040905
3.4034034034034 0.889329969213638
3.40840840840841 0.890421139596346
3.41341341341341 0.891502863928896
3.41841841841842 0.892575198151292
3.42342342342342 0.893638198390666
3.42842842842843 0.894691920948493
3.43343343343343 0.895736422287994
3.43843843843844 0.896771759021762
3.44344344344344 0.897797987899584
3.44844844844845 0.898815165796477
3.45345345345345 0.899823349700921
3.45845845845846 0.900822596703304
3.46346346346346 0.90181296398457
3.46846846846847 0.902794508805069
3.47347347347347 0.903767288493611
3.47847847847848 0.904731360436724
3.48348348348348 0.905686782068107
3.48848848848849 0.906633610858292
3.49349349349349 0.907571904304498
3.4984984984985 0.908501719920686
3.5035035035035 0.909423115227808
3.50850850850851 0.910336147744257
3.51351351351351 0.911240874976506
3.51851851851852 0.912137354409941
3.52352352352352 0.913025643499884
3.52852852852853 0.913905799662813
3.53353353353353 0.914777880267759
3.53853853853854 0.915641942627901
3.54354354354354 0.916498043992336
3.54854854854855 0.917346241538044
3.55355355355355 0.91818659236202
3.55855855855856 0.919019153473605
3.56356356356356 0.919843981786975
3.56856856856857 0.920661134113828
3.57357357357357 0.921470667156222
3.57857857857858 0.922272637499612
3.58358358358358 0.923067101606036
3.58858858858859 0.923854115807483
3.59359359359359 0.924633736299424
3.5985985985986 0.925406019134512
3.6036036036036 0.926171020216438
3.60860860860861 0.926928795293961
3.61361361361361 0.927679399955082
3.61861861861862 0.92842288962139
3.62362362362362 0.929159319542555
3.62862862862863 0.929888744790978
3.63363363363363 0.930611220256594
3.63863863863864 0.931326800641818
3.64364364364364 0.932035540456647
3.64864864864865 0.932737494013904
3.65365365365365 0.933432715424621
3.65865865865866 0.934121258593573
3.66366366366366 0.934803177214944
3.66866866866867 0.935478524768131
3.67367367367367 0.936147354513687
3.67867867867868 0.936809719489394
3.68368368368368 0.937465672506471
3.68868868868869 0.938115266145904
3.69369369369369 0.938758552754913
3.6986986986987 0.939395584443533
3.7037037037037 0.940026413081332
3.70870870870871 0.940651090294235
3.71371371371371 0.941269667461477
3.71871871871872 0.941882195712671
3.72372372372372 0.94248872592499
3.72872872872873 0.943089308720465
3.73373373373373 0.943683994463385
3.73873873873874 0.944272833257821
3.74374374374374 0.944855874945246
3.74874874874875 0.945433169102262
3.75375375375375 0.946004765038435
3.75875875875876 0.946570711794227
3.76376376376376 0.947131058139029
3.76876876876877 0.947685852569292
3.77377377377377 0.948235143306756
3.77877877877878 0.948778978296767
3.78378378378378 0.949317405206694
3.78878878878879 0.94985047142443
3.79379379379379 0.950378224056984
3.7987987987988 0.950900709929161
3.8038038038038 0.951417975582325
3.80880880880881 0.951930067273247
3.81381381381381 0.952437030973032
3.81881881881882 0.952938912366132
3.82382382382382 0.953435756849427
3.82882882882883 0.953927609531393
3.83383383383383 0.954414515231337
3.83883883883884 0.95489651847871
3.84384384384384 0.955373663512492
3.84884884884885 0.95584599428064
3.85385385385385 0.956313554439614
3.85885885885886 0.956776387353964
3.86386386386386 0.957234536095982
3.86886886886887 0.957688043445424
3.87387387387387 0.958136951889283
3.87887887887888 0.958581303621638
3.88388388388388 0.959021140543547
3.88888888888889 0.959456504263008
3.89389389389389 0.959887436094976
3.8988988988989 0.960313977061427
3.9039039039039 0.960736167891488
3.90890890890891 0.961154049021609
3.91391391391391 0.96156766059579
3.91891891891892 0.961977042465862
3.92392392392392 0.962382234191805
3.92892892892893 0.962783275042128
3.93393393393393 0.963180203994283
3.93893893893894 0.96357305973513
3.94394394394394 0.963961880661442
3.94894894894895 0.964346704880454
3.95395395395395 0.964727570210455
3.95895895895896 0.965104514181417
3.96396396396396 0.965477574035662
3.96896896896897 0.965846786728569
3.97397397397397 0.966212188929319
3.97897897897898 0.966573817021671
3.98398398398398 0.966931707104776
3.98898898898899 0.967285894994023
3.99399399399399 0.967636416221916
3.998998998999 0.967983306038988
4.004004004004 0.968326599414734
4.00900900900901 0.96866633103859
4.01401401401401 0.969002535320923
4.01901901901902 0.969335246394058
4.02402402402402 0.969664498113334
4.02902902902903 0.969990324058178
4.03403403403403 0.970312757533208
4.03903903903904 0.970631831569359
4.04404404404404 0.970947578925033
4.04904904904905 0.971260032087271
4.05405405405405 0.971569223272943
4.05905905905906 0.971875184429966
4.06406406406406 0.972177947238532
4.06906906906907 0.972477543112363
4.07407407407407 0.972774003199984
4.07907907907908 0.973067358386005
4.08408408408408 0.973357639292429
4.08908908908909 0.973644876279973
4.09409409409409 0.973929099449405
4.0990990990991 0.974210338642891
4.1041041041041 0.974488623445364
4.10910910910911 0.9747639831859
4.11411411411411 0.975036446939109
4.11911911911912 0.975306043526539
4.12412412412412 0.975572801518091
4.12912912912913 0.975836749233441
4.13413413413413 0.976097914743481
4.13913913913914 0.976356325871761
4.14414414414414 0.976612010195942
4.14914914914915 0.976864995049265
4.15415415415415 0.977115307522019
4.15915915915916 0.977362974463016
4.16416416416416 0.977608022481087
4.16916916916917 0.977850477946565
4.17417417417417 0.978090366992788
4.17917917917918 0.978327715517604
4.18418418418418 0.978562549184879
4.18918918918919 0.978794893426012
4.19419419419419 0.979024773441453
4.1991991991992 0.979252214202225
4.2042042042042 0.97947724045145
4.20920920920921 0.97969987670588
4.21421421421421 0.979920147257423
4.21921921921922 0.980138076174685
4.22422422422422 0.980353687304494
4.22922922922923 0.980567004273448
4.23423423423423 0.980778050489449
4.23923923923924 0.980986849143237
4.24424424424424 0.981193423209937
4.24924924924925 0.981397795450595
4.25425425425425 0.981599988413716
4.25925925925926 0.981800024436804
4.26426426426426 0.9819979256479
4.26926926926927 0.98219371396712
4.27427427427427 0.982387411108186
4.27927927927928 0.982579038579965
4.28428428428428 0.982768617687996
4.28928928928929 0.982956169536025
4.29429429429429 0.983141715027525
4.2992992992993 0.983325274867227
4.3043043043043 0.983506869562637
4.30930930930931 0.983686519425556
4.31431431431431 0.983864244573593
4.31931931931932 0.984040064931681
4.32432432432432 0.984214000233576
4.32932932932933 0.984386070023369
4.33433433433433 0.98455629365698
4.33933933933934 0.984724690303653
4.34434434434434 0.984891278947445
4.34934934934935 0.985056078388717
4.35435435435435 0.985219107245606
4.35935935935936 0.985380383955505
4.36436436436436 0.985539926776533
4.36936936936937 0.985697753788996
4.37437437437437 0.985853882896849
4.37937937937938 0.986008331829147
4.38438438438438 0.986161118141493
4.38938938938939 0.986312259217477
4.39439439439439 0.986461772270115
4.3993993993994 0.986609674343274
4.4044044044044 0.986755982313094
4.40940940940941 0.986900712889408
4.41441441441441 0.987043882617144
4.41941941941942 0.987185507877735
4.42442442442442 0.987325604890508
4.42942942942943 0.987464189714078
4.43443443443443 0.987601278247726
4.43943943943944 0.987736886232774
4.44444444444444 0.987871029253953
4.44944944944945 0.988003722740763
4.45445445445445 0.988134981968826
4.45945945945946 0.988264822061231
4.46446446446446 0.988393257989871
4.46946946946947 0.988520304576772
4.47447447447447 0.988645976495422
4.47947947947948 0.988770288272078
4.48448448448448 0.988893254287077
4.48948948948949 0.989014888776136
4.49449449449449 0.989135205831643
4.4994994994995 0.98925421940394
4.5045045045045 0.9893719433026
4.50950950950951 0.989488391197693
4.51451451451451 0.989603576621049
4.51951951951952 0.989717512967508
4.52452452452452 0.989830213496163
4.52952952952953 0.989941691331598
4.53453453453453 0.990051959465114
4.53953953953954 0.990161030755948
4.54454454454454 0.990268917932489
4.54954954954955 0.990375633593474
4.55455455455455 0.99048119020919
4.55955955955956 0.990585600122654
4.56456456456456 0.990688875550798
4.56956956956957 0.990791028585637
4.57457457457457 0.990892071195428
4.57957957957958 0.990992015225831
4.58458458458458 0.991090872401048
4.58958958958959 0.991188654324963
4.59459459459459 0.991285372482272
4.5995995995996 0.991381038239603
4.6046046046046 0.991475662846632
4.60960960960961 0.991569257437179
4.61461461461461 0.991661833030316
4.61961961961962 0.991753400531446
4.62462462462462 0.991843970733386
4.62962962962963 0.99193355431744
4.63463463463463 0.992022161854462
4.63963963963964 0.99210980380591
4.64464464464464 0.992196490524893
4.64964964964965 0.992282232257213
4.65465465465465 0.992367039142394
4.65965965965966 0.992450921214705
4.66466466466466 0.992533888404174
4.66966966966967 0.992615950537598
4.67467467467467 0.992697117339537
4.67967967967968 0.992777398433309
4.68468468468468 0.992856803341972
4.68968968968969 0.992935341489297
4.69469469469469 0.993013022200736
4.6996996996997 0.99308985470438
4.7047047047047 0.993165848131913
4.70970970970971 0.993241011519554
4.71471471471471 0.99331535380899
4.71971971971972 0.993388883848306
4.72472472472472 0.993461610392907
4.72972972972973 0.993533542106426
4.73473473473473 0.993604687561631
4.73973973973974 0.993675055241324
4.74474474474474 0.993744653539224
4.74974974974975 0.993813490760857
4.75475475475475 0.993881575124424
4.75975975975976 0.99394891476167
4.76476476476476 0.994015517718743
4.76976976976977 0.994081391957049
4.77477477477477 0.994146545354089
4.77977977977978 0.994210985704305
4.78478478478478 0.994274720719903
4.78978978978979 0.994337758031679
4.79479479479479 0.994400105189835
4.7997997997998 0.994461769664784
4.8048048048048 0.994522758847953
4.80980980980981 0.994583080052577
4.81481481481481 0.994642740514486
4.81981981981982 0.994701747392884
4.82482482482482 0.994760107771122
4.82982982982983 0.994817828657464
4.83483483483483 0.994874916985848
4.83983983983984 0.994931379616633
4.84484484484484 0.994987223337351
4.84984984984985 0.99504245486344
4.85485485485485 0.99509708083898
4.85985985985986 0.995151107837414
4.86486486486486 0.995204542362272
4.86986986986987 0.995257390847877
4.87487487487487 0.995309659660055
4.87987987987988 0.995361355096831
4.88488488488488 0.995412483389125
4.88988988988989 0.995463050701432
4.89489489489489 0.99551306313251
4.8998998998999 0.995562526716044
4.9049049049049 0.99561144742132
4.90990990990991 0.995659831153886
4.91491491491491 0.9957076837562
4.91991991991992 0.995755011008285
4.92492492492492 0.995801818628369
4.92992992992993 0.995848112273522
4.93493493493493 0.995893897540284
4.93993993993994 0.995939179965293
4.94494494494494 0.995983965025902
4.94994994994995 0.996028258140788
4.95495495495495 0.996072064670566
4.95995995995996 0.996115389918382
4.96496496496496 0.996158239130514
4.96996996996997 0.996200617496961
4.97497497497497 0.99624253015202
4.97997997997998 0.996283982174875
4.98498498498498 0.996324978590162
4.98998998998999 0.996365524368536
4.99499499499499 0.996405624427238
5 0.996445283630647
