0 0.000991106259585426
0.005005005005005 0.00100152281689925
0.01001001001001 0.00101204874164393
0.015015015015015 0.0010226851797666
0.02002002002002 0.00103343328917209
0.025025025025025 0.00104429423984658
0.03003003003003 0.00105526921398267
0.035035035035035 0.00106635940610558
0.04004004004004 0.00107756602320071
0.045045045045045 0.00108889028484249
0.05005005005005 0.00110033342332449
0.0550550550550551 0.0011118966837909
0.0600600600600601 0.00112358132436935
0.0650650650650651 0.00113538861630502
0.0700700700700701 0.00114731984409615
0.0750750750750751 0.00115937630563093
0.0800800800800801 0.00117155931232576
0.0850850850850851 0.00118387018926492
0.0900900900900901 0.00119631027534162
0.0950950950950951 0.00120888092340053
0.1001001001001 0.00122158350038171
0.105105105105105 0.00123441938746603
0.11011011011011 0.001247389980222
0.115115115115115 0.00126049668875417
0.12012012012012 0.00127374093785294
0.125125125125125 0.00128712416714593
0.13013013013013 0.00130064783125087
0.135135135135135 0.00131431339993006
0.14014014014014 0.00132812235824627
0.145145145145145 0.00134207620672039
0.15015015015015 0.0013561764614905
0.155155155155155 0.00137042465447267
0.16016016016016 0.00138482233352324
0.165165165165165 0.00139937106260289
0.17017017017017 0.00141407242194224
0.175175175175175 0.00142892800820913
0.18018018018018 0.00144393943467765
0.185185185185185 0.00145910833139875
0.19019019019019 0.00147443634537267
0.195195195195195 0.00148992514072305
0.2002002002002 0.00150557639887276
0.205205205205205 0.00152139181872152
0.21021021021021 0.00153737311682532
0.215215215215215 0.00155352202757756
0.22022022022022 0.00156984030339208
0.225225225225225 0.00158632971488797
0.23023023023023 0.00160299205107623
0.235235235235235 0.0016198291195483
0.24024024024024 0.0016368427466665
0.245245245245245 0.00165403477775628
0.25025025025025 0.00167140707730046
0.255255255255255 0.00168896152913542
0.26026026026026 0.00170670003664914
0.265265265265265 0.00172462452298132
0.27027027027027 0.00174273693122541
0.275275275275275 0.00176103922463267
0.28028028028028 0.00177953338681829
0.285285285285285 0.00179822142196949
0.29029029029029 0.00181710535505571
0.295295295295295 0.00183618723204091
0.3003003003003 0.0018554691200979
0.305305305305305 0.00187495310782488
0.31031031031031 0.00189464130546401
0.315315315315315 0.00191453584512226
0.32032032032032 0.00193463888099433
0.325325325325325 0.00195495258958784
0.33033033033033 0.00197547916995068
0.335335335335335 0.00199622084390067
0.34034034034034 0.00201717985625739
0.345345345345345 0.00203835847507639
0.35035035035035 0.00205975899188558
0.355355355355355 0.00208138372192408
0.36036036036036 0.00210323500438326
0.365365365365365 0.00212531520265027
0.37037037037037 0.0021476267045539
0.375375375375375 0.00217017192261282
0.38038038038038 0.00219295329428629
0.385385385385385 0.0022159732822273
0.39039039039039 0.00223923437453817
0.395395395395395 0.00226273908502868
0.4004004004004 0.00228648995347664
0.405405405405405 0.0023104895458911
0.41041041041041 0.00233474045477801
0.415415415415415 0.00235924529940853
0.42042042042042 0.00238400672608994
0.425425425425425 0.00240902740843915
0.43043043043043 0.00243431004765886
0.435435435435435 0.00245985737281642
0.44044044044044 0.00248567214112536
0.445445445445445 0.00251175713822968
0.45045045045045 0.0025381151784908
0.455455455455455 0.00256474910527738
0.46046046046046 0.00259166179125783
0.465465465465465 0.00261885613869575
0.47047047047047 0.00264633507974807
0.475475475475475 0.00267410157676619
0.48048048048048 0.00270215862259991
0.485485485485485 0.0027305092409043
0.49049049049049 0.00275915648644955
0.495495495495495 0.00278810344543369
0.500500500500501 0.00281735323579841
0.505505505505506 0.00284690900754779
0.510510510510511 0.00287677394307013
0.515515515515516 0.00290695125746281
0.520520520520521 0.00293744419886026
0.525525525525526 0.00296825604876503
0.530530530530531 0.00299939012238201
0.535535535535536 0.0030308497689558
0.540540540540541 0.00306263837211128
0.545545545545546 0.0030947593501974
0.550550550550551 0.00312721615663421
0.555555555555556 0.00316001228026317
0.560560560560561 0.00319315124570073
0.565565565565566 0.00322663661369529
0.570570570570571 0.00326047198148742
0.575575575575576 0.00329466098317353
0.580580580580581 0.00332920729007296
0.585585585585586 0.00336411461109842
0.590590590590591 0.00339938669312993
0.595595595595596 0.0034350273213923
0.600600600600601 0.00347104031983601
0.605605605605606 0.00350742955152174
0.610610610610611 0.0035441989190084
0.615615615615616 0.0035813523647448
0.620620620620621 0.00361889387146487
0.625625625625626 0.00365682746258665
0.630630630630631 0.00369515720261486
0.635635635635636 0.00373388719754722
0.640640640640641 0.00377302159528446
0.645645645645646 0.00381256458604423
0.650650650650651 0.00385252040277858
0.655655655655656 0.0038928933215955
0.660660660660661 0.00393368766218413
0.665665665665666 0.00397490778824392
0.670670670670671 0.00401655810791771
0.675675675675676 0.00405864307422873
0.680680680680681 0.00410116718552156
0.685685685685686 0.00414413498590703
0.690690690690691 0.00418755106571129
0.695695695695696 0.00423142006192876
0.700700700700701 0.00427574665867925
0.705705705705706 0.0043205355876692
0.710710710710711 0.00436579162865701
0.715715715715716 0.00441151960992255
0.720720720720721 0.00445772440874087
0.725725725725726 0.00450441095186014
0.730730730730731 0.00455158421598385
0.735735735735736 0.00459924922825725
0.740740740740741 0.00464741106675813
0.745745745745746 0.00469607486099197
0.750750750750751 0.00474524579239137
0.755755755755756 0.00479492909481997
0.760760760760761 0.00484513005508078
0.765765765765766 0.00489585401342885
0.770770770770771 0.00494710636408863
0.775775775775776 0.00499889255577564
0.780780780780781 0.00505121809222278
0.785785785785786 0.00510408853271124
0.790790790790791 0.00515750949260591
0.795795795795796 0.00521148664389549
0.800800800800801 0.00526602571573722
0.805805805805806 0.00532113249500631
0.810810810810811 0.00537681282685007
0.815815815815816 0.00543307261524676
0.820820820820821 0.00548991782356925
0.825825825825826 0.00554735447515343
0.830830830830831 0.00560538865387144
0.835835835835836 0.00566402650470981
0.840840840840841 0.00572327423435234
0.845845845845846 0.00578313811176809
0.850850850850851 0.00584362446880405
0.855855855855856 0.00590473970078296
0.860860860860861 0.00596649026710603
0.865865865865866 0.00602888269186067
0.870870870870871 0.00609192356443322
0.875875875875876 0.00615561954012686
0.880880880880881 0.00621997734078441
0.885885885885886 0.00628500375541644
0.890890890890891 0.00635070564083437
0.895895895895896 0.00641708992228874
0.900900900900901 0.00648416359411279
0.905905905905906 0.00655193372037104
0.910910910910911 0.00662040743551327
0.915915915915916 0.00668959194503367
0.920920920920921 0.0067594945261353
0.925925925925926 0.00683012252839975
0.930930930930931 0.00690148337446228
0.935935935935936 0.00697358456069215
0.940940940940941 0.00704643365787838
0.945945945945946 0.0071200383119209
0.950950950950951 0.00719440624452703
0.955955955955956 0.00726954525391347
0.960960960960961 0.00734546321551362
0.965965965965966 0.00742216808269051
0.970970970970971 0.007499667887455
0.975975975975976 0.00757797074118968
0.980980980980981 0.0076570848353781
0.985985985985986 0.00773701844233966
0.990990990990991 0.00781777991596993
0.995995995995996 0.00789937769248662
1.001001001001 0.00798182029118104
1.00600600600601 0.00806511631517515
1.01101101101101 0.00814927445218432
1.01601601601602 0.00823430347528546
1.02102102102102 0.00832021224369101
1.02602602602603 0.00840700970352844
1.03103103103103 0.00849470488862534
1.03603603603604 0.00858330692130027
1.04104104104104 0.00867282501315917
1.04604604604605 0.0087632684658975
1.05105105105105 0.00885464667210793
1.05605605605606 0.00894696911609391
1.06106106106106 0.00904024537468861
1.06606606606607 0.00913448511807987
1.07107107107107 0.00922969811064056
1.07607607607608 0.00932589421176475
1.08108108108108 0.00942308337670958
1.08608608608609 0.00952127565744268
1.09109109109109 0.00962048120349543
1.0960960960961 0.00972071026282175
1.1011011011011 0.00982197318266265
1.10610610610611 0.00992428041041635
1.11111111111111 0.0100276424945142
1.11611611611612 0.0101320700853021
1.12112112112112 0.0102375739359275
1.12612612612613 0.0103441649032325
1.13113113113113 0.0104518539486515
1.13613613613614 0.0105606521391159
1.14114114114114 0.010670570647963
1.14614614614615 0.0107816207558517
1.15115115115115 0.0108938138516823
1.15615615615616 0.0110071614335234
1.16116116116116 0.011121675109543
1.16616616616617 0.0112373665989458
1.17117117117117 0.0113542477329159
1.17617617617618 0.0114723304555646
1.18118118118118 0.0115916268248837
1.18618618618619 0.0117121490137044
1.19119119119119 0.0118339093106612
1.1961961961962 0.0119569201211614
1.2012012012012 0.0120811939683596
1.20620620620621 0.0122067434941374
1.21121121121121 0.0123335814600887
1.21621621621622 0.0124617207485093
1.22122122122122 0.0125911743633928
1.22622622622623 0.01272195543143
1.23123123123123 0.012854077203015
1.23623623623624 0.0129875530532545
1.24124124124124 0.0131223964829833
1.24624624624625 0.0132586211197841
1.25125125125125 0.0133962407190121
1.25625625625626 0.013535269164824
1.26126126126126 0.0136757204712124
1.26626626626627 0.0138176087830437
1.27127127127127 0.0139609483771017
1.27627627627628 0.0141057536631345
1.28128128128128 0.0142520391849063
1.28628628628629 0.0143998196212537
1.29129129129129 0.0145491097871455
1.2962962962963 0.014699924634747
1.3013013013013 0.0148522792544885
1.30630630630631 0.015006188876137
1.31131131131131 0.0151616688698728
1.31631631631632 0.0153187347473685
1.32132132132132 0.0154774021628728
1.32632632632633 0.0156376869142972
1.33133133133133 0.0157996049443059
1.33633633633634 0.0159631723414098
1.34134134134134 0.0161284053410627
1.34634634634635 0.0162953203267612
1.35135135135135 0.0164639338311473
1.35635635635636 0.0166342625371139
1.36136136136136 0.0168063232789125
1.36636636636637 0.0169801330432646
1.37137137137137 0.0171557089704738
1.37637637637638 0.0173330683555415
1.38138138138138 0.0175122286492842
1.38638638638639 0.0176932074594528
1.39139139139139 0.0178760225518534
1.3963963963964 0.0180606918514702
1.4014014014014 0.0182472334435896
1.40640640640641 0.0184356655749255
1.41141141141141 0.0186260066547457
1.41641641641642 0.0188182752559997
1.42142142142142 0.0190124901164463
1.42642642642643 0.0192086701397829
1.43143143143143 0.0194068343967741
1.43643643643644 0.019607002126381
1.44144144144144 0.0198091927368904
1.44644644644645 0.0200134258070437
1.45145145145145 0.0202197210871648
1.45645645645646 0.0204280985002886
1.46146146146146 0.0206385781432867
1.46646646646647 0.0208511802879936
1.47147147147147 0.0210659253823306
1.47647647647648 0.021282834051428
1.48148148148148 0.0215019270987457
1.48648648648649 0.0217232255071916
1.49149149149149 0.0219467504402373
1.4964964964965 0.0221725232430312
1.5015015015015 0.0224005654435086
1.50650650650651 0.0226308987534986
1.51151151151151 0.0228635450698273
1.51651651651652 0.0230985264754168
1.52152152152152 0.0233358652403809
1.52652652652653 0.0235755838231155
1.53153153153153 0.023817704871384
1.53653653653654 0.0240622512233987
1.54154154154154 0.0243092459088955
1.54654654654655 0.0245587121502031
1.55155155155155 0.0248106733633067
1.55655655655656 0.025065153158904
1.56156156156156 0.0253221753434553
1.56656656656657 0.0255817639202258
1.57157157157157 0.0258439430903203
1.57657657657658 0.02610873725371
1.58158158158158 0.0263761710102506
1.58658658658659 0.0266462691606917
1.59159159159159 0.0269190567076772
1.5965965965966 0.0271945588567352
1.6016016016016 0.0274728010172587
1.60660660660661 0.0277538088034752
1.61161161161161 0.028037608035405
1.61661661661662 0.0283242247398091
1.62162162162162 0.0286136851511238
1.62662662662663 0.0289060157123837
1.63163163163163 0.0292012430761318
1.63663663663664 0.0294993941053157
1.64164164164164 0.02980049587417
1.64664664664665 0.030104575669085
1.65165165165165 0.0304116609894592
1.65665665665666 0.0307217795485373
1.66166166166166 0.0310349592742317
1.66666666666667 0.0313512283099274
1.67167167167167 0.0316706150152701
1.67667667667668 0.0319931479669359
1.68168168168168 0.0323188559593833
1.68668668668669 0.0326477680055857
1.69169169169169 0.0329799133377454
1.6966966966967 0.0333153214079857
1.7017017017017 0.0336540218890239
1.70670670670671 0.0339960446748223
1.71171171171171 0.0343414198812165
1.71671671671672 0.0346901778465218
1.72172172172172 0.0350423491321157
1.72672672672673 0.0353979645229967
1.73173173173173 0.035757055028318
1.73673673673674 0.0361196518818956
1.74174174174174 0.0364857865426902
1.74674674674675 0.0368554906952629
1.75175175175175 0.0372287962502018
1.75675675675676 0.0376057353445217
1.76176176176176 0.037986340342033
1.76676676676677 0.0383706438336822
1.77177177177177 0.0387586786378601
1.77677677677678 0.0391504778006798
1.78178178178178 0.0395460745962211
1.78678678678679 0.0399455025267427
1.79179179179179 0.0403487953228593
1.7967967967968 0.0407559869436849
1.8018018018018 0.0411671115769393
1.80680680680681 0.0415822036390188
1.81181181181181 0.0420012977750285
1.81681681681682 0.0424244288587772
1.82182182182182 0.042851631992732
1.82682682682683 0.0432829425079332
1.83183183183183 0.0437183959638676
1.83683683683684 0.0441580281483003
1.84184184184184 0.0446018750770627
1.84684684684685 0.0450499729937966
1.85185185185185 0.0455023583696538
1.85685685685686 0.0459590679029484
1.86186186186186 0.0464201385187637
1.86686686686687 0.0468856073685094
1.87187187187187 0.047355511829431
1.87687687687688 0.0478298895040682
1.88188188188188 0.048308778219662
1.88688688688689 0.0487922160275107
1.89189189189189 0.0492802412022711
1.8968968968969 0.0497728922412058
1.9019019019019 0.0502702078633756
1.90690690690691 0.0507722270087742
1.91191191191191 0.0512789888374058
1.91691691691692 0.0517905327283037
1.92192192192192 0.0523068982784883
1.92692692692693 0.0528281253018647
1.93193193193193 0.0533542538280577
1.93693693693694 0.0538853241011826
1.94194194194194 0.054421376578552
1.94694694694695 0.0549624519293166
1.95195195195195 0.0555085910330386
1.95695695695696 0.0560598349781966
1.96196196196196 0.0566162250606215
1.96696696696697 0.0571778027818609
1.97197197197197 0.0577446098474724
1.97697697697698 0.0583166881652424
1.98198198198198 0.0588940798433314
1.98698698698699 0.0594768271883428
1.99199199199199 0.0600649727033152
1.996996996997 0.0606585590856356
2.002002002002 0.0612576292248737
2.00700700700701 0.0618622262005348
2.01201201201201 0.0624723932797308
2.01701701701702 0.0630881739147673
2.02202202202202 0.0637096117406458
2.02702702702703 0.0643367505724805
2.03203203203203 0.0649696344028268
2.03703703703704 0.0656083073989215
2.04204204204204 0.0662528138998325
2.04704704704705 0.0669031984135177
2.05205205205205 0.0675595056137903
2.05705705705706 0.068221780337191
2.06206206206206 0.0688900675797639
2.06706706706707 0.0695644124937363
2.07207207207207 0.0702448603841002
2.07707707707708 0.0709314567050944
2.08208208208208 0.071624247056586
2.08708708708709 0.0723232771803498
2.09209209209209 0.0730285929562446
2.0970970970971 0.0737402403982843
2.1021021021021 0.0744582656506038
2.10710710710711 0.0751827149833171
2.11211211211211 0.0759136347882672
2.11711711711712 0.0766510715746657
2.12212212212212 0.0773950719646219
2.12712712712713 0.0781456826885591
2.13213213213213 0.0789029505805173
2.13713713713714 0.0796669225733411
2.14214214214214 0.0804376456937518
2.14714714714715 0.0812151670573013
2.15215215215215 0.0819995338632083
2.15715715715716 0.0827907933890744
2.16216216216216 0.0835889929854791
2.16716716716717 0.084394180070453
2.17217217217217 0.0852064021238278
2.17717717717718 0.0860257066814612
2.18218218218218 0.0868521413293375
2.18718718718719 0.087685753697541
2.19219219219219 0.0885265914541012
2.1971971971972 0.0893747022987108
2.2022022022022 0.0902301339563126
2.20720720720721 0.0910929341705567
2.21221221221221 0.0919631506971256
2.21721721721722 0.0928408312969267
2.22222222222222 0.0937260237291521
2.22722722722723 0.094618775744203
2.23223223223223 0.09551913507648
2.23723723723724 0.0964271494370363
2.24224224224224 0.0973428665060957
2.24724724724725 0.0982663339254319
2.25225225225225 0.0991975992906099
2.25725725725726 0.100136710143089
2.26226226226226 0.101083713962188
2.26726726726727 0.102038658156904
2.27227227227227 0.103001590057601
2.27727727727728 0.103972556907549
2.28228228228228 0.104951605854326
2.28728728728729 0.105938783941076
2.29229229229229 0.106934138097626
2.2972972972973 0.107937715131462
2.3023023023023 0.10894956171856
2.30730730730731 0.109969724394076
2.31231231231231 0.110998249542894
2.31731731731732 0.112035183390025
2.32232232232232 0.113080571990874
2.32732732732733 0.114134461221355
2.33233233233233 0.115196896767867
2.33733733733734 0.116267924117127
2.34234234234234 0.117347588545861
2.34734734734735 0.118435935110357
2.35235235235235 0.119533008635867
2.35735735735736 0.120638853705877
2.36236236236236 0.121753514651235
2.36736736736737 0.122877035539138
2.37237237237237 0.124009460161979
2.37737737737738 0.125150832026056
2.38238238238238 0.12630119434015
2.38738738738739 0.127460590003957
2.39239239239239 0.12862906159639
2.3973973973974 0.12980665136375
2.4024024024024 0.130993401207758
2.40740740740741 0.132189352673456
2.41241241241241 0.133394546936985
2.41741741741742 0.134609024793227
2.42242242242242 0.135832826643321
2.42742742742743 0.137065992482058
2.43243243243243 0.138308561885149
2.43743743743744 0.13956057399637
2.44244244244244 0.140822067514591
2.44744744744745 0.142093080680688
2.45245245245245 0.143373651264334
2.45745745745746 0.144663816550684
2.46246246246246 0.145963613326944
2.46746746746747 0.147273077868834
2.47247247247247 0.14859224592695
2.47747747747748 0.149921152713013
2.48248248248248 0.151259832886027
2.48748748748749 0.15260832053834
2.49249249249249 0.153966649181606
2.4974974974975 0.15533485173266
2.5025025025025 0.156712960499304
2.50750750750751 0.158101007166014
2.51251251251251 0.159499022779559
2.51751751751752 0.160907037734551
2.52252252252252 0.162325081758916
2.52752752752753 0.163753183899304
2.53253253253253 0.165191372506423
2.53753753753754 0.166639675220325
2.54254254254254 0.168098118955625
2.54754754754755 0.169566729886676
2.55255255255255 0.171045533432692
2.55755755755756 0.172534554242829
2.56256256256256 0.174033816181229
2.56756756756757 0.175543342312032
2.57257257257257 0.177063154884358
2.57757757757758 0.178593275317265
2.58258258258258 0.180133724184693
2.58758758758759 0.181684521200392
2.59259259259259 0.18324568520285
2.5975975975976 0.184817234140207
2.6026026026026 0.186399185055188
2.60760760760761 0.18799155407004
2.61261261261261 0.189594356371481
2.61761761761762 0.19120760619568
2.62262262262262 0.192831316813261
2.62762762762763 0.194465500514345
2.63263263263263 0.196110168593627
2.63763763763764 0.19776533133551
2.64264264264264 0.199430997999288
2.64764764764765 0.201107176804392
2.65265265265265 0.202793874915705
2.65765765765766 0.20449109842895
2.66266266266266 0.206198852356163
2.66766766766767 0.207917140611258
2.67267267267267 0.209645965995678
2.67767767767768 0.211385330184165
2.68268268268268 0.213135233710631
2.68768768768769 0.21489567595415
2.69269269269269 0.216666655125083
2.6976976976977 0.218448168251325
2.7027027027027 0.22024021116471
2.70770770770771 0.22204277848755
2.71271271271271 0.223855863619346
2.71771771771772 0.225679458723654
2.72272272272272 0.227513554715131
2.72772772772773 0.22935814124676
2.73273273273273 0.231213206697267
2.73773773773774 0.233078738158736
2.74274274274274 0.234954721424429
2.74774774774775 0.236841140976821
2.75275275275275 0.238737979975857
2.75775775775776 0.240645220247445
2.76276276276276 0.242562842272183
2.76776776776777 0.244490825174336
2.77277277277277 0.246429146711068
2.77777777777778 0.248377783261943
2.78278278278278 0.250336709818691
2.78778778778779 0.252305899975265
2.79279279279279 0.254285325918176
2.7977977977978 0.256274958417138
2.8028028028028 0.258274766816011
2.80780780780781 0.260284719024059
2.81281281281281 0.262304781507534
2.81781781781782 0.264334919281587
2.82282282282282 0.266375095902523
2.82782782782783 0.268425273460395
2.83283283283283 0.27048541257196
2.83783783783784 0.272555472373992
2.84284284284284 0.274635410516973
2.84784784784785 0.276725183159152
2.85285285285285 0.278824744960998
2.85785785785786 0.280934049080043
2.86286286286286 0.283053047166125
2.86786786786787 0.285181689357043
2.87287287287287 0.287319924274621
2.87787787787788 0.2894676990212
2.88288288288288 0.291624959176557
2.88788788788789 0.293791648795255
2.89289289289289 0.295967710404448
2.8978978978979 0.298153085002119
2.9029029029029 0.300347712055785
2.90790790790791 0.30255152950166
2.91291291291291 0.30476447374428
2.91791791791792 0.306986479656609
2.92292292292292 0.309217480580618
2.92792792792793 0.31145740832835
2.93293293293293 0.313706193183471
2.93793793793794 0.315963763903315
2.94294294294294 0.318230047721433
2.94794794794795 0.320504970350637
2.95295295295295 0.322788455986552
2.95795795795796 0.325080427311685
2.96296296296296 0.327380805499999
2.96796796796797 0.329689510222014
2.97297297297297 0.33200645965042
2.97797797797798 0.334331570466222
2.98298298298298 0.336664757865405
2.98798798798799 0.339005935566133
2.99299299299299 0.341355015816472
2.997997997998 0.343711909402651
3.003003003003 0.346076525657857
3.00800800800801 0.348448772471561
3.01301301301301 0.350828556299382
3.01801801801802 0.353215782173486
3.02302302302302 0.355610353713525
3.02802802802803 0.358012173138109
3.03303303303303 0.360421141276813
3.03803803803804 0.362837157582723
3.04304304304304 0.365260120145514
3.04804804804805 0.367689925705055
3.05305305305305 0.370126469665558
3.05805805805806 0.372569646110241
3.06306306306306 0.375019347816529
3.06806806806807 0.377475466271767
3.07307307307307 0.379937891689465
3.07807807807808 0.38240651302605
3.08308308308308 0.384881217998139
3.08808808808809 0.38736189310031
3.09309309309309 0.389848423623393
3.0980980980981 0.392340693673241
3.1031031031031 0.394838586190012
3.10810810810811 0.397341982967932
3.11311311311311 0.39985076467554
3.11811811811812 0.402364810876411
3.12312312312312 0.404884000050349
3.12812812812813 0.407408209615046
3.13313313313313 0.409937315948187
3.13813813813814 0.412471194410018
3.14314314314314 0.415009719366341
3.14814814814815 0.417552764211948
3.15315315315315 0.420100201394476
3.15815815815816 0.422651902438683
3.16316316316316 0.425207737971118
3.16816816816817 0.427767577745197
3.17317317317317 0.430331290666667
3.17817817817818 0.432898744819432
3.18318318318318 0.435469807491768
3.18818818818819 0.438044345202869
3.19319319319319 0.440622223729759
3.1981981981982 0.443203308134524
3.2032032032032 0.445787462791873
3.20820820820821 0.448374551417007
3.21321321321321 0.450964437093787
3.21821821821822 0.45355698230319
3.22322322322322 0.456152048952042
3.22822822822823 0.458749498402004
3.23323323323323 0.461349191498819
3.23823823823824 0.463950988601787
3.24324324324324 0.466554749613465
3.24824824824825 0.469160334009582
3.25325325325325 0.471767600869142
3.25825825825826 0.474376408904718
3.26326326326326 0.476986616492908
3.26826826826827 0.479598081704957
3.27327327327327 0.482210662337503
3.27827827827828 0.484824215943472
3.28328328328328 0.487438599863067
3.28828828828829 0.490053671254868
3.29329329329329 0.492669287127007
3.2982982982983 0.495285304368424
3.3033033033033 0.49790157978017
3.30830830830831 0.500517970106749
3.31331331331331 0.503134332067497
3.31831831831832 0.505750522387963
3.32332332332332 0.50836639783129
3.32832832832833 0.51098181522958
3.33333333333333 0.513596631515224
3.33833833833834 0.516210703752193
3.34334334334334 0.518823889167251
3.34834834834835 0.521436045181115
3.35335335335335 0.524047029439505
3.35835835835836 0.526656699844101
3.36336336336336 0.529264914583379
3.36836836836837 0.531871532163311
3.37337337337337 0.534476411437921
3.37837837837838 0.53707941163968
3.38338338338338 0.539680392409726
3.38838838838839 0.542279213827894
3.39339339339339 0.544875736442546
3.3983983983984 0.547469821300187
3.4034034034034 0.550061329974847
3.40840840840841 0.552650124597228
3.41341341341341 0.555236067883595
3.41841841841842 0.557819023164393
3.42342342342342 0.560398854412599
3.42842842842843 0.562975426271764
3.43343343343343 0.565548604083772
3.43843843843844 0.568118253916261
3.44344344344344 0.57068424258974
3.44844844844845 0.573246437704348
3.45345345345345 0.575804707666279
3.45845845845846 0.578358921713836
3.46346346346346 0.580908949943122
3.46846846846847 0.583454663333346
3.47347347347347 0.585995933771743
3.47847847847848 0.588532634078088
3.48348348348348 0.591064638028807
3.48848848848849 0.593591820380662
3.49349349349349 0.596114056894021
3.4984984984985 0.598631224355676
3.5035035035035 0.601143200601232
3.50850850850851 0.60364986453704
3.51351351351351 0.606151096161667
3.51851851851852 0.608646776586905
3.52352352352352 0.611136788058305
3.52852852852853 0.613621013975237
3.53353353353353 0.616099338910458
3.53853853853854 0.618571648629189
3.54354354354354 0.621037830107709
3.54854854854855 0.623497771551425
3.55355355355355 0.62595136241246
3.55855855855856 0.628398493406711
3.56356356356356 0.630839056530406
3.56856856856857 0.633272945076135
3.57357357357357 0.635700053648363
3.57857857857858 0.63812027817842
3.58358358358358 0.640533515938956
3.58858858858859 0.642939665557878
3.59359359359359 0.645338627031746
3.5985985985986 0.647730301738639
3.6036036036036 0.650114592450492
3.60860860860861 0.652491403344886
3.61361361361361 0.654860640016312
3.61861861861862 0.657222209486897
3.62362362362362 0.659576020216586
3.62862862862863 0.6619219821128
3.63363363363363 0.664260006539548
3.63863863863864 0.666590006326009
3.64364364364364 0.668911895774581
3.64864864864865 0.6712255906684
3.65365365365365 0.67353100827832
3.65865865865866 0.675828067369379
3.66366366366366 0.678116688206728
3.66866866866867 0.680396792561044
3.67367367367367 0.68266830371342
3.67867867867868 0.68493114645974
3.68368368368368 0.687185247114541
3.68868868868869 0.689430533514366
3.69369369369369 0.691666935020611
3.6986986986987 0.69389438252187
3.7037037037037 0.696112808435788
3.70870870870871 0.69832214671042
3.71371371371371 0.700522332825098
3.71871871871872 0.702713303790828
3.72372372372372 0.704894998150197
3.72872872872873 0.707067355976824
3.73373373373373 0.709230318874332
3.73873873873874 0.711383829974875
3.74374374374374 0.713527833937198
3.74874874874875 0.715662276944265
3.75375375375375 0.717787106700432
3.75875875875876 0.719902272428206
3.76376376376376 0.722007724864556
3.76876876876877 0.72410341625682
3.77377377377377 0.726189300358196
3.77877877877878 0.728265332422825
3.78378378378378 0.730331469200474
3.78878878878879 0.732387668930842
3.79379379379379 0.734433891337464
3.7987987987988 0.736470097621254
3.8038038038038 0.738496250453678
3.80880880880881 0.740512313969561
3.81381381381381 0.742518253759549
3.81881881881882 0.74451403686223
3.82382382382382 0.746499631755906
3.82882882882883 0.748475008350053
3.83383383383383 0.750440137976453
3.83883883883884 0.752394993380018
3.84384384384384 0.754339548709308
3.84884884884885 0.756273779506759
3.85385385385385 0.758197662698622
3.85885885885886 0.760111176584623
3.86386386386386 0.762014300827356
3.86886886886887 0.763907016441414
3.87387387387387 0.765789305782267
3.87887887887888 0.767661152534893
3.88388388388388 0.769522541702178
3.88888888888889 0.771373459593082
3.89389389389389 0.773213893810592
3.8988988988989 0.775043833239456
3.9039039039039 0.776863268033723
3.90890890890891 0.778672189604076
3.91391391391391 0.780470590604992
3.91891891891892 0.782258464921711
3.92392392392392 0.784035807657045
3.92892892892893 0.785802615118013
3.93393393393393 0.787558884802333
3.93893893893894 0.789304615384757
3.94394394394394 0.791039806703274
3.94894894894895 0.792764459745179
3.95395395395395 0.794478576633017
3.95895895895896 0.796182160610411
3.96396396396396 0.797875216027788
3.96896896896897 0.799557748327991
3.97397397397397 0.80122976403181
3.97897897897898 0.802891270723417
3.98398398398398 0.804542277035728
3.98898898898899 0.806182792635686
3.99399399399399 0.807812828209487
3.998998998999 0.809432395447736
4.004004004004 0.811041507030561
4.00900900900901 0.812640176612676
4.01401401401401 0.814228418808405
4.01901901901902 0.815806249176681
4.02402402402402 0.817373684206003
4.02902902902903 0.818930741299391
4.03403403403403 0.820477438759312
4.03903903903904 0.822013795772609
4.04404404404404 0.82353983239542
4.04904904904905 0.825055569538102
4.05405405405405 0.826561028950169
4.05905905905906 0.828056233205238
4.06406406406406 0.829541205685996
4.06906906906907 0.831015970569196
4.07407407407407 0.832480552810679
4.07907907907908 0.833934978130428
4.08408408408408 0.835379272997674
4.08908908908909 0.836813464616033
4.09409409409409 0.838237580908698
4.0990990990991 0.839651650503687
4.1041041041041 0.840947562375688
4.10910910910911 0.841804264403402
4.11411411411411 0.842657215358828
4.11911911911912 0.843506422366923
4.12412412412412 0.844351892643821
4.12912912912913 0.845193633495579
4.13413413413413 0.846031652316933
4.13913913913914 0.846865956590053
4.14414414414414 0.847696553883299
4.14914914914915 0.848523451849992
4.15415415415415 0.84934665822718
4.15915915915916 0.850166180834411
4.16416416416416 0.850982027572517
4.16916916916917 0.851794206422391
4.17417417417417 0.85260272544378
4.17917917917918 0.853407592774078
4.18418418418418 0.854208816627125
4.18918918918919 0.85500640529201
4.19419419419419 0.855800367131884
4.1991991991992 0.856590710582772
4.2042042042042 0.857377444152396
4.20920920920921 0.858160576418999
4.21421421421421 0.858940116030181
4.21921921921922 0.859716071701731
4.22422422422422 0.860488452216479
4.22922922922923 0.861257266423139
4.23423423423423 0.862022523235169
4.23923923923924 0.862784231629632
4.24424424424424 0.863542400646062
4.24924924924925 0.864297039385345
4.25425425425425 0.865048157008592
4.25925925925926 0.865795762736034
4.26426426426426 0.866539865845909
4.26926926926927 0.867280475673368
4.27427427427427 0.868017601609379
4.27927927927928 0.868751253099643
4.28428428428428 0.869481439643512
4.28928928928929 0.870208170792917
4.29429429429429 0.870931456151303
4.2992992992993 0.871651305372572
4.3043043043043 0.872367728160024
4.30930930930931 0.873080734265319
4.31431431431431 0.873790333487436
4.31931931931932 0.874496535671641
4.32432432432432 0.875199350708464
4.32932932932933 0.875898788532685
4.33433433433433 0.876594859122318
4.33933933933934 0.877287572497615
4.34434434434434 0.877976938720067
4.34934934934935 0.878662967891418
4.35435435435435 0.879345670152682
4.35935935935936 0.880025055683173
4.36436436436436 0.880701134699538
4.36936936936937 0.881373917454797
4.37437437437437 0.882043414237394
4.37937937937938 0.882709635370253
4.38438438438438 0.883372591209838
4.38938938938939 0.884032292145234
4.39439439439439 0.884688748597214
4.3993993993994 0.885341971017333
4.4044044044044 0.885991969887022
4.40940940940941 0.886638755716684
4.41441441441441 0.887282339044808
4.41941941941942 0.887922730437085
4.42442442442442 0.88855994048553
4.42942942942943 0.889193979807614
4.43443443443443 0.889824859045407
4.43943943943944 0.890452588864719
4.44444444444444 0.891077179954259
4.44944944944945 0.891698643024798
4.45445445445445 0.892316988808333
4.45945945945946 0.892932228057269
4.46446446446446 0.893544371543606
4.46946946946947 0.894153430058123
4.47447447447447 0.894759414409589
4.47947947947948 0.895362335423962
4.48448448448448 0.895962203943608
4.48948948948949 0.896559030826526
4.49449449449449 0.897152826945573
4.4994994994995 0.897743603187707
4.5045045045045 0.898331370453231
4.50950950950951 0.898916139655044
4.51451451451451 0.899497921717907
4.51951951951952 0.900076727577704
4.52452452452452 0.900652568180725
4.52952952952953 0.901225454482944
4.53453453453453 0.901795397449311
4.53953953953954 0.902362408053051
4.54454454454454 0.902926497274971
4.54954954954955 0.903487676102767
4.55455455455455 0.904045955530353
4.55955955955956 0.90460134655718
4.56456456456456 0.90515386018758
4.56956956956957 0.9057035074301
4.57457457457457 0.906250299296856
4.57957957957958 0.906794246802892
4.58458458458458 0.907335360965539
4.58958958958959 0.907873652803792
4.59459459459459 0.908409133337684
4.5995995995996 0.908941813587676
4.6046046046046 0.909471704574048
4.60960960960961 0.909998817316298
4.61461461461461 0.910523162832553
4.61961961961962 0.91104475213898
4.62462462462462 0.91156359624921
4.62962962962963 0.912079706173763
4.63463463463463 0.912593092919489
4.63963963963964 0.913103767489003
4.64464464464464 0.913611740880143
4.64964964964965 0.914117024085419
4.65465465465465 0.914619628091478
4.65965965965966 0.915119563878578
4.66466466466466 0.915616842420057
4.66966966966967 0.916111474681824
4.67467467467467 0.916603471621845
4.67967967967968 0.91709284418964
4.68468468468468 0.917579603325787
4.68968968968969 0.918063759961434
4.69469469469469 0.918545325017813
4.6996996996997 0.919024309405762
4.7047047047047 0.919500724025259
4.70970970970971 0.919974579764955
4.71471471471471 0.920445887501719
4.71971971971972 0.920914658100182
4.72472472472472 0.921380902412298
4.72972972972973 0.921844631276902
4.73473473473473 0.92230585551928
4.73973973973974 0.922764585950741
4.74474474474474 0.923220833368199
4.74974974974975 0.923674608553758
4.75475475475475 0.924125922274305
4.75975975975976 0.924574785281109
4.76476476476476 0.925021208309426
4.76976976976977 0.925465202078107
4.77477477477477 0.925906777289217
4.77977977977978 0.926345944627659
4.78478478478478 0.926782714760795
4.78978978978979 0.927217098338089
4.79479479479479 0.927649105990741
4.7997997997998 0.928078748331336
4.8048048048048 0.92850603595349
4.80980980980981 0.928930979431514
4.81481481481481 0.929353589320072
4.81981981981982 0.929773876153847
4.82482482482482 0.930191850447222
4.82982982982983 0.930607522693952
4.83483483483483 0.931020903366851
4.83983983983984 0.931432002917482
4.84484484484484 0.931840831775853
4.84984984984985 0.932247400350114
4.85485485485485 0.932651719026267
4.85985985985986 0.933053798167875
4.86486486486486 0.933453648115779
4.86986986986987 0.933851279187817
4.87487487487487 0.934246701678553
4.87987987987988 0.934639925859005
4.88488488488488 0.935030961976388
4.88988988988989 0.935419820253846
4.89489489489489 0.935806510890206
4.8998998998999 0.936191044059726
4.9049049049049 0.936573429911851
4.90990990990991 0.936953678570974
4.91491491491491 0.937331800136201
4.91991991991992 0.937707804681121
4.92492492492492 0.938081702253583
4.92992992992993 0.938453502875472
4.93493493493493 0.938823216542495
4.93993993993994 0.93919085322397
4.94494494494494 0.939556422862618
4.94994994994995 0.939919935374359
4.95495495495495 0.940281400648118
4.95995995995996 0.940640828545625
4.96496496496496 0.940998228901232
4.96996996996997 0.941353611521724
4.97497497497497 0.941706986186138
4.97997997997998 0.942058362645587
4.98498498498498 0.942407750623087
4.98998998998999 0.942755159813389
4.99499499499499 0.943100599882814
5 0.943444080469091
