0 0.302482542602825
0.005005005005005 0.302852198562148
0.01001001001001 0.303222109886652
0.015015015015015 0.303592276273106
0.02002002002002 0.303962697417077
0.025025025025025 0.304333373012933
0.03003003003003 0.304704302753839
0.035035035035035 0.305075486331759
0.04004004004004 0.305446923437459
0.045045045045045 0.3058186137605
0.05005005005005 0.306190556989245
0.0550550550550551 0.306562752810855
0.0600600600600601 0.306935200911292
0.0650650650650651 0.307307900975318
0.0700700700700701 0.307680852686492
0.0750750750750751 0.308054055727177
0.0800800800800801 0.308427509778532
0.0850850850850851 0.308801214520522
0.0900900900900901 0.309175169631907
0.0950950950950951 0.309549374790251
0.1001001001001 0.309923829671919
0.105105105105105 0.310298533952076
0.11011011011011 0.31067348730469
0.115115115115115 0.311048689402532
0.12012012012012 0.311424139917171
0.125125125125125 0.311799838518982
0.13013013013013 0.312175784877142
0.135135135135135 0.312551978659631
0.14014014014014 0.312928419533231
0.145145145145145 0.31330510716353
0.15015015015015 0.313682041214918
0.155155155155155 0.314059221350591
0.16016016016016 0.314436647232548
0.165165165165165 0.314814318521595
0.17017017017017 0.315192234877341
0.175175175175175 0.315570395958204
0.18018018018018 0.315948801421406
0.185185185185185 0.316327450922976
0.19019019019019 0.316706344117751
0.195195195195195 0.317085480659375
0.2002002002002 0.3174648602003
0.205205205205205 0.317844482391787
0.21021021021021 0.318224346883904
0.215215215215215 0.318604453325532
0.22022022022022 0.318984801364358
0.225225225225225 0.319365390646883
0.23023023023023 0.319746220818415
0.235235235235235 0.320127291523078
0.24024024024024 0.320508602403804
0.245245245245245 0.320890153102341
0.25025025025025 0.321271943259246
0.255255255255255 0.321653972513894
0.26026026026026 0.322036240504472
0.265265265265265 0.322418746867981
0.27027027027027 0.322801491240241
0.275275275275275 0.323184473255884
0.28028028028028 0.32356769254836
0.285285285285285 0.323951148749939
0.29029029029029 0.324334841491706
0.295295295295295 0.324718770403566
0.3003003003003 0.325102935114241
0.305305305305305 0.325487335251278
0.31031031031031 0.32587197044104
0.315315315315315 0.326256840308713
0.32032032032032 0.326641944478307
0.325325325325325 0.327027282572652
0.33033033033033 0.327412854213403
0.335335335335335 0.32779865902104
0.34034034034034 0.328184696614867
0.345345345345345 0.328570966613015
0.35035035035035 0.328957468632441
0.355355355355355 0.329344202288931
0.36036036036036 0.329731167197096
0.365365365365365 0.330118362970379
0.37037037037037 0.330505789221054
0.375375375375375 0.330893445560222
0.38038038038038 0.33128133159782
0.385385385385385 0.331669446942614
0.39039039039039 0.332057791202205
0.395395395395395 0.33244636398303
0.4004004004004 0.332835164890358
0.405405405405405 0.333224193528297
0.41041041041041 0.33361344949979
0.415415415415415 0.33400293240662
0.42042042042042 0.334392641849408
0.425425425425425 0.334782577427614
0.43043043043043 0.335172738739542
0.435435435435435 0.335563125382333
0.44044044044044 0.335953736951977
0.445445445445445 0.336344573043303
0.45045045045045 0.336735633249987
0.455455455455455 0.337126917164552
0.46046046046046 0.337518424378365
0.465465465465465 0.337910154481645
0.47047047047047 0.338302107063456
0.475475475475475 0.338694281711717
0.48048048048048 0.339086678013193
0.485485485485485 0.339479295553506
0.49049049049049 0.33987213391713
0.495495495495495 0.340265192687392
0.500500500500501 0.340658471446478
0.505505505505506 0.341051969775428
0.510510510510511 0.341445687254143
0.515515515515516 0.34183962346138
0.520520520520521 0.342233777974759
0.525525525525526 0.342628150370761
0.530530530530531 0.343022740224731
0.535535535535536 0.343417547110876
0.540540540540541 0.343812570602269
0.545545545545546 0.344207810270851
0.550550550550551 0.344603265687429
0.555555555555556 0.344998936421681
0.560560560560561 0.345394822042155
0.565565565565566 0.345790922116268
0.570570570570571 0.346187236210315
0.575575575575576 0.34658376388946
0.580580580580581 0.346980504717747
0.585585585585586 0.347377458258095
0.590590590590591 0.347774624072301
0.595595595595596 0.348172001721042
0.600600600600601 0.348569590763877
0.605605605605606 0.348967390759247
0.610610610610611 0.349365401264477
0.615615615615616 0.349763621835776
0.620620620620621 0.350162052028241
0.625625625625626 0.350560691395857
0.630630630630631 0.350959539491499
0.635635635635636 0.351358595866932
0.640640640640641 0.351757860072814
0.645645645645646 0.352157331658697
0.650650650650651 0.352557010173028
0.655655655655656 0.352956895163152
0.660660660660661 0.353356986175312
0.665665665665666 0.35375728275465
0.670670670670671 0.354157784445212
0.675675675675676 0.354558490789945
0.680680680680681 0.354959401330701
0.685685685685686 0.355360515608239
0.690690690690691 0.355761833162225
0.695695695695696 0.356163353531236
0.700700700700701 0.356565076252757
0.705705705705706 0.356967000863189
0.710710710710711 0.357369126897846
0.715715715715716 0.357771453890958
0.720720720720721 0.358173981375671
0.725725725725726 0.358576708884053
0.730730730730731 0.358979635947092
0.735735735735736 0.359382762094697
0.740740740740741 0.359786086855704
0.745745745745746 0.360189609757873
0.750750750750751 0.360593330327893
0.755755755755756 0.360997248091382
0.760760760760761 0.361401362572889
0.765765765765766 0.361805673295897
0.770770770770771 0.362210179782824
0.775775775775776 0.362614881555022
0.780780780780781 0.363019778132784
0.785785785785786 0.363424869035344
0.790790790790791 0.363830153780874
0.795795795795796 0.364235631886495
0.800800800800801 0.364641302868269
0.805805805805806 0.365047166241209
0.810810810810811 0.365453221519276
0.815815815815816 0.365859468215382
0.820820820820821 0.366265905841393
0.825825825825826 0.366672533908129
0.830830830830831 0.367079351925369
0.835835835835836 0.367486359401849
0.840840840840841 0.367893555845266
0.845845845845846 0.368300940762282
0.850850850850851 0.368708513658521
0.855855855855856 0.369116274038576
0.860860860860861 0.369524221406008
0.865865865865866 0.369932355263347
0.870870870870871 0.370340675112097
0.875875875875876 0.37074918045274
0.880880880880881 0.371157870784729
0.885885885885886 0.371566745606499
0.890890890890891 0.371975804415467
0.895895895895896 0.37238504670803
0.900900900900901 0.372794471979573
0.905905905905906 0.373204079724465
0.910910910910911 0.373613869436068
0.915915915915916 0.374023840606731
0.920920920920921 0.374433992727799
0.925925925925926 0.374844325289614
0.930930930930931 0.375254837781512
0.935935935935936 0.375665529691832
0.940940940940941 0.376076400507913
0.945945945945946 0.3764874497161
0.950950950950951 0.376898676801743
0.955955955955956 0.377310081249201
0.960960960960961 0.377721662541844
0.965965965965966 0.378133420162055
0.970970970970971 0.378545353591233
0.975975975975976 0.378957462309792
0.980980980980981 0.379369745797169
0.985985985985986 0.379782203531822
0.990990990990991 0.380194834991232
0.995995995995996 0.380607639651907
1.001001001001 0.381020616989386
1.00600600600601 0.381433766478236
1.01101101101101 0.381847087592061
1.01601601601602 0.382260579803498
1.02102102102102 0.382674242584224
1.02602602602603 0.383088075404957
1.03103103103103 0.383502077735454
1.03603603603604 0.383916249044523
1.04104104104104 0.384330588800017
1.04604604604605 0.384745096468837
1.05105105105105 0.385159771516941
1.05605605605606 0.385574613409339
1.06106106106106 0.385989621610099
1.06606606606607 0.386404795582349
1.07107107107107 0.386820134788279
1.07607607607608 0.387235638689144
1.08108108108108 0.387651306745267
1.08608608608609 0.38806713841604
1.09109109109109 0.388483133159928
1.0960960960961 0.388899290434468
1.1011011011011 0.389315609696278
1.10610610610611 0.389732090401053
1.11111111111111 0.390148732003573
1.11611611611612 0.3905655339577
1.12112112112112 0.390982495716387
1.12612612612613 0.391399616731672
1.13113113113113 0.39181689645469
1.13613613613614 0.392234334335671
1.14114114114114 0.39265192982394
1.14614614614615 0.393069682367925
1.15115115115115 0.393487591415155
1.15615615615616 0.393905656412267
1.16116116116116 0.394323876805006
1.16616616616617 0.394742252038225
1.17117117117117 0.395160781555896
1.17617617617618 0.395579464801102
1.18118118118118 0.395998301216048
1.18618618618619 0.396417290242061
1.19119119119119 0.396836431319591
1.1961961961962 0.397255723888217
1.2012012012012 0.397675167386646
1.20620620620621 0.398094761252719
1.21121121121121 0.398514504923413
1.21621621621622 0.39893439783484
1.22122122122122 0.399354439422257
1.22622622622623 0.399774629120064
1.23123123123123 0.400194966361804
1.23623623623624 0.400615450580174
1.24124124124124 0.401036081207021
1.24624624624625 0.401456857673346
1.25125125125125 0.401877779409311
1.25625625625626 0.402298845844235
1.26126126126126 0.402720056406604
1.26626626626627 0.403141410524067
1.27127127127127 0.403562907623445
1.27627627627628 0.40398454713073
1.28128128128128 0.40440632847109
1.28628628628629 0.40482825106887
1.29129129129129 0.405250314347595
1.2962962962963 0.405672517729977
1.3013013013013 0.406094860637912
1.30630630630631 0.406517342492485
1.31131131131131 0.406939962713978
1.31631631631632 0.407362720721864
1.32132132132132 0.407785615934816
1.32632632632633 0.408208647770711
1.33133133133133 0.408631815646627
1.33633633633634 0.409055118978851
1.34134134134134 0.409478557182882
1.34634634634635 0.40990212967343
1.35135135135135 0.410325835864425
1.35635635635636 0.410749675169013
1.36136136136136 0.411173646999565
1.36636636636637 0.411597750767678
1.37137137137137 0.412021985884176
1.37637637637638 0.412446351759117
1.38138138138138 0.412870847801794
1.38638638638639 0.413295473420735
1.39139139139139 0.413720228023714
1.3963963963964 0.414145111017747
1.4014014014014 0.414570121809096
1.40640640640641 0.414995259803275
1.41141141141141 0.415420524405054
1.41641641641642 0.415845915018457
1.42142142142142 0.416271431046768
1.42642642642643 0.416697071892536
1.43143143143143 0.417122836957576
1.43643643643644 0.417548725642972
1.44144144144144 0.417974737349081
1.44644644644645 0.418400871475538
1.45145145145145 0.418827127421253
1.45645645645646 0.419253504584422
1.46146146146146 0.419680002362527
1.46646646646647 0.420106620152336
1.47147147147147 0.420533357349912
1.47647647647648 0.420960213350612
1.48148148148148 0.421387187549093
1.48648648648649 0.421814279339312
1.49149149149149 0.422241488114534
1.4964964964965 0.42266881326733
1.5015015015015 0.423096254189586
1.50650650650651 0.423523810272499
1.51151151151151 0.423951480906588
1.51651651651652 0.424379265481693
1.52152152152152 0.424807163386979
1.52652652652653 0.42523517401094
1.53153153153153 0.425663296741401
1.53653653653654 0.426091530965523
1.54154154154154 0.426519876069806
1.54654654654655 0.426948331440091
1.55155155155155 0.427376896461565
1.55655655655656 0.427939793133233
1.56156156156156 0.429010499717299
1.56656656656657 0.430081871174242
1.57157157157157 0.431153897873382
1.57657657657658 0.432226570159722
1.58158158158158 0.433299878354284
1.58658658658659 0.434373812754447
1.59159159159159 0.435448363634286
1.5965965965966 0.436523521244917
1.6016016016016 0.437599275814837
1.60660660660661 0.43867561755027
1.61161161161161 0.439752536635517
1.61661661661662 0.440830023233301
1.62162162162162 0.44190806748512
1.62662662662663 0.442986659511601
1.63163163163163 0.444065789412849
1.63663663663664 0.445145447268805
1.64164164164164 0.446225623139606
1.64664664664665 0.447306307065938
1.65165165165165 0.4483874890694
1.65665665665666 0.449469159152867
1.66166166166166 0.45055130730085
1.66666666666667 0.451633923479859
1.67167167167167 0.452716997638777
1.67667667667668 0.45380051970922
1.68168168168168 0.454884479605907
1.68668668668669 0.455968867227034
1.69169169169169 0.457053672454642
1.6966966966967 0.458138885154993
1.7017017017017 0.45922449517894
1.70670670670671 0.460310492362305
1.71171171171171 0.461396866526257
1.71671671671672 0.462483607477686
1.72172172172172 0.463570705009583
1.72672672672673 0.464658148901424
1.73173173173173 0.465745928919544
1.73673673673674 0.466834034817527
1.74174174174174 0.467922456336582
1.74674674674675 0.469011183205932
1.75175175175175 0.470100205143196
1.75675675675676 0.471189511854777
1.76176176176176 0.47227909303625
1.76676676676677 0.473368938372746
1.77177177177177 0.474459037539345
1.77677677677678 0.475549380201462
1.78178178178178 0.47663995601524
1.78678678678679 0.477730754627937
1.79179179179179 0.478821765678324
1.7967967967968 0.479912978797072
1.8018018018018 0.481004383607147
1.80680680680681 0.482095969724204
1.81181181181181 0.483187726756982
1.81681681681682 0.484279644307695
1.82182182182182 0.485371711972434
1.82682682682683 0.486463919341557
1.83183183183183 0.487556256000086
1.83683683683684 0.488648711528108
1.84184184184184 0.489741275501169
1.84684684684685 0.49083393749067
1.85185185185185 0.491926687064268
1.85685685685686 0.493019513786274
1.86186186186186 0.494112407218049
1.86686686686687 0.495205356918406
1.87187187187187 0.496298352444004
1.87687687687688 0.497391383349754
1.88188188188188 0.498484439189211
1.88688688688689 0.499577509514978
1.89189189189189 0.500670583879106
1.8968968968969 0.501763651833489
1.9019019019019 0.502856702930267
1.90690690690691 0.503949726722225
1.91191191191191 0.50504271276319
1.91691691691692 0.506135650608436
1.92192192192192 0.507228529815075
1.92692692692693 0.508321339942464
1.93193193193193 0.509414070552597
1.93693693693694 0.510506711210511
1.94194194194194 0.511599251484678
1.94694694694695 0.512691680947404
1.95195195195195 0.513783989175231
1.95695695695696 0.514876165749331
1.96196196196196 0.515968200255903
1.96696696696697 0.517060082286572
1.97197197197197 0.518151801438782
1.97697697697698 0.519243347316195
1.98198198198198 0.520334709529085
1.98698698698699 0.52142587769473
1.99199199199199 0.522516841437813
1.996996996997 0.523607590390807
2.002002002002 0.524698114194375
2.00700700700701 0.525788402497758
2.01201201201201 0.52687844495917
2.01701701701702 0.527968231246184
2.02202202202202 0.529057751036127
2.02702702702703 0.530146994016467
2.03203203203203 0.531235949885203
2.03703703703704 0.532324608351249
2.04204204204204 0.533412959134824
2.04704704704705 0.534500991967838
2.05205205205205 0.535588696594276
2.05705705705706 0.53667606277058
2.06206206206206 0.537763080266036
2.06706706706707 0.538849738863154
2.07207207207207 0.539936028358046
2.07707707707708 0.541021938560809
2.08208208208208 0.542107459295906
2.08708708708709 0.543192580402537
2.09209209209209 0.54427729173502
2.0970970970971 0.545361583163164
2.1021021021021 0.546445444572646
2.10710710710711 0.547528865865377
2.11211211211211 0.548611836959881
2.11711711711712 0.549694347791661
2.12212212212212 0.550776388313566
2.12712712712713 0.551857948496163
2.13213213213213 0.552939018328097
2.13713713713714 0.554019587816461
2.14214214214214 0.555099646987154
2.14714714714715 0.556179185885247
2.15215215215215 0.557258194575339
2.15715715715716 0.558336663141917
2.16216216216216 0.559414581689713
2.16716716716717 0.560491940344059
2.17217217217217 0.561568729251239
2.17717717717718 0.562644938578845
2.18218218218218 0.563720558516122
2.18718718718719 0.56479557927432
2.19219219219219 0.565869991087039
2.1971971971972 0.566943784210575
2.2022022022022 0.568016948924262
2.20720720720721 0.569089475530818
2.21221221221221 0.570161354356676
2.21721721721722 0.571232575752329
2.22222222222222 0.572303130092664
2.22722722722723 0.573373007777296
2.23223223223223 0.574442199230897
2.23723723723724 0.57551069490353
2.24224224224224 0.576578485270977
2.24724724724725 0.577645560835061
2.25225225225225 0.578711912123976
2.25725725725726 0.579777529692604
2.26226226226226 0.580842404122838
2.26726726726727 0.581906526023897
2.27227227227227 0.582969886032647
2.27727727727728 0.584032474813907
2.28228228228228 0.58509428306077
2.28728728728729 0.586155301494902
2.29229229229229 0.587215520866859
2.2972972972973 0.588274931956385
2.3023023023023 0.589333525572717
2.30730730730731 0.590391292554887
2.31231231231231 0.591448223772018
2.31731731731732 0.59250431012362
2.32232232232232 0.593559542539888
2.32732732732733 0.594613911981984
2.33233233233233 0.595667409442338
2.33733733733734 0.596720025944923
2.34234234234234 0.597771752545548
2.34734734734735 0.598822580332135
2.35235235235235 0.599872500425001
2.35735735735736 0.600921503977133
2.36236236236236 0.601969582174464
2.36736736736737 0.603016726236144
2.37237237237237 0.60406292741481
2.37737737737738 0.605108176996855
2.38238238238238 0.60615246630269
2.38738738738739 0.607195786687007
2.39239239239239 0.608238129539038
2.3973973973974 0.609279486282815
2.4024024024024 0.61031984837742
2.40740740740741 0.611359207317242
2.41241241241241 0.61239755463222
2.41741741741742 0.613434881888096
2.42242242242242 0.614471180686655
2.42742742742743 0.615506442665968
2.43243243243243 0.616540659500632
2.43743743743744 0.617573822902004
2.44244244244244 0.618605924618434
2.44744744744745 0.6196369564355
2.45245245245245 0.620666910176231
2.45745745745746 0.621695777701337
2.46246246246246 0.622723550909429
2.46746746746747 0.62375022173724
2.47247247247247 0.624775782159842
2.47747747747748 0.625800224190861
2.48248248248248 0.626823539882689
2.48748748748749 0.627845721326693
2.49249249249249 0.628866760653422
2.4974974974975 0.629886650032808
2.5025025025025 0.63090538167437
2.50750750750751 0.631922947827412
2.51251251251251 0.632939340781215
2.51751751751752 0.633954552865235
2.52252252252252 0.634968576449287
2.52752752752753 0.635981403943734
2.53253253253253 0.636993027799674
2.53753753753754 0.638003440509117
2.54254254254254 0.639012634605165
2.54754754754755 0.64002060266219
2.55255255255255 0.641027337296003
2.55755755755756 0.642032831164028
2.56256256256256 0.643037076965464
2.56756756756757 0.644040067441454
2.57257257257257 0.645041795375245
2.57757757757758 0.646042253592347
2.58258258258258 0.647041434960687
2.58758758758759 0.648039332390765
2.59259259259259 0.649035938835801
2.5975975975976 0.650031247291883
2.6026026026026 0.651025250798115
2.60760760760761 0.652017942436753
2.61261261261261 0.653009315333347
2.61761761761762 0.653999362656877
2.62262262262262 0.654988077619886
2.62762762762763 0.655975453478606
2.63263263263263 0.656961483533093
2.63763763763764 0.657946161127344
2.64264264264264 0.658929479649423
2.64764764764765 0.659911432531579
2.65265265265265 0.66089201325036
2.65765765765766 0.661871215326729
2.66266266266266 0.662849032326173
2.66766766766767 0.663825457858808
2.67267267267267 0.664800485579486
2.67767767767768 0.6657741091879
2.68268268268268 0.666746322428674
2.68768768768769 0.667717119091469
2.69269269269269 0.668686493011067
2.6976976976977 0.66965443806747
2.7027027027027 0.670620948185982
2.70770770770771 0.671586017337295
2.71271271271271 0.672549639537572
2.71771771771772 0.673511808848525
2.72272272272272 0.674472519377493
2.72772772772773 0.675431765277513
2.73273273273273 0.676389540747394
2.73773773773774 0.677345840031783
2.74274274274274 0.678300657421231
2.74774774774775 0.679253987252256
2.75275275275275 0.6802058239074
2.75775775775776 0.681156161815291
2.76276276276276 0.682104995450692
2.76776776776777 0.683052319334558
2.77277277277277 0.683998128034079
2.77777777777778 0.684942416162732
2.78278278278278 0.685885178380319
2.78778778778779 0.686826409393012
2.79279279279279 0.687766103953389
2.7977977977978 0.68870425686047
2.8028028028028 0.689640862959749
2.80780780780781 0.690575917143225
2.81281281281281 0.691509414349428
2.81781781781782 0.692441349563447
2.82282282282282 0.693371717816948
2.82782782782783 0.694300514188196
2.83283283283283 0.695227733802072
2.83783783783784 0.696153371830085
2.84284284284284 0.697077423490389
2.84784784784785 0.697999884047784
2.85285285285285 0.698920748813731
2.85785785785786 0.69984001314635
2.86286286286286 0.700757672450427
2.86786786786787 0.701673722177406
2.87287287287287 0.702588157825391
2.87787787787788 0.703500974939141
2.88288288288288 0.704412169110054
2.88788788788789 0.705321735976165
2.89289289289289 0.706229671222127
2.8978978978979 0.707135970579198
2.9029029029029 0.708040629825218
2.90790790790791 0.708943644784595
2.91291291291291 0.709845011328278
2.91791791791792 0.710744725373732
2.92292292292292 0.711642782884908
2.92792792792793 0.712539179872218
2.93293293293293 0.713433912392498
2.93793793793794 0.714326976548973
2.94294294294294 0.715218368491223
2.94794794794795 0.716108084415142
2.95295295295295 0.716996120562893
2.95795795795796 0.717882473222868
2.96296296296296 0.718767138729641
2.96796796796797 0.719650113463917
2.97297297297297 0.720531393852484
2.97797797797798 0.721410976368158
2.98298298298298 0.722288857529728
2.98798798798799 0.723165033901899
2.99299299299299 0.724039502095232
2.997997997998 0.724912258766083
3.003003003003 0.725783300616539
3.00800800800801 0.726652624394349
3.01301301301301 0.727520226892862
3.01801801801802 0.72838610495095
3.02302302302302 0.729250255452942
3.02802802802803 0.730112675328543
3.03303303303303 0.730973361552765
3.03803803803804 0.731832311145842
3.04304304304304 0.732689521173155
3.04804804804805 0.733544988745144
3.05305305305305 0.734398711017231
3.05805805805806 0.735250685189726
3.06306306306306 0.736100908507743
3.06806806806807 0.736949378261112
3.07307307307307 0.737796091784282
3.07807807807808 0.738641046456228
3.08308308308308 0.739484239700361
3.08808808808809 0.740325668984423
3.09309309309309 0.741165331820391
3.0980980980981 0.742003225764376
3.1031031031031 0.742839348416519
3.10810810810811 0.743673697420889
3.11311311311311 0.744506270465371
3.11811811811812 0.745337065281563
3.12312312312312 0.746166079644664
3.12812812812813 0.746993311373361
3.13313313313313 0.747818758329719
3.13813813813814 0.748642418419061
3.14314314314314 0.749464289589858
3.14814814814815 0.750284369833605
3.15315315315315 0.751102657184703
3.15815815815816 0.751919149720339
3.16316316316316 0.75273384556036
3.16816816816817 0.753546742867153
3.17317317317317 0.754357839845511
3.17817817817818 0.755167134742516
3.18318318318318 0.7559746258474
3.18818818818819 0.75678031149142
3.19319319319319 0.757584190047726
3.1981981981982 0.758386259931225
3.2032032032032 0.759186519598445
3.20820820820821 0.759984967547403
3.21321321321321 0.760781602317465
3.21821821821822 0.761576422489206
3.22322322322322 0.762369426684271
3.22822822822823 0.763160613565234
3.23323323323323 0.76394998183545
3.23823823823824 0.764737530238919
3.24324324324324 0.765523257560132
3.24824824824825 0.76630716262393
3.25325325325325 0.767089244295352
3.25825825825826 0.767869501479488
3.26326326326326 0.768647933121329
3.26826826826827 0.769424538205611
3.27327327327327 0.770199315756669
3.27827827827828 0.770972264838275
3.28328328328328 0.771743384553491
3.28828828828829 0.772512674044505
3.29329329329329 0.77328013249248
3.2982982982983 0.774045759117391
3.3033033033033 0.774809553177868
3.30830830830831 0.775571513971036
3.31331331331331 0.776331640832351
3.31831831831832 0.777089933135439
3.32332332332332 0.777846390291932
3.32832832832833 0.778601011751304
3.33333333333333 0.779353797000707
3.33833833833834 0.780104745564801
3.34334334334334 0.780853857005588
3.34834834834835 0.781601130922248
3.35335335335335 0.782346566950963
3.35835835835836 0.783090164764752
3.36336336336336 0.783831924073301
3.36836836836837 0.784571844622785
3.37337337337337 0.785309926195705
3.37837837837838 0.786046168610707
3.38338338338338 0.786780571722412
3.38838838838839 0.787513135421239
3.39339339339339 0.788243859633233
3.3983983983984 0.788972744319887
3.4034034034034 0.789699789477963
3.40840840840841 0.790424995139319
3.41341341341341 0.791148361370727
3.41841841841842 0.791869888273696
3.42342342342342 0.792589575984293
3.42842842842843 0.793307424672962
3.43343343343343 0.794023434544343
3.43843843843844 0.794737605837093
3.44344344344344 0.7954499388237
3.44844844844845 0.796160433810305
3.45345345345345 0.796869091136518
3.45845845845846 0.797575911175233
3.46346346346346 0.798280894332446
3.46846846846847 0.798984041047068
3.47347347347347 0.799685351790744
3.47847847847848 0.800384827067664
3.48348348348348 0.801082467414382
3.48848848848849 0.801778273399622
3.49349349349349 0.802472245624101
3.4984984984985 0.803164384720334
3.5035035035035 0.803854691352452
3.50850850850851 0.804543166216011
3.51351351351351 0.805229810037807
3.51851851851852 0.805914623575684
3.52352352352352 0.806597607618349
3.52852852852853 0.807278762985181
3.53353353353353 0.807958090526042
3.53853853853854 0.808635591121088
3.54354354354354 0.809311265680578
3.54854854854855 0.809985115144686
3.55355355355355 0.810657140483309
3.55855855855856 0.811327342695878
3.56356356356356 0.811995722811166
3.56856856856857 0.8126622818871
3.57357357357357 0.813327021010564
3.57857857857858 0.813989941297215
3.58358358358358 0.814651043891288
3.58858858858859 0.815310329965404
3.59359359359359 0.815967800720381
3.5985985985986 0.81662345738504
3.6036036036036 0.817277301216016
3.60860860860861 0.817929333497563
3.61361361361361 0.818579555541363
3.61861861861862 0.819227968686338
3.62362362362362 0.819874574298454
3.62862862862863 0.820519373770527
3.63363363363363 0.82116236852204
3.63863863863864 0.82180355999894
3.64364364364364 0.822442949673455
3.64864864864865 0.823080539043896
3.65365365365365 0.823716329634471
3.65865865865866 0.824350322995086
3.66366366366366 0.824982520701162
3.66866866866867 0.825612924353435
3.67367367367367 0.826241535577769
3.67867867867868 0.826868356024965
3.68368368368368 0.827493387370568
3.68868868868869 0.828116631314675
3.69369369369369 0.828738089581748
3.6986986986987 0.829357763920419
3.7037037037037 0.829975656103299
3.70870870870871 0.830591767926792
3.71371371371371 0.8312061012109
3.71871871871872 0.831818657799035
3.72372372372372 0.832429439557829
3.72872872872873 0.833038448376944
3.73373373373373 0.833645686168881
3.73873873873874 0.834251154868794
3.74374374374374 0.834854856434297
3.74874874874875 0.835456792845279
3.75375375375375 0.836056966103713
3.75875875875876 0.836655378233469
3.76376376376376 0.837252031280123
3.76876876876877 0.837846927310775
3.77377377377377 0.838440068413858
3.77877877877878 0.839031456698949
3.78378378378378 0.839621094296586
3.78878878878879 0.840208983358083
3.79379379379379 0.840795126055337
3.7987987987988 0.84137952458065
3.8038038038038 0.841962181146537
3.80880880880881 0.842543097985548
3.81381381381381 0.843122277350077
3.81881881881882 0.843699721512182
3.82382382382382 0.8442754327634
3.82882882882883 0.844849413414561
3.83383383383383 0.84542166579561
3.83883883883884 0.845992192255421
3.84384384384384 0.846560995161616
3.84884884884885 0.847128076900383
3.85385385385385 0.847693439876293
3.85885885885886 0.848257086512125
3.86386386386386 0.848819019248678
3.86886886886887 0.849379240544596
3.87387387387387 0.849937752876188
3.87887887887888 0.850494558737249
3.88388388388388 0.851049660638879
3.88888888888889 0.851603061109309
3.89389389389389 0.852154762693722
3.8988988988989 0.852704767954074
3.9039039039039 0.853253079468921
3.90890890890891 0.853799699833243
3.91391391391391 0.854344631658263
3.91891891891892 0.854887877571282
3.92392392392392 0.855429440215495
3.92892892892893 0.855969322249823
3.93393393393393 0.856507526348738
3.93893893893894 0.857044055202093
3.94394394394394 0.857578911514945
3.94894894894895 0.858112098007387
3.95395395395395 0.858643617414378
3.95895895895896 0.85917347248557
3.96396396396396 0.859701665985139
3.96896896896897 0.860228200691618
3.97397397397397 0.860753079397726
3.97897897897898 0.861276304910201
3.98398398398398 0.861797880049632
3.98898898898899 0.862317807650296
3.99399399399399 0.862836090559985
3.998998998999 0.863352731639849
4.004004004004 0.863867733764222
4.00900900900901 0.864381099820468
4.01401401401401 0.864892832708807
4.01901901901902 0.865402935342162
4.02402402402402 0.865911410645988
4.02902902902903 0.866418261558118
4.03403403403403 0.866923491028597
4.03903903903904 0.867427102019523
4.04404404404404 0.867929097504889
4.04904904904905 0.868429480470422
4.05405405405405 0.868928253913426
4.05905905905906 0.869425420842624
4.06406406406406 0.869920984278002
4.06906906906907 0.87041494725065
4.07407407407407 0.87090731280261
4.07907907907908 0.871398083986721
4.08408408408408 0.871887263866461
4.08908908908909 0.872374855515796
4.09409409409409 0.87286086201903
4.0990990990991 0.873345286470649
4.1041041041041 0.87382813197517
4.10910910910911 0.874309401646991
4.11411411411411 0.874789098610245
4.11911911911912 0.875267225998644
4.12412412412412 0.875743786955335
4.12912912912913 0.87621878463275
4.13413413413413 0.876692222192462
4.13913913913914 0.877164102805035
4.14414414414414 0.87763442964988
4.14914914914915 0.878103205915111
4.15415415415415 0.8785704347974
4.15915915915916 0.879036119501835
4.16416416416416 0.879500263241772
4.16916916916917 0.879962869238702
4.17417417417417 0.880423940722102
4.17917917917918 0.880883480929297
4.18418418418418 0.881341493105323
4.18918918918919 0.881797980502785
4.19419419419419 0.882252946381718
4.1991991991992 0.882706394009453
4.2042042042042 0.883158326660478
4.20920920920921 0.8836087476163
4.21421421421421 0.884057660165316
4.21921921921922 0.884505067602671
4.22422422422422 0.88495097323013
4.22922922922923 0.885395380355943
4.23423423423423 0.885838292294712
4.23923923923924 0.886279712367258
4.24424424424424 0.886719643900497
4.24924924924925 0.887158090227303
4.25425425425425 0.88759505468638
4.25925925925926 0.888030540622136
4.26426426426426 0.888464551384556
4.26926926926927 0.888897090329071
4.27427427427427 0.889328160816434
4.27927927927928 0.889757766212596
4.28428428428428 0.890185909888577
4.28928928928929 0.89061259522035
4.29429429429429 0.891037825588708
4.2992992992993 0.891461604379148
4.3043043043043 0.89188393498175
4.30930930930931 0.892304820791052
4.31431431431431 0.892724265205931
4.31931931931932 0.893142271629487
4.32432432432432 0.89355884346892
4.32932932932933 0.893973984135416
4.33433433433433 0.894387697044026
4.33933933933934 0.894799985613553
4.34434434434434 0.895210853266436
4.34934934934935 0.895620303428631
4.35435435435435 0.896028339529505
4.35935935935936 0.896434965001716
4.36436436436436 0.8968401832811
4.36936936936937 0.897243997806567
4.37437437437437 0.897646412019981
4.37937937937938 0.898047429366054
4.38438438438438 0.898447053292237
4.38938938938939 0.898845287248611
4.39439439439439 0.899242134687775
4.3993993993994 0.899637599064746
4.4044044044044 0.900031683836847
4.40940940940941 0.9004243924636
4.41441441441441 0.900815728406628
4.41941941941942 0.901205695129545
4.42442442442442 0.901594296097852
4.42942942942943 0.90198153477884
4.43443443443443 0.90236741464148
4.43943943943944 0.902751939156328
4.44444444444444 0.903135111795424
4.44944944944945 0.903516936032186
4.45445445445445 0.903897415341321
4.45945945945946 0.904276553198716
4.46446446446446 0.904654353081349
4.46946946946947 0.905030818467187
4.47447447447447 0.905405952835093
4.47947947947948 0.905779759664726
4.48448448448448 0.906152242436453
4.48948948948949 0.90652340463125
4.49449449449449 0.90689324973061
4.4994994994995 0.90726178121645
4.5045045045045 0.907629002571022
4.50950950950951 0.907994917276819
4.51451451451451 0.908359528816485
4.51951951951952 0.908722840672727
4.52452452452452 0.909084856328223
4.52952952952953 0.909445579265539
4.53453453453453 0.909805012967035
4.53953953953954 0.910163160914784
4.54454454454454 0.910520026590483
4.54954954954955 0.910875613475368
4.55455455455455 0.911229925050128
4.55955955955956 0.911582964794824
4.56456456456456 0.911934736188805
4.56956956956957 0.912285242710623
4.57457457457457 0.912634487837953
4.57957957957958 0.912982475047513
4.58458458458458 0.913329207814981
4.58958958958959 0.913674689614915
4.59459459459459 0.914018923920678
4.5995995995996 0.914361914204355
4.6046046046046 0.914703663936677
4.60960960960961 0.915044176586944
4.61461461461461 0.915383455622949
4.61961961961962 0.915721504510901
4.62462462462462 0.916058326715351
4.62962962962963 0.916393925699118
4.63463463463463 0.916728304923214
4.63963963963964 0.91706146784677
4.64464464464464 0.917393417926968
4.64964964964965 0.917724158618965
4.65465465465465 0.918053693375821
4.65965965965966 0.918382025648436
4.66466466466466 0.918709158885471
4.66966966966967 0.919035096533283
4.67467467467467 0.919359842035858
4.67967967967968 0.919683398834742
4.68468468468468 0.920005770368972
4.68968968968969 0.920326960075011
4.69469469469469 0.920646971386683
4.6996996996997 0.920965807735105
4.7047047047047 0.921283472548627
4.70970970970971 0.92159996925276
4.71471471471471 0.921915301270122
4.71971971971972 0.92222947202037
4.72472472472472 0.922542484920136
4.72972972972973 0.92285434338297
4.73473473473473 0.923165050819278
4.73973973973974 0.923474610636259
4.74474474474474 0.923783026237847
4.74974974974975 0.924090301024653
4.75475475475475 0.924396438393905
4.75975975975976 0.924701441739391
4.76476476476476 0.9250053144514
4.76976976976977 0.925308059916668
4.77477477477477 0.925609681518319
4.77977977977978 0.925910182635812
4.78478478478478 0.926209566644884
4.78978978978979 0.926507836917496
4.79479479479479 0.926804996821782
4.7997997997998 0.927101049721992
4.8048048048048 0.927395998978441
4.80980980980981 0.927689847947457
4.81481481481481 0.927982599981328
4.81981981981982 0.928274258428256
4.82482482482482 0.928564826632298
4.82982982982983 0.928854307933327
4.83483483483483 0.929142705666972
4.83983983983984 0.929430023164578
4.84484484484484 0.929716263753152
4.84984984984985 0.930001430755317
4.85485485485485 0.930285527489269
4.85985985985986 0.930568557268724
4.86486486486486 0.930850523402875
4.86986986986987 0.931131429196349
4.87487487487487 0.931411277949158
4.87987987987988 0.931690072956658
4.88488488488488 0.9319678175095
4.88988988988989 0.932244514893596
4.89489489489489 0.932520168390065
4.8998998998999 0.9327947812752
4.9049049049049 0.933068356820421
4.90990990990991 0.933340898292234
4.91491491491491 0.933612408952195
4.91991991991992 0.933882892056863
4.92492492492492 0.934152350857766
4.92992992992993 0.934420788601358
4.93493493493493 0.934688208528981
4.93993993993994 0.93495461387683
4.94494494494494 0.935220007875911
4.94994994994995 0.935484393752005
4.95495495495495 0.935747774725634
4.95995995995996 0.936010154012021
4.96496496496496 0.936271534821055
4.96996996996997 0.936531920357259
4.97497497497497 0.936791313819749
4.97997997997998 0.937049718402208
4.98498498498498 0.937307137292842
4.98998998998999 0.937563573674357
4.99499499499499 0.937819030723917
5 0.938073511613118
