0 0.000447017220539161
0.005005005005005 0.000452020211595321
0.01001001001001 0.00045707917023525
0.015015015015015 0.000462194721982161
0.02002002002002 0.000467367499337472
0.025025025025025 0.000472598141858358
0.03003003003003 0.00047788729623617
0.035035035035035 0.000483235616375699
0.04004004004004 0.000488643763475335
0.045045045045045 0.000494112406108096
0.05005005005005 0.000499642220303554
0.0550550550550551 0.000505233889630661
0.0600600600600601 0.000510888105281498
0.0650650650650651 0.00051660556615593
0.0700700700700701 0.000522386978947208
0.0750750750750751 0.000528233058228505
0.0800800800800801 0.00053414452654041
0.0850850850850851 0.000540122114479378
0.0900900900900901 0.000546166560787162
0.0950950950950951 0.000552278612441224
0.1001001001001 0.000558459024746138
0.105105105105105 0.000564708561426008
0.11011011011011 0.000571027994717889
0.115115115115115 0.000577418105466247
0.12012012012012 0.00058387968321845
0.125125125125125 0.000590413526321312
0.13013013013013 0.000597020442018692
0.135135135135135 0.000603701246550176
0.14014014014014 0.00061045676525083
0.145145145145145 0.00061728783265206
0.15015015015015 0.000624195292583568
0.155155155155155 0.000631179998276436
0.16016016016016 0.000638242812467334
0.165165165165165 0.000645384607503879
0.17017017017017 0.000652606265451143
0.175175175175175 0.000659908678199329
0.18018018018018 0.000667292747572633
0.185185185185185 0.000674759385439291
0.19019019019019 0.000682309513822838
0.195195195195195 0.000689944065014585
0.2002002002002 0.000697663981687323
0.205205205205205 0.000705470217010279
0.21021021021021 0.000713363734765322
0.215215215215215 0.000721345509464449
0.22022022022022 0.00072941652646855
0.225225225225225 0.000737577782107474
0.23023023023023 0.00074583028380141
0.235235235235235 0.00075417505018359
0.24024024024024 0.000762613111224337
0.245245245245245 0.000771145508356468
0.25025025025025 0.000779773294602061
0.255255255255255 0.000788497534700615
0.26026026026026 0.000797319305238602
0.265265265265265 0.000806239694780436
0.27027027027027 0.000815259804000869
0.275275275275275 0.000824380745818832
0.28028028028028 0.000833603645532733
0.285285285285285 0.000842929640957234
0.29029029029029 0.000852359882561515
0.295295295295295 0.000861895533609045
0.3003003003003 0.00087153777029887
0.305305305305305 0.00088128778190845
0.31031031031031 0.000891146770938041
0.315315315315315 0.000901115953256648
0.32032032032032 0.000911196558249571
0.325325325325325 0.000921389828967552
0.33033033033033 0.000931697022277536
0.335335335335335 0.000942119409015084
0.34034034034034 0.000952658274138428
0.345345345345345 0.000963314916884204
0.35035035035035 0.000974090650924878
0.355355355355355 0.00098498680452787
0.36036036036036 0.000996004720716417
0.365365365365365 0.00100714575743216
0.37037037037037 0.00101841128769954
0.375375375375375 0.00102980269979187
0.38038038038038 0.00104132139739935
0.385385385385385 0.0010529687997988
0.39039039039039 0.00106474634202522
0.395395395395395 0.00107665547504529
0.4004004004004 0.00108869766593267
0.405405405405405 0.00110087439804523
0.41041041041041 0.00111318717120416
0.415415415415415 0.0011256375018751
0.42042042042042 0.00113822692335106
0.425425425425425 0.00115095698593753
0.43043043043043 0.0011638292571394
0.435435435435435 0.00117684532184999
0.44044044044044 0.00119000678254207
0.445445445445445 0.00120331525946101
0.45045045045045 0.00121677239081992
0.455455455455455 0.00123037983299694
0.46046046046046 0.00124413926073464
0.465465465465465 0.00125805236734157
0.47047047047047 0.00127212086489596
0.475475475475475 0.00128634648445162
0.48048048048048 0.00130073097624607
0.485485485485485 0.00131527610991083
0.49049049049049 0.00132998367468407
0.495495495495495 0.00134485547962544
0.500500500500501 0.00135989335383326
0.505505505505506 0.00137509914666406
0.510510510510511 0.00139047472795434
0.515515515515516 0.00140602198824488
0.520520520520521 0.00142174283900732
0.525525525525526 0.00143763921287319
0.530530530530531 0.00145371306386541
0.535535535535536 0.00146996636763224
0.540540540540541 0.00148640112168376
0.545545545545546 0.00150301934563077
0.550550550550551 0.00151982308142639
0.555555555555556 0.00153681439361008
0.560560560560561 0.00155399536955437
0.565565565565566 0.00157136811971416
0.570570570570571 0.00158893477787864
0.575575575575576 0.00160669750142599
0.580580580580581 0.00162465847158067
0.585585585585586 0.00164281989367348
0.590590590590591 0.00166118399740443
0.595595595595596 0.00167975303710832
0.600600600600601 0.00169852929202313
0.605605605605606 0.00171751506656134
0.610610610610611 0.00173671269058403
0.615615615615616 0.00175612451967789
0.620620620620621 0.00177575293543519
0.625625625625626 0.00179560034573668
0.630630630630631 0.00181566918503746
0.635635635635636 0.00183596191465592
0.640640640640641 0.00185648102306563
0.645645645645646 0.00187722902619037
0.650650650650651 0.00189820846770226
0.655655655655656 0.00191942191932298
0.660660660660661 0.00194087198112821
0.665665665665666 0.00196256128185518
0.670670670670671 0.00198449247921354
0.675675675675676 0.00200666826019941
0.680680680680681 0.00202909134141278
0.685685685685686 0.00205176446937813
0.690690690690691 0.00207469042086855
0.695695695695696 0.00209787200323308
0.700700700700701 0.00212131205472759
0.705705705705706 0.00214501344484902
0.710710710710711 0.00216897907467317
0.715715715715716 0.00219321187719597
0.720720720720721 0.00221771481767829
0.725725725725726 0.00224249089399434
0.730730730730731 0.00226754313698367
0.735735735735736 0.00229287461080688
0.740740740740741 0.00231848841330491
0.745745745745746 0.00234438767636215
0.750750750750751 0.00237057556627321
0.755755755755756 0.00239705528411358
0.760760760760761 0.00242383006611401
0.765765765765766 0.0024509031840388
0.770770770770771 0.00247827794556802
0.775775775775776 0.00250595769468356
0.780780780780781 0.00253394581205926
0.785785785785786 0.00256224571545495
0.790790790790791 0.00259086086011459
0.795795795795796 0.00261979473916845
0.800800800800801 0.00264905088403946
0.805805805805806 0.00267863286485363
0.810810810810811 0.00270854429085469
0.815815815815816 0.00273878881082303
0.820820820820821 0.00276937011349881
0.825825825825826 0.00280029192800937
0.830830830830831 0.00283155802430109
0.835835835835836 0.00286317221357552
0.840840840840841 0.00289513834872999
0.845845845845846 0.00292746032480263
0.850850850850851 0.00296014207942199
0.855855855855856 0.00299318759326104
0.860860860860861 0.00302660089049591
0.865865865865866 0.00306038603926916
0.870870870870871 0.0030945471521577
0.875875875875876 0.00312908838664549
0.880880880880881 0.00316401394560085
0.885885885885886 0.00319932807775873
0.890890890890891 0.00323503507820762
0.895895895895896 0.00327113928888143
0.900900900900901 0.0033076450990563
0.905905905905906 0.00334455694585221
0.910910910910911 0.0033818793147398
0.915915915915916 0.00341961674005199
0.920920920920921 0.00345777380550086
0.925925925925926 0.00349635514469953
0.930930930930931 0.00353536544168927
0.935935935935936 0.00357480943147173
0.940940940940941 0.00361469190054654
0.945945945945946 0.00365501768745403
0.950950950950951 0.00369579168332347
0.955955955955956 0.00373701883242648
0.960960960960961 0.00377870413273609
0.965965965965966 0.00382085263649099
0.970970970970971 0.00386346945076556
0.975975975975976 0.00390655973804522
0.980980980980981 0.00395012871680754
0.985985985985986 0.00399418166210885
0.990990990990991 0.00403872390617667
0.995995995995996 0.00408376083900772
1.001001001001 0.00412929790897182
1.00600600600601 0.00417534062342151
1.01101101101101 0.00422189454930762
1.01601601601602 0.00426896531380065
1.02102102102102 0.00431655860491817
1.02602602602603 0.00436468017215815
1.03103103103103 0.00441333582713839
1.03603603603604 0.00446253144424197
1.04104104104104 0.00451227296126888
1.04604604604605 0.00456256638009374
1.05105105105105 0.00461341776732987
1.05605605605606 0.00466483325499943
1.06106106106106 0.00471681904121007
1.06606606606607 0.00476938139083775
1.07107107107107 0.00482252663621609
1.07607607607608 0.00487626117783201
1.08108108108108 0.00493059148502805
1.08608608608609 0.004985524096711
1.09109109109109 0.00504106562206725
1.0960960960961 0.00509722274128469
1.1011011011011 0.00515400220628129
1.10610610610611 0.00521141084144037
1.11111111111111 0.0052694555443526
1.11611611611612 0.00532814328656481
1.12112112112112 0.00538748111433563
1.12612612612613 0.00544747614939801
1.13113113113113 0.00550813558972861
1.13613613613614 0.00556946671032419
1.14114114114114 0.00563147686398503
1.14614614614615 0.00569417348210531
1.15115115115115 0.00575756407547065
1.15615615615616 0.00582165623506271
1.16116116116116 0.00588645763287106
1.16616616616617 0.00595197602271212
1.17117117117117 0.00601821924105546
1.17617617617618 0.00608519520785731
1.18118118118118 0.0061529119274015
1.18618618618619 0.00622137748914761
1.19119119119119 0.00629060006858669
1.1961961961962 0.00636058792810428
1.2012012012012 0.00643134941785103
1.20620620620621 0.00650289297662077
1.21121121121121 0.0065752271327361
1.21621621621622 0.00664836050494167
1.22122122122122 0.006722301803305
1.22622622622623 0.00679705983012502
1.23123123123123 0.0068726434808482
1.23623623623624 0.00694906174499258
1.24124124124124 0.00702632370707935
1.24624624624625 0.00710443854757241
1.25125125125125 0.0071834155438256
1.25625625625626 0.00726326407103792
1.26126126126126 0.00734399360321649
1.26626626626627 0.00742561371414755
1.27127127127127 0.00750813407837528
1.27627627627628 0.0075915644721887
1.28128128128128 0.00767591477461643
1.28628628628629 0.0077611949684296
1.29129129129129 0.00784741514115268
1.2962962962963 0.00793458548608245
1.3013013013013 0.008022716303315
1.30630630630631 0.00811181800078088
1.31131131131131 0.00820190109528828
1.31631631631632 0.00829297621357451
1.32132132132132 0.0083850540933654
1.32632632632633 0.00847814558444316
1.33133133133133 0.00857226164972211
1.33633633633634 0.0086674133663329
1.34134134134134 0.00876361192671466
1.34634634634635 0.00886086863971565
1.35135135135135 0.00895919493170184
1.35635635635636 0.00905860234767399
1.36136136136136 0.00915910255239275
1.36636636636637 0.00926070733151214
1.37137137137137 0.00936342859272118
1.37637637637638 0.0094672783668938
1.38138138138138 0.00957226880924699
1.38638638638639 0.00967841220050714
1.39139139139139 0.00978572094808463
1.3963963963964 0.00989420758725664
1.4014014014014 0.0100038847823582
1.40640640640641 0.0101147653279812
1.41141141141141 0.010226862150182
1.41641641641642 0.0103401883076969
1.42142142142142 0.0104547569931657
1.42642642642643 0.0105705815343636
1.43143143143143 0.0106876753954408
1.43643643643644 0.0108060521781711
1.44144144144144 0.0109257256232069
1.44644644644645 0.0110467096113443
1.45145145145145 0.0111690181647939
1.45645645645646 0.0112926654484618
1.46146146146146 0.0114176657712363
1.46646646646647 0.0115440335872844
1.47147147147147 0.0116717834973546
1.47647647647648 0.0118009302500885
1.48148148148148 0.0119314887433392
1.48648648648649 0.0120634740254982
1.49149149149149 0.0121969012968291
1.4964964964965 0.0123317859108097
1.5015015015015 0.0124681433754804
1.50650650650651 0.0126059893548011
1.51151151151151 0.0127453396700147
1.51651651651652 0.0128862103010178
1.52152152152152 0.0130286173877396
1.52652652652653 0.0131725772315259
1.53153153153153 0.0133181062965322
1.53653653653654 0.013465221211122
1.54154154154154 0.0136139387692731
1.54654654654655 0.0137642759319893
1.55155155155155 0.0139162498287203
1.55655655655656 0.0140698777587864
1.56156156156156 0.0142251771928107
1.56656656656657 0.0143821657741566
1.57157157157157 0.0145408613203727
1.57657657657658 0.0147012818246419
1.58158158158158 0.0148634454572379
1.58658658658659 0.0150273705669864
1.59159159159159 0.0151930756827326
1.5965965965966 0.0153605795148127
1.6016016016016 0.0155299009565328
1.60660660660661 0.0157010590856504
1.61161161161161 0.015874073165863
1.61661661661662 0.0160489626482997
1.62162162162162 0.0162257471730184
1.62662662662663 0.0164044465705067
1.63163163163163 0.0165850808631876
1.63663663663664 0.0167676702669281
1.64164164164164 0.0169522351925531
1.64664664664665 0.0171387962473609
1.65165165165165 0.0173273742366438
1.65665665665666 0.0175179901652106
1.66166166166166 0.0177106652389123
1.66666666666667 0.0179054208661704
1.67167167167167 0.0181022786595077
1.67667667667668 0.018301260437081
1.68168168168168 0.0185023882242153
1.68668668668669 0.0187056842549402
1.69169169169169 0.0189111709735271
1.6966966966967 0.0191188710360278
1.7017017017017 0.0193288073118127
1.70670670670671 0.0195410028851111
1.71171171171171 0.0197554810565498
1.71671671671672 0.0199722653446927
1.72172172172172 0.0201913794875789
1.72672672672673 0.0204128474442606
1.73173173173173 0.0206366933963391
1.73673673673674 0.0208629417494992
1.74174174174174 0.0210916171350422
1.74674674674675 0.0213227444114153
1.75175175175175 0.0215563486657396
1.75675675675676 0.0217924552153335
1.76176176176176 0.0220310896092335
1.76676676676677 0.0222722776297105
1.77177177177177 0.0225160452937815
1.77677677677678 0.0227624188547167
1.78178178178178 0.023011424803541
1.78678678678679 0.0232630898705296
1.79179179179179 0.0235174410266976
1.7967967967968 0.0237745054852822
1.8018018018018 0.0240343107032181
1.80680680680681 0.0242968843826047
1.81181181181181 0.0245622544721654
1.81681681681682 0.0248304491686971
1.82182182182182 0.0251014969185114
1.82682682682683 0.0253754264188648
1.83183183183183 0.0256522666193787
1.83683683683684 0.0259320467234485
1.84184184184184 0.02621479618964
1.84684684684685 0.0265005447330745
1.85185185185185 0.0267893223267998
1.85685685685686 0.0270811592031486
1.86186186186186 0.0273760858550812
1.86686686686687 0.0276741330375147
1.87187187187187 0.0279753317686349
1.87687687687688 0.0282797133311932
1.88188188188188 0.0285873092737854
1.88688688688689 0.0288981514121128
1.89189189189189 0.0292122718302253
1.8968968968969 0.029529702881744
1.9019019019019 0.0298504771910648
1.90690690690691 0.0301746276545399
1.91191191191191 0.0305021874416386
1.91691691691692 0.0308331899960846
1.92192192192192 0.0311676690369704
1.92692692692693 0.0315056585598472
1.93193193193193 0.0318471928377893
1.93693693693694 0.0321923064224332
1.94194194194194 0.0325410341449887
1.94694694694695 0.0328934111172226
1.95195195195195 0.0332494727324139
1.95695695695696 0.033609254666278
1.96196196196196 0.0339727928778614
1.96696696696697 0.0343401236104035
1.97197197197197 0.0347112833921662
1.97697697697698 0.0350863090372293
1.98198198198198 0.0354652376462507
1.98698698698699 0.0358481066071916
1.99199199199199 0.036234953596003
1.996996996997 0.0366258165772754
2.002002002002 0.0370207338048486
2.00700700700701 0.0374197438223803
2.01201201201201 0.0378228854638743
2.01701701701702 0.0382301978541648
2.02202202202202 0.0386417204093574
2.02702702702703 0.0390574928372236
2.03203203203203 0.0394775551375504
2.03703703703704 0.0399019476024403
2.04204204204204 0.0403307108165638
2.04704704704705 0.0407638856573602
2.05205205205205 0.0412015132951874
2.05705705705706 0.0416436351934183
2.06206206206206 0.0420902931084828
2.06706706706707 0.0425415290898538
2.07207207207207 0.0429973854799764
2.07707707707708 0.0434579049141379
2.08208208208208 0.0439231303202775
2.08708708708709 0.0443931049187356
2.09209209209209 0.0448678722219382
2.0970970970971 0.0453474760340182
2.1021021021021 0.0458319604503702
2.10710710710711 0.0463213698571369
2.11211211211211 0.0468157489306272
2.11711711711712 0.047315142636663
2.12212212212212 0.0478195962298538
2.12712712712713 0.0483291552527971
2.13213213213213 0.0488438655352028
2.13713713713714 0.0493637731929413
2.14214214214214 0.049888924627011
2.14714714714715 0.0504193665224267
2.15215215215215 0.0509551458470241
2.15715715715716 0.0514963098501813
2.16216216216216 0.0520429060614537
2.16716716716717 0.0525949822891209
2.17217217217217 0.0531525866186451
2.17717717717718 0.0537157674110373
2.18218218218218 0.0542845733011307
2.18718718718719 0.0548590531957593
2.19219219219219 0.0554392562718393
2.1971971971972 0.056025231974352
2.2022022022022 0.0566170300142263
2.20720720720721 0.0572147003661185
2.21221221221221 0.0578182932660875
2.21721721721722 0.0584278592091644
2.22222222222222 0.0590434489468134
2.22722722722723 0.0596651134842819
2.23223223223223 0.0602929040778399
2.23723723723724 0.0609268722319038
2.24224224224224 0.0615670696960449
2.24724724724725 0.0622135484618796
2.25225225225225 0.0628663607598395
2.25725725725726 0.063525559055819
2.26226226226226 0.0641911960476997
2.26726726726727 0.0648633246617473
2.27227227227227 0.0655419980488814
2.27727727727728 0.0662272695808147
2.28228228228228 0.0669191928460595
2.28728728728729 0.0676178216458006
2.29229229229229 0.0683232099896313
2.2972972972973 0.0690354120911511
2.3023023023023 0.0697544823634232
2.30730730730731 0.0704804754142891
2.31231231231231 0.0712134460415389
2.31731731731732 0.0719534492279348
2.32232232232232 0.0727005401360862
2.32732732732733 0.0734547741031744
2.33233233233233 0.0742162066355235
2.33733733733734 0.0749848934030183
2.34234234234234 0.0757608902333639
2.34734734734735 0.0765442531061879
2.35235235235235 0.077335038146981
2.35735735735736 0.0781333016208754
2.36236236236236 0.0789390999262589
2.36736736736737 0.079752489588222
2.37237237237237 0.0805735272518367
2.37737737737738 0.0814022696752654
2.38238238238238 0.0822387737226973
2.38738738738739 0.0830830963571106
2.39239239239239 0.0839352946328594
2.3973973973974 0.0847954256880829
2.4024024024024 0.0856635467369346
2.40740740740741 0.0865397150616315
2.41241241241241 0.0874239880043195
2.41741741741742 0.0883164229587549
2.42242242242242 0.0892170773618001
2.42742742742743 0.0901260086847309
2.43243243243243 0.0910432744243554
2.43743743743744 0.0919689320939419
2.44244244244244 0.0929030392139548
2.44744744744745 0.0938456533025968
2.45245245245245 0.094796831866157
2.45745745745746 0.0957566323891619
2.46246246246246 0.0967251123243299
2.46746746746747 0.0977023290823267
2.47247247247247 0.098688340021322
2.47747747747748 0.099683202436344
2.48248248248248 0.100686973548434
2.48748748748749 0.101699710493598
2.49249249249249 0.102721470311552
2.4974974974975 0.103752309934271
2.5025025025025 0.104792286174322
2.50750750750751 0.105841455713001
2.51251251251251 0.106899875088261
2.51751751751752 0.107967600682431
2.52252252252252 0.109044688709732
2.52752752752753 0.110131195203585
2.53253253253253 0.11122717600371
2.53753753753754 0.112332686743021
2.54254254254254 0.113447782834308
2.54754754754755 0.114572519456723
2.55255255255255 0.115706951542046
2.55755755755756 0.116851133760754
2.56256256256256 0.118005120507882
2.56756756756757 0.119168965888673
2.57257257257257 0.120342723704034
2.57757757757758 0.121526447435777
2.58258258258258 0.122720190231666
2.58758758758759 0.123924004890258
2.59259259259259 0.125137943845542
2.5975975975976 0.126362059151382
2.6026026026026 0.127596402465763
2.60760760760761 0.128841025034836
2.61261261261261 0.130095977676772
2.61761761761762 0.131361310765426
2.62262262262262 0.132637074213805
2.62762762762763 0.133923317457351
2.63263263263263 0.135220089437038
2.63763763763764 0.136527438582288
2.64264264264264 0.137845412793699
2.64764764764765 0.139174059425605
2.65265265265265 0.140513425268454
2.65765765765766 0.141863556531015
2.66266266266266 0.143224498822425
2.66766766766767 0.144596297134058
2.67267267267267 0.145978995821243
2.67767767767768 0.147372638584824
2.68268268268268 0.148777268452558
2.68768768768769 0.150192927760382
2.69269269269269 0.151619658133511
2.6976976976977 0.153057500467423
2.7027027027027 0.154506494908685
2.70770770770771 0.155966680835667
2.71271271271271 0.157438096839122
2.71771771771772 0.158920780702647
2.72272272272272 0.160414769383031
2.72772772772773 0.161920098990501
2.73273273273273 0.163436804768855
2.73773773773774 0.164964921075505
2.74274274274274 0.166504481361433
2.74774774774775 0.16805551815106
2.75275275275275 0.169618063022035
2.75775775775776 0.171192146584967
2.76276276276276 0.172777798463079
2.76776776776777 0.174375047271822
2.77277277277277 0.175983920598432
2.77777777777778 0.17760444498145
2.78278278278278 0.179236645890212
2.78778778778779 0.180880547704315
2.79279279279279 0.182536173693069
2.7977977977978 0.184203545994939
2.8028028028028 0.185882685596994
2.80780780780781 0.187573612314365
2.81281281281281 0.189276344769723
2.81781781781782 0.190990900372788
2.82282282282282 0.192717295299877
2.82782782782783 0.194455544473504
2.83283283283283 0.196205661542028
2.83783783783784 0.19796765885939
2.84284284284284 0.199741547464908
2.84784784784785 0.201527337063173
2.85285285285285 0.203325036004051
2.85785785785786 0.205134651262778
2.86286286286286 0.206956188420197
2.86786786786787 0.208789651643115
2.87287287287287 0.210635043664809
2.87787787787788 0.212492365765687
2.88288288288288 0.214361617754122
2.88788788788789 0.216242797947451
2.89289289289289 0.218135903153183
2.8978978978979 0.220040928650392
2.9029029029029 0.221957868171342
2.90790790790791 0.223886713883324
2.91291291291291 0.22582745637074
2.91791791791792 0.227780084617439
2.92292292292292 0.229744585989314
2.92792792792793 0.231720946217179
2.93293293293293 0.233709149379928
2.93793793793794 0.235709177888006
2.94294294294294 0.237721012467189
2.94794794794795 0.23974463214269
2.95295295295295 0.241780014223606
2.95795795795796 0.243827134287724
2.96296296296296 0.245885966166684
2.96796796796797 0.247956481931526
2.97297297297297 0.250038651878629
2.97797797797798 0.252132444516048
2.98298298298298 0.254237826550283
2.98798798798799 0.256354762873456
2.99299299299299 0.258483216550956
2.997997997998 0.260623148809517
3.003003003003 0.26277451902578
3.00800800800801 0.264937284715329
3.01301301301301 0.26711140152222
3.01801801801802 0.269296823209022
3.02302302302302 0.271493501647363
3.02802802802803 0.273701386809021
3.03303303303303 0.275920426757551
3.03803803803804 0.278150567640458
3.04304304304304 0.280391753681951
3.04804804804805 0.282643927176262
3.05305305305305 0.284907028481556
3.05805805805806 0.287180996014445
3.06306306306306 0.289465766245111
3.06806806806807 0.291761273693042
3.07307307307307 0.294067450923412
3.07807807807808 0.296384228544095
3.08308308308308 0.298711535203332
3.08808808808809 0.301049297588058
3.09309309309309 0.303397440422907
3.0980980980981 0.305755886469883
3.1031031031031 0.308124556528734
3.10810810810811 0.310503369438011
3.11311311311311 0.312892242076842
3.11811811811812 0.315291089367406
3.12312312312312 0.317699824278141
3.12812812812813 0.320118357827667
3.13313313313313 0.32254659908945
3.13813813813814 0.3249844551972
3.14314314314314 0.327431831351017
3.14814814814815 0.329888630824287
3.15315315315315 0.332354754971334
3.15815815815816 0.334830103235831
3.16316316316316 0.337314573159973
3.16816816816817 0.33980806039442
3.17317317317317 0.342310458709011
3.17817817817818 0.344821660004246
3.18318318318318 0.347341554323547
3.18818818818819 0.349870029866298
3.19319319319319 0.35240697300165
3.1981981981982 0.354952268283124
3.2032032032032 0.357505798463973
3.20820820820821 0.360067444513331
3.21321321321321 0.362637085633139
3.21821821821822 0.365214599275841
3.22322322322322 0.367799861162858
3.22822822822823 0.370392745303828
3.23323323323323 0.372993124016614
3.23823823823824 0.375600867948074
3.24324324324324 0.378215846095593
3.24824824824825 0.380837925829368
3.25325325325325 0.383466972915432
3.25825825825826 0.386102851539437
3.26326326326326 0.388745424331156
3.26826826826827 0.391394552389727
3.27327327327327 0.394050095309604
3.27827827827828 0.396711911207232
3.28328328328328 0.399379856748422
3.28828828828829 0.402053787176413
3.29329329329329 0.404733556340631
3.2982982982983 0.407419016726108
3.3033033033033 0.410110019483575
3.30830830830831 0.412806414460197
3.31331331331331 0.415508050230949
3.31831831831832 0.418214774130625
3.32332332332332 0.42092643228645
3.32832832832833 0.423642869651294
3.33333333333333 0.426363930037476
3.33833833833834 0.42908945615113
3.34334334334334 0.431819289627136
3.34834834834835 0.43455327106458
3.35335335335335 0.437291240062743
3.35835835835836 0.4400330352576
3.36336336336336 0.442778494358801
3.36836836836837 0.445527454187129
3.37337337337337 0.448279750712413
3.37837837837838 0.451035219091876
3.38338338338338 0.453793693708901
3.38838838838839 0.456555008212195
3.39339339339339 0.459318995555336
3.3983983983984 0.462085488036674
3.4034034034034 0.464854317339578
3.40840840840841 0.467625314573
3.41341341341341 0.470398310312334
3.41841841841842 0.473173134640564
3.42342342342342 0.475949617189655
3.42842842842843 0.478727587182195
3.43343343343343 0.481506873473237
3.43843843843844 0.484287304592346
3.44344344344344 0.487068708785807
3.44844844844845 0.489850914058992
3.45345345345345 0.49263374821884
3.45845845845846 0.495417038916457
3.46346346346346 0.498200613689787
3.46846846846847 0.500984300006346
3.47347347347347 0.503767925305992
3.47847847847848 0.506551317043714
3.48348348348348 0.509334302732407
3.48848848848849 0.512116709985619
3.49349349349349 0.514898366560248
3.4984984984985 0.517679100399158
3.5035035035035 0.5204587396737
3.50850850850851 0.523237112826115
3.51351351351351 0.526014048611788
3.51851851851852 0.528789376141349
3.52352352352352 0.531562924922571
3.52852852852853 0.534334524902079
3.53353353353353 0.537104006506814
3.53853853853854 0.539871200685252
3.54354354354354 0.542635938948354
3.54854854854855 0.545398053410216
3.55355355355355 0.548157376828413
3.55855855855856 0.550913742644
3.56356356356356 0.553666985021167
3.56856856856857 0.556416938886519
3.57357357357357 0.559163439967954
3.57857857857858 0.561906324833146
3.58358358358358 0.564645430927574
3.58858858858859 0.567380596612128
3.59359359359359 0.57011166120022
3.5985985985986 0.572838464994439
3.6036036036036 0.575560849322674
3.60860860860861 0.578278656573748
3.61361361361361 0.580991730232494
3.61861861861862 0.583699914914293
3.62362362362362 0.586403056399042
3.62862862862863 0.589101001664542
3.63363363363363 0.591793598919291
3.63863863863864 0.594480697634669
3.64364364364364 0.597162148576497
3.64864864864865 0.599837803835967
3.65365365365365 0.60250751685992
3.65865865865866 0.605171142480468
3.66366366366366 0.607828536943942
3.66866866866867 0.61047955793916
3.67367367367367 0.613124064625011
3.67867867867868 0.615761917657325
3.68368368368368 0.618392979215046
3.68868868868869 0.621017113025679
3.69369369369369 0.623634184390013
3.6986986986987 0.626244060206112
3.7037037037037 0.628846608992562
3.70870870870871 0.63144170091098
3.71371371371371 0.634029207787756
3.71871871871872 0.636609003135055
3.72372372372372 0.639180962171045
3.72872872872873 0.641744961839362
3.73373373373373 0.644300880827811
3.73873873873874 0.646848599586289
3.74374374374374 0.649388000343936
3.74874874874875 0.651918967125507
3.75375375375375 0.654441385766978
3.75875875875876 0.656955143930356
3.76376376376376 0.659460131117727
3.76876876876877 0.661956238684517
3.77377377377377 0.66444335985198
3.77877877877878 0.66692138971891
3.78378378378378 0.669390225272581
3.78878878878879 0.671849765398907
3.79379379379379 0.674299910891854
3.7987987987988 0.676740564462059
3.8038038038038 0.679171630744716
3.80880880880881 0.681593016306686
3.81381381381381 0.684004629652862
3.81881881881882 0.686406381231789
3.82382382382382 0.68879818344054
3.82882882882883 0.691179950628858
3.83383383383383 0.693551599102567
3.83883883883884 0.695913047126265
3.84384384384384 0.698264214925302
3.84884884884885 0.700605024687046
3.85385385385385 0.702935400561456
3.85885885885886 0.70525526866096
3.86386386386386 0.707564557059653
3.86886886886887 0.709863195791822
3.87387387387387 0.712151116849804
3.87887887887888 0.714428254181194
3.88388388388388 0.716694543685403
3.88888888888889 0.718949923209586
3.89389389389389 0.721194332543947
3.8988988988989 0.723427713416421
3.9039039039039 0.725650009486767
3.90890890890891 0.727861166340055
3.91391391391391 0.730061131479589
3.91891891891892 0.732249854319239
3.92392392392392 0.734427286175243
3.92892892892893 0.736593380257435
3.93393393393393 0.738748091659964
3.93893893893894 0.740891377351474
3.94394394394394 0.743023196164784
3.94894894894895 0.745143508786066
3.95395395395395 0.747252277743546
3.95895895895896 0.749349467395722
3.96396396396396 0.751435043919132
3.96896896896897 0.753508975295671
3.97397397397397 0.755571231299477
3.97897897897898 0.757621783483387
3.98398398398398 0.759660605165003
3.98898898898899 0.761687671412339
3.99399399399399 0.763702959029108
3.998998998999 0.765706446539623
4.004004004004 0.767698114173347
4.00900900900901 0.769677943849102
4.01401401401401 0.771645919158945
4.01901901901902 0.77360202535172
4.02402402402402 0.775546249316314
4.02902902902903 0.777478579564612
4.03403403403403 0.779399006214177
4.03903903903904 0.781307520970659
4.04404404404404 0.783204117109951
4.04904904904905 0.785088789460101
4.05405405405405 0.786961534382993
4.05905905905906 0.78882234975581
4.06406406406406 0.790671234952293
4.06906906906907 0.792508190823801
4.07407407407407 0.794333219680193
4.07907907907908 0.796146325270535
4.08408408408408 0.797947512763654
4.08908908908909 0.799736788728537
4.09409409409409 0.801514161114598
4.0990990990991 0.803279639231818
4.1041041041041 0.805033233730773
4.10910910910911 0.806774956582554
4.11411411411411 0.808504821058602
4.11911911911912 0.810222841710446
4.12412412412412 0.811929034349389
4.12912912912913 0.813623416026113
4.13413413413413 0.815306005010247
4.13913913913914 0.816976820769881
4.14414414414414 0.818635883951054
4.14914914914915 0.820283216357221
4.15415415415415 0.821918840928697
4.15915915915916 0.823542781722104
4.16416416416416 0.825155063889819
4.16916916916917 0.826755713659435
4.17417417417417 0.828344758313242
4.17917917917918 0.829922226167736
4.18418418418418 0.83148814655317
4.18918918918919 0.833042549793145
4.19419419419419 0.834585467184253
4.1991991991992 0.836116930975787
4.2042042042042 0.837636974349509
4.20920920920921 0.839145631399501
4.21421421421421 0.84064293711209
4.21921921921922 0.842128927345862
4.22422422422422 0.843603638811777
4.22922922922923 0.845067109053373
4.23423423423423 0.84651937642709
4.23923923923924 0.84796048008269
4.24424424424424 0.849390459943809
4.24924924924925 0.850809356688625
4.25425425425425 0.852217211730657
4.25925925925926 0.853614067199697
4.26426426426426 0.854999965922877
4.26926926926927 0.856374951405888
4.27427427427427 0.857739067814335
4.27927927927928 0.859092359955252
4.28428428428428 0.860434873258774
4.28928928928929 0.861766653759957
4.29429429429429 0.863087748080778
4.2992992992993 0.864398203412293
4.3043043043043 0.865698067496961
4.30930930930931 0.866987388611156
4.31431431431431 0.868266215547841
4.31931931931932 0.869534597599433
4.32432432432432 0.87079258454084
4.32932932932933 0.872040226612698
4.33433433433433 0.873277574504778
4.33933933933934 0.874504679339594
4.34434434434434 0.875721592656203
4.34934934934935 0.876928366394191
4.35435435435435 0.878125052877864
4.35935935935936 0.879311704800627
4.36436436436436 0.880488375209573
4.36936936936937 0.881655117490258
4.37437437437437 0.882811985351692
4.37937937937938 0.883959032811522
4.38438438438438 0.885096314181422
4.38938938938939 0.886223884052691
4.39439439439439 0.887341797282048
4.3993993993994 0.888450108977643
4.4044044044044 0.889548874485264
4.40940940940941 0.890638149374758
4.41441441441441 0.891717989426657
4.41941941941942 0.892788450619009
4.42442442442442 0.893849589114418
4.42942942942943 0.894901461247291
4.43443443443443 0.895944123511294
4.43943943943944 0.89697763254701
4.44444444444444 0.898002045129806
4.44944944944945 0.89901741815791
4.45445445445445 0.900023808640686
4.45945945945946 0.901021273687118
4.46446446446446 0.902009870494503
4.46946946946947 0.902989656337335
4.47447447447447 0.903960688556408
4.47947947947948 0.904923024548107
4.48448448448448 0.905876721753904
4.48948948948949 0.906821837650064
4.49449449449449 0.907758429737529
4.4994994994995 0.908686555532024
4.5045045045045 0.909606272554338
4.50950950950951 0.910517638320815
4.51451451451451 0.911420710334028
4.51951951951952 0.91231554607366
4.52452452452452 0.913202202987557
4.52952952952953 0.914080738482985
4.53453453453453 0.914951209918074
4.53953953953954 0.915813674593437
4.54454454454454 0.91666818974399
4.54954954954955 0.917514812530941
4.55455455455455 0.918353600033972
4.55955955955956 0.919184609243592
4.56456456456456 0.920007897053674
4.56956956956957 0.920823520254166
4.57457457457457 0.921631535523973
4.57957957957958 0.922431999424022
4.58458458458458 0.923224968390487
4.58958958958959 0.924010498728186
4.59459459459459 0.924788646604151
4.5995995995996 0.925559468041353
4.6046046046046 0.926323018912599
4.60960960960961 0.927079354934588
4.61461461461461 0.927828531662121
4.61961961961962 0.928570604482473
4.62462462462462 0.929305628609924
4.62962962962963 0.930033659080435
4.63463463463463 0.930754750746479
4.63963963963964 0.931468958272023
4.64464464464464 0.932176336127654
4.64964964964965 0.932876938585854
4.65465465465465 0.933570819716413
4.65965965965966 0.934258033381987
4.66466466466466 0.934938633233794
4.66966966966967 0.935612672707448
4.67467467467467 0.936280205018924
4.67967967967968 0.936941283160661
4.68468468468468 0.937595959897792
4.68968968968969 0.938244287764505
4.69469469469469 0.93888631906053
4.6996996996997 0.93952210584775
4.7047047047047 0.940151699946937
4.70970970970971 0.940775152934607
4.71471471471471 0.941392516139992
4.71971971971972 0.942003840642132
4.72472472472472 0.942609177267081
4.72972972972973 0.943208576585224
4.73473473473473 0.943802088908705
4.73973973973974 0.944389764288967
4.74474474474474 0.944971652514397
4.74974974974975 0.94554780310807
4.75475475475475 0.946118265325608
4.75975975975976 0.946683088153132
4.76476476476476 0.947242320305312
4.76976976976977 0.947796010223518
4.77477477477477 0.948344206074071
4.77977977977978 0.948886955746575
4.78478478478478 0.949424306852354
4.78978978978979 0.949956306722968
4.79479479479479 0.950483002408829
4.7997997997998 0.951004440677891
4.8048048048048 0.951520668014433
4.80980980980981 0.952031730617926
4.81481481481481 0.952537674401972
4.81981981981982 0.953038544993331
4.82482482482482 0.953534387731026
4.82982982982983 0.954025247665515
4.83483483483483 0.95451116955795
4.83983983983984 0.954992197879503
4.84484484484484 0.955468376810756
4.84984984984985 0.955939750241177
4.85485485485485 0.956406361768647
4.85985985985986 0.956868254699069
4.86486486486486 0.957325472046028
4.86986986986987 0.957778056530525
4.87487487487487 0.958226050580769
4.87987987987988 0.958669496332027
4.88488488488488 0.959108435626539
4.88988988988989 0.959542910013486
4.89489489489489 0.959972960749016
4.8998998998999 0.960398628796324
4.9049049049049 0.960819954825789
4.90990990990991 0.961236979215154
4.91491491491491 0.961649742049772
4.91991991991992 0.962058283122884
4.92492492492492 0.96246264193596
4.92992992992993 0.962862857699078
4.93493493493493 0.963258969331351
4.93993993993994 0.9636510154614
4.94494494494494 0.964039034427869
4.94994994994995 0.964423064279982
4.95495495495495 0.964803142778142
4.95995995995996 0.965179307394567
4.96496496496496 0.965551595313965
4.96996996996997 0.965920043434253
4.97497497497497 0.966284688367301
4.97997997997998 0.966645566439723
4.98498498498498 0.967002713693691
4.98998998998999 0.967356165887792
4.99499499499499 0.967705958497909
5 0.968052126718143
