0 0.0216196143250326
0.005005005005005 0.0217438261192115
0.01001001001001 0.0218687355997854
0.015015015015015 0.0219943465018379
0.02002002002002 0.0221206625783313
0.025025025025025 0.0222476876001669
0.03003003003003 0.0223754253562462
0.035035035035035 0.0225038796535311
0.04004004004004 0.0226330543171047
0.045045045045045 0.0227629531902313
0.05005005005005 0.0228935801344173
0.0550550550550551 0.0230249390294704
0.0600600600600601 0.0231570337735604
0.0650650650650651 0.0232898682832785
0.0700700700700701 0.0234234464936975
0.0750750750750751 0.0235577723584306
0.0800800800800801 0.0236928498496916
0.0850850850850851 0.0238286829583536
0.0900900900900901 0.0239652756940083
0.0950950950950951 0.0241026320850247
0.1001001001001 0.024240756178608
0.105105105105105 0.0243796520408581
0.11011011011011 0.0245193237568277
0.115115115115115 0.0246597754305807
0.12012012012012 0.0248010111852499
0.125125125125125 0.0249430351630951
0.13013013013013 0.0250858515255601
0.135135135135135 0.0252294644533304
0.14014014014014 0.0253738781463897
0.145145145145145 0.0255190968240777
0.15015015015015 0.0256651247251455
0.155155155155155 0.0258119661078127
0.16016016016016 0.0259596252498232
0.165165165165165 0.0261081064485011
0.17017017017017 0.0262574140208062
0.175175175175175 0.0264075523033889
0.18018018018018 0.026558525652646
0.185185185185185 0.0267103384447744
0.19019019019019 0.0268629950758261
0.195195195195195 0.0270164999617623
0.2002002002002 0.0271708575385068
0.205205205205205 0.0273260722619994
0.21021021021021 0.0274821486082496
0.215215215215215 0.0276390910733888
0.22022022022022 0.0277969041737228
0.225225225225225 0.027955592445784
0.23023023023023 0.0281151604463834
0.235235235235235 0.0282756127526611
0.24024024024024 0.0284369539621383
0.245245245245245 0.0285991886927668
0.25025025025025 0.0287623215829804
0.255255255255255 0.0289263572917434
0.26026026026026 0.029091300498601
0.265265265265265 0.0292571559037278
0.27027027027027 0.0294239282279762
0.275275275275275 0.0295916222129249
0.28028028028028 0.029760242620926
0.285285285285285 0.0299297942351528
0.29029029029029 0.030100281859646
0.295295295295295 0.0302717103193602
0.3003003003003 0.0304440844602096
0.305305305305305 0.0306174091491135
0.31031031031031 0.0307916892740405
0.315315315315315 0.0309669297440533
0.32032032032032 0.0311431354893524
0.325325325325325 0.0313203114613189
0.33033033033033 0.0314984626325576
0.335335335335335 0.0316775939969389
0.34034034034034 0.0318577105696405
0.345345345345345 0.0320388173871881
0.35035035035035 0.0322209195074962
0.355355355355355 0.0324040220099075
0.36036036036036 0.0325881299952326
0.365365365365365 0.0327732485857879
0.37037037037037 0.0329593829254344
0.375375375375375 0.0331465381796144
0.38038038038038 0.0333347195353885
0.385385385385385 0.0335239322014715
0.39039039039039 0.0337141814082678
0.395395395395395 0.0339054724079063
0.4004004004004 0.0340978104742741
0.405405405405405 0.0342912009030497
0.41041041041041 0.0344856490117363
0.415415415415415 0.0346811601396928
0.42042042042042 0.0348777396481653
0.425425425425425 0.0350753929203176
0.43043043043043 0.0352741253612607
0.435435435435435 0.0354739423980816
0.44044044044044 0.0356748494798714
0.445445445445445 0.0358768520777524
0.45045045045045 0.0360799556849051
0.455455455455455 0.036284165816593
0.46046046046046 0.0364894880101881
0.465465465465465 0.0366959278251946
0.47047047047047 0.0369034908432718
0.475475475475475 0.0371121826682568
0.48048048048048 0.0373220089261851
0.485485485485485 0.0375329752653119
0.49049049049049 0.0377450873561309
0.495495495495495 0.0379583508913932
0.500500500500501 0.0381727715861249
0.505505505505506 0.038388355177644
0.510510510510511 0.0386051074255758
0.515515515515516 0.0388230341118676
0.520520520520521 0.0390421410408031
0.525525525525526 0.0392624340390142
0.530530530530531 0.0394839189554936
0.535535535535536 0.0397066016616048
0.540540540540541 0.0399304880510922
0.545545545545546 0.0401555840400895
0.550550550550551 0.0403818955671268
0.555555555555556 0.0406094285931379
0.560560560560561 0.0408381891014646
0.565565565565566 0.0410681830978614
0.570570570570571 0.0412994166104984
0.575575575575576 0.0415318956899629
0.580580580580581 0.0417656264092606
0.585585585585586 0.0420006148638145
0.590590590590591 0.0422368671714636
0.595595595595596 0.0424743894724596
0.600600600600601 0.0427131879294632
0.605605605605606 0.0429532687275383
0.610610610610611 0.0431946380741453
0.615615615615616 0.0434373021991332
0.620620620620621 0.0436812673547307
0.625625625625626 0.0439265398155348
0.630630630630631 0.0441731258784997
0.635635635635636 0.0444210318629229
0.640640640640641 0.0446702641104309
0.645645645645646 0.0449208289849632
0.650650650650651 0.0451727328727545
0.655655655655656 0.0454259821823163
0.660660660660661 0.0456805833444164
0.665665665665666 0.045936542812057
0.670670670670671 0.0461938670604519
0.675675675675676 0.0464525625870015
0.680680680680681 0.0467126359112666
0.685685685685686 0.046974093574941
0.690690690690691 0.0472369421418216
0.695695695695696 0.0475011881977784
0.700700700700701 0.0477668383507215
0.705705705705706 0.0480338992305672
0.710710710710711 0.0483023774892025
0.715715715715716 0.0485722798004479
0.720720720720721 0.0488436128600185
0.725725725725726 0.0491163833854832
0.730730730730731 0.0493905981162226
0.735735735735736 0.0496662638133852
0.740740740740741 0.0499433872598415
0.745745745745746 0.0502219752601365
0.750750750750751 0.0505020346404408
0.755755755755756 0.0507835722484993
0.760760760760761 0.0510665949535787
0.765765765765766 0.0513511096464126
0.770770770770771 0.0516371232391451
0.775775775775776 0.0519246426652729
0.780780780780781 0.0522136748795843
0.785785785785786 0.0525042268580979
0.790790790790791 0.0527963055979979
0.795795795795796 0.0530899181175688
0.800800800800801 0.0533850714561267
0.805805805805806 0.05368177267395
0.810810810810811 0.0539800288522072
0.815815815815816 0.0542798470928831
0.820820820820821 0.0545812345187024
0.825825825825826 0.0548841982730522
0.830830830830831 0.0551887455199014
0.835835835835836 0.0554948834437187
0.840840840840841 0.0558026192493881
0.845845845845846 0.0561119601621224
0.850850850850851 0.0564229134273743
0.855855855855856 0.0567354863107458
0.860860860860861 0.057049686097895
0.865865865865866 0.0573655200944404
0.870870870870871 0.0576829956258639
0.875875875875876 0.0580021200374103
0.880880880880881 0.0583229006939854
0.885885885885886 0.0586453449800516
0.890890890890891 0.0589694602995208
0.895895895895896 0.0592952540756452
0.900900900900901 0.0596227337509059
0.905905905905906 0.0599519067868986
0.910910910910911 0.0602827806642173
0.915915915915916 0.0606153628823355
0.920920920920921 0.0609496609594845
0.925925925925926 0.0612856824325298
0.930930930930931 0.0616234348568446
0.935935935935936 0.0619629258061806
0.940940940940941 0.0623041628725372
0.945945945945946 0.0626471536660265
0.950950950950951 0.0629919058147372
0.955955955955956 0.0633384269645952
0.960960960960961 0.0636867247792212
0.965965965965966 0.0640368069397866
0.970970970970971 0.0643886811448656
0.975975975975976 0.0647423551102855
0.980980980980981 0.0650978365689736
0.985985985985986 0.0654551332708016
0.990990990990991 0.0658142529824275
0.995995995995996 0.0661752034871341
1.001001001001 0.0665379925846647
1.00600600600601 0.0669026280910569
1.01101101101101 0.0672691178384723
1.01601601601602 0.0676374696750236
1.02102102102102 0.0680076914645998
1.02602602602603 0.0683797910866866
1.03103103103103 0.0687537764361856
1.03603603603604 0.0691296554232294
1.04104104104104 0.0695074359729943
1.04604604604605 0.0698871260255095
1.05105105105105 0.0702687335354632
1.05605605605606 0.0706522664720064
1.06106106106106 0.0710377328185527
1.06606606606607 0.0714251405725752
1.07107107107107 0.0718144977454007
1.07607607607608 0.0722058123620001
1.08108108108108 0.0725990924607758
1.08608608608609 0.0729943460933462
1.09109109109109 0.0733915813243268
1.0960960960961 0.0737908062311073
1.1011011011011 0.0741920289036269
1.10610610610611 0.0745952574441447
1.11111111111111 0.0750004999670081
1.11611611611612 0.0754077645984168
1.12112112112112 0.0758170594761841
1.12612612612613 0.0762283927494944
1.13113113113113 0.0766417725786579
1.13613613613614 0.0770572071348608
1.14114114114114 0.0774747045999128
1.14614614614615 0.0778942731659914
1.15115115115115 0.0783159210353816
1.15615615615616 0.0787396564202132
1.16116116116116 0.0791654875421939
1.16616616616617 0.0795934226323389
1.17117117117117 0.0800234699306971
1.17617617617618 0.0804556376860737
1.18118118118118 0.0808899341557486
1.18618618618619 0.0813263676051922
1.19119119119119 0.0817649463077766
1.1961961961962 0.0822056785444833
1.2012012012012 0.0826485726036076
1.20620620620621 0.0830936367804588
1.21121121121121 0.0835408793770569
1.21621621621622 0.0839903087018253
1.22122122122122 0.0844419330692799
1.22622622622623 0.0848957607997144
1.23123123123123 0.0853518002188819
1.23623623623624 0.0858100596576718
1.24124124124124 0.0862705474517841
1.24624624624625 0.0867332719413988
1.25125125125125 0.0871982414708422
1.25625625625626 0.0876654643882484
1.26126126126126 0.0881349490452174
1.26626626626627 0.0886067037964694
1.27127127127127 0.0890807369994946
1.27627627627628 0.0895570570141994
1.28128128128128 0.0900356722025484
1.28628628628629 0.0905165909282025
1.29129129129129 0.0909998215561527
1.2962962962963 0.0914853724523503
1.3013013013013 0.0919732519833326
1.30630630630631 0.0924634685158446
1.31131131131131 0.0929560304164568
1.31631631631632 0.0934509460511784
1.32132132132132 0.0939482237850672
1.32632632632633 0.0944478719818344
1.33133133133133 0.094949899003446
1.33633633633634 0.0954543132097191
1.34134134134134 0.0959611229579157
1.34634634634635 0.0964703366023301
1.35135135135135 0.0969819624938735
1.35635635635636 0.0974960089796546
1.36136136136136 0.0980124844025547
1.36636636636637 0.0985313971007997
1.37137137137137 0.0990527554075272
1.37637637637638 0.0995765676503497
1.38138138138138 0.100102842150913
1.38638638638639 0.100631587224452
1.39139139139139 0.101162811179337
1.3963963963964 0.101696522316626
1.4014014014014 0.1022327289296
1.40640640640641 0.102771439303304
1.41141141141141 0.103312661714078
1.41641641641642 0.103856404429086
1.42142142142142 0.10440267570584
1.42642642642643 0.104951483791722
1.43143143143143 0.105502836923497
1.43643643643644 0.106056743326823
1.44144144144144 0.10661321121576
1.44644644644645 0.107172248792275
1.45145145145145 0.107733864245733
1.45645645645646 0.108298065752395
1.46146146146146 0.108864861474909
1.46646646646647 0.109434259561791
1.47147147147147 0.110006268146907
1.47647647647648 0.11058089534895
1.48148148148148 0.111158149270909
1.48648648648649 0.11173803799954
1.49149149149149 0.112320569604826
1.4964964964965 0.112905752139438
1.5015015015015 0.113493593638186
1.50650650650651 0.114084102117472
1.51151151151151 0.114677285574733
1.51651651651652 0.115273151987884
1.52152152152152 0.115871709314754
1.52652652652653 0.116472965492518
1.53153153153153 0.117076928437123
1.53653653653654 0.117683606042717
1.54154154154154 0.118293006181065
1.54654654654655 0.118905136700961
1.55155155155155 0.119520005427646
1.55655655655656 0.120137620162206
1.56156156156156 0.120757988680982
1.56656656656657 0.121381118734962
1.57157157157157 0.122007018049178
1.57657657657658 0.122635694322091
1.58158158158158 0.123267155224981
1.58658658658659 0.123901408401327
1.59159159159159 0.12453846146618
1.5965965965966 0.125178322005537
1.6016016016016 0.125820997575711
1.60660660660661 0.126466495702694
1.61161161161161 0.127114823881517
1.61661661661662 0.127765989575602
1.62162162162162 0.128420000216121
1.62662662662663 0.129076863201337
1.63163163163163 0.12973658589595
1.63663663663664 0.130399175630437
1.64164164164164 0.131064639700388
1.64664664664665 0.131732985365833
1.65165165165165 0.132404219850574
1.65665665665666 0.133078350341508
1.66166166166166 0.133755383987945
1.66666666666667 0.134435327900923
1.67167167167167 0.135118189152523
1.67667667667668 0.135803974775175
1.68168168168168 0.13649269176096
1.68668668668669 0.137184347060915
1.69169169169169 0.137878947584327
1.6966966966967 0.138576500198026
1.7017017017017 0.139277011725676
1.70670670670671 0.139980488947057
1.71171171171171 0.140686938597352
1.71671671671672 0.141396367366422
1.72172172172172 0.142108781898082
1.72672672672673 0.142824188789374
1.73173173173173 0.143542594589833
1.73673673673674 0.144264005800753
1.74174174174174 0.144988428874447
1.74674674674675 0.145715870213507
1.75175175175175 0.146446336170059
1.75675675675676 0.147179833045012
1.76176176176176 0.147916367087308
1.76676676676677 0.148655944493169
1.77177177177177 0.149398571405336
1.77677677677678 0.150144253912309
1.78178178178178 0.150892998047588
1.78678678678679 0.151644809788899
1.79179179179179 0.152399695057429
1.7967967967968 0.153157659717052
1.8018018018018 0.153918709573557
1.80680680680681 0.154682850373866
1.81181181181181 0.155450087805255
1.81681681681682 0.156220427494572
1.82182182182182 0.156993875007454
1.82682682682683 0.157770435847532
1.83183183183183 0.158550115455647
1.83683683683684 0.159332919209055
1.84184184184184 0.160118852420632
1.84684684684685 0.160907920338078
1.85185185185185 0.161700128143117
1.85685685685686 0.162495480950696
1.86186186186186 0.16329398380818
1.86686686686687 0.16409564169455
1.87187187187187 0.164900459519593
1.87687687687688 0.165708442123097
1.88188188188188 0.166519594274036
1.88688688688689 0.16733392066976
1.89189189189189 0.168151425935183
1.8968968968969 0.168972114621964
1.9019019019019 0.169795991207695
1.90690690690691 0.170623060095079
1.91191191191191 0.171453325611114
1.91691691691692 0.172286792006272
1.92192192192192 0.173123463453676
1.92692692692693 0.173963344048282
1.93193193193193 0.174806437806049
1.93693693693694 0.175652748663125
1.94194194194194 0.176502280475011
1.94694694694695 0.177355037015744
1.95195195195195 0.178211021977071
1.95695695695696 0.179070238967617
1.96196196196196 0.179932691512063
1.96696696696697 0.180798383050319
1.97197197197197 0.181667316936696
1.97697697697698 0.18253949643908
1.98198198198198 0.183414924738102
1.98698698698699 0.184293604926317
1.99199199199199 0.185175540007371
1.996996996997 0.186060732895179
2.002002002002 0.186949186413099
2.00700700700701 0.187840903293104
2.01201201201201 0.188735886174959
2.01701701701702 0.189634137605399
2.02202202202202 0.190535660037303
2.02702702702703 0.191440455828874
2.03203203203203 0.192348527242817
2.03703703703704 0.19325987644552
2.04204204204204 0.194174505506236
2.04704704704705 0.195092416396263
2.05205205205205 0.196013610988133
2.05705705705706 0.196938091054796
2.06206206206206 0.197865858268807
2.06706706706707 0.198796914201517
2.07207207207207 0.199731260322264
2.07707707707708 0.200668897997568
2.08208208208208 0.201609828490327
2.08708708708709 0.202554052959014
2.09209209209209 0.203501572456881
2.0970970970971 0.204452387931157
2.1021021021021 0.205406500222261
2.10710710710711 0.206363910063007
2.11211211211211 0.207324618077818
2.11711711711712 0.208288624781936
2.12212212212212 0.209255930580651
2.12712712712713 0.21022653576851
2.13213213213213 0.211200440528553
2.13713713713714 0.212177644931536
2.14214214214214 0.213158148935163
2.14714714714715 0.214141952383327
2.15215215215215 0.215129055005345
2.15715715715716 0.216119456415207
2.16216216216216 0.217113156110823
2.16716716716717 0.218110153473274
2.17217217217217 0.219110447766074
2.17717717717718 0.220114038134429
2.18218218218218 0.221120923604507
2.18718718718719 0.222131103082705
2.19219219219219 0.223144575354933
2.1971971971972 0.224161339085892
2.2022022022022 0.225181392818361
2.20720720720721 0.226204734972494
2.21221221221221 0.227231363845116
2.21721721721722 0.228261277609029
2.22222222222222 0.229294474312319
2.22722722722723 0.23033095187768
2.23223223223223 0.231370708101729
2.23723723723724 0.232413740654338
2.24224224224224 0.233460047077971
2.24724724724725 0.234509624787025
2.25225225225225 0.235562471067177
2.25725725725726 0.236618583074742
2.26226226226226 0.237677957836038
2.26726726726727 0.238740592246749
2.27227227227227 0.239806483071309
2.27727727727728 0.240875626942284
2.28228228228228 0.241948020359765
2.28728728728729 0.243023659690767
2.29229229229229 0.244102541168638
2.2972972972973 0.245184660892474
2.3023023023023 0.246270014826548
2.30730730730731 0.247358598799733
2.31231231231231 0.248450408504953
2.31731731731732 0.249545439498627
2.32232232232232 0.250643687200127
2.32732732732733 0.25174514689125
2.33233233233233 0.252849813715689
2.33733733733734 0.253957682678522
2.34234234234234 0.255068748645704
2.34734734734735 0.256183006343575
2.35235235235235 0.25730045035837
2.35735735735736 0.258421075135745
2.36236236236236 0.259544874980309
2.36736736736737 0.260671844055171
2.37237237237237 0.261801976381489
2.37737737737738 0.262935265838035
2.38238238238238 0.264071706160772
2.38738738738739 0.26521129094244
2.39239239239239 0.266354013632144
2.3973973973974 0.26749986753497
2.4024024024024 0.268648845811597
2.40740740740741 0.269800941477929
2.41241241241241 0.27095614740473
2.41741741741742 0.272114456317281
2.42242242242242 0.273275860795041
2.42742742742743 0.274440353271318
2.43243243243243 0.275607926032963
2.43743743743744 0.27677857122006
2.44244244244244 0.277952280825641
2.44744744744745 0.279129046695409
2.45245245245245 0.280308860527469
2.45745745745746 0.281491713872079
2.46246246246246 0.282677598131409
2.46746746746747 0.283866504559312
2.47247247247247 0.285058424261109
2.47747747747748 0.28625334819339
2.48248248248248 0.287451267163823
2.48748748748749 0.28865217183098
2.49249249249249 0.28985605270417
2.4974974974975 0.291062900143297
2.5025025025025 0.29227270435872
2.50750750750751 0.293485455411133
2.51251251251251 0.294701143211454
2.51751751751752 0.295919757520735
2.52252252252252 0.297141287950078
2.52752752752753 0.298365723960571
2.53253253253253 0.299593054863236
2.53753753753754 0.300823269818988
2.54254254254254 0.302056357838615
2.54754754754755 0.303292307782767
2.55255255255255 0.304531108361963
2.55755755755756 0.305772748136607
2.56256256256256 0.307017215517029
2.56756756756757 0.308264498763531
2.57257257257257 0.309514585986451
2.57757757757758 0.310767465146243
2.58258258258258 0.312023124053575
2.58758758758759 0.313281550369434
2.59259259259259 0.314542731605253
2.5975975975976 0.315806655123051
2.6026026026026 0.317073308135593
2.60760760760761 0.318342677706552
2.61261261261261 0.319614750750706
2.61761761761762 0.320889514034132
2.62262262262262 0.322166954174432
2.62762762762763 0.323447057640958
2.63263263263263 0.324729810755071
2.63763763763764 0.326015199690397
2.64264264264264 0.327303210473118
2.64764764764765 0.32859382898226
2.65265265265265 0.329887040950014
2.65765765765766 0.331182831962061
2.66266266266266 0.332481187457921
2.66766766766767 0.33378209273131
2.67267267267267 0.335085532930523
2.67767767767768 0.336391493058825
2.68268268268268 0.337699957974862
2.68768768768769 0.339010912393089
2.69269269269269 0.340324340884213
2.6976976976977 0.34164022787565
2.7027027027027 0.342958557652002
2.70770770770771 0.344279314355554
2.71271271271271 0.345602481986773
2.71771771771772 0.346928044404843
2.72272272272272 0.3482559853282
2.72772772772773 0.349586288335093
2.73273273273273 0.350918936864156
2.73773773773774 0.352253914215004
2.74274274274274 0.353591203548833
2.74774774774775 0.354930787889051
2.75275275275275 0.356272650121913
2.75775775775776 0.357616772997181
2.76276276276276 0.358963139128796
2.76776776776777 0.360311730995567
2.77277277277277 0.361662530941879
2.77777777777778 0.363015521178412
2.78278278278278 0.364370683782884
2.78778778778779 0.365728000700801
2.79279279279279 0.367087453746235
2.7977977977978 0.368449024602603
2.8028028028028 0.369812694823478
2.80780780780781 0.371178445833407
2.81281281281281 0.372546258928744
2.81781781781782 0.373916115278505
2.82282282282282 0.375287995925237
2.82782782782783 0.3766618817859
2.83283283283283 0.378037753652768
2.83783783783784 0.379415592194342
2.84284284284284 0.380795377956289
2.84784784784785 0.382177091362379
2.85285285285285 0.383560712715459
2.85785785785786 0.384946222198423
2.86286286286286 0.386333599875209
2.86786786786787 0.38772282569181
2.87287287287287 0.389113879477296
2.87787787787788 0.390506740944858
2.88288288288288 0.391901389692858
2.88788788788789 0.393297805205902
2.89289289289289 0.394695966855926
2.8978978978979 0.396095853903295
2.9029029029029 0.397497445497917
2.90790790790791 0.398900720680372
2.91291291291291 0.400305658383059
2.91791791791792 0.401712237431352
2.92292292292292 0.403120436544771
2.92792792792793 0.404530234338171
2.93293293293293 0.405941609322944
2.93793793793794 0.407354539908231
2.94294294294294 0.408769004402152
2.94794794794795 0.410184981013047
2.95295295295295 0.411602447850733
2.95795795795796 0.413021382927773
2.96296296296296 0.414441764160757
2.96796796796797 0.4158635693716
2.97297297297297 0.417286776288846
2.97797797797798 0.418711362548995
2.98298298298298 0.420137305697831
2.98798798798799 0.421564583191772
2.99299299299299 0.422993172399228
2.997997997998 0.42442305060197
3.003003003003 0.425854194996515
3.00800800800801 0.427286582695518
3.01301301301301 0.428720190729183
3.01801801801802 0.430154996046675
3.02302302302302 0.43159097551755
3.02802802802803 0.433028105933201
3.03303303303303 0.4344663640083
3.03803803803804 0.435905726382268
3.04304304304304 0.437346169620742
3.04804804804805 0.438787670217059
3.05305305305305 0.440230204593752
3.05805805805806 0.441673749104048
3.06306306306306 0.443118280033385
3.06806806806807 0.44456377360093
3.07307307307307 0.446010205961115
3.07807807807808 0.447457553205177
3.08308308308308 0.448905791362705
3.08808808808809 0.4503548964032
3.09309309309309 0.451804844237646
3.0980980980981 0.453255610720078
3.1031031031031 0.454707171649174
3.10810810810811 0.45615950276984
3.11311311311311 0.457612579774812
3.11811811811812 0.459066378306264
3.12312312312312 0.460520873957419
3.12812812812813 0.461976042274173
3.13313313313313 0.46343185875672
3.13813813813814 0.464888298861189
3.14314314314314 0.466345338001285
3.14814814814815 0.467802951549931
3.15315315315315 0.469261114840927
3.15815815815816 0.470719803170605
3.16316316316316 0.472178991799495
3.16816816816817 0.47363865595399
3.17317317317317 0.475098770828024
3.17817817817818 0.47655931158475
3.18318318318318 0.47802025335822
3.18818818818819 0.479481571255078
3.19319319319319 0.480943240356244
3.1981981981982 0.482405235718616
3.2032032032032 0.483867532376765
3.20820820820821 0.485330105344636
3.21321321321321 0.486792929617255
3.21821821821822 0.488255980172435
3.22322322322322 0.489719231972489
3.22822822822823 0.491182659965936
3.23323323323323 0.492646239089222
3.23823823823824 0.494109944268432
3.24324324324324 0.49557375042101
3.24824824824825 0.497037632457475
3.25325325325325 0.498501565283144
3.25825825825826 0.499965523799849
3.26326326326326 0.501429482907663
3.26826826826827 0.502893417506617
3.27327327327327 0.504357302498421
3.27827827827828 0.50582111278819
3.28328328328328 0.507284823286159
3.28828828828829 0.508748408909408
3.29329329329329 0.510211844583575
3.2982982982983 0.511675105244581
3.3033033033033 0.513138165840338
3.30830830830831 0.51460100133247
3.31331331331331 0.516063586698021
3.31831831831832 0.517525896931169
3.32332332332332 0.518987907044929
3.32832832832833 0.520449592072863
3.33333333333333 0.521910927070779
3.33833833833834 0.523371887118427
3.34334334334334 0.524832447321202
3.34834834834835 0.526292582811827
3.35335335335335 0.527752268752047
3.35835835835836 0.529211480334307
3.36336336336336 0.530670192783436
3.36836836836837 0.532128381358317
3.37337337337337 0.533586021353558
3.37837837837838 0.535043088101157
3.38338338338338 0.536499556972159
3.38838838838839 0.53795540337831
3.39339339339339 0.539410602773703
3.3983983983984 0.540865130656422
3.4034034034034 0.542318962570172
3.40840840840841 0.543772074105911
3.41341341341341 0.545224440903471
3.41841841841842 0.546676038653171
3.42342342342342 0.548126843097424
3.42842842842843 0.549576830032339
3.43343343343343 0.551025975309308
3.43843843843844 0.552474254836597
3.44344344344344 0.553921644580916
3.44844844844845 0.555368120568991
3.45345345345345 0.556813658889117
3.45845845845846 0.558258235692715
3.46346346346346 0.559701827195872
3.46846846846847 0.561144409680867
3.47347347347347 0.562585959497703
3.47847847847848 0.564026453065612
3.48348348348348 0.565465866874564
3.48848848848849 0.566904177486758
3.49349349349349 0.568341361538105
3.4984984984985 0.569777395739702
3.5035035035035 0.571212256879293
3.50850850850851 0.572645921822722
3.51351351351351 0.574078367515373
3.51851851851852 0.5755095709836
3.52352352352352 0.576939509336142
3.52852852852853 0.578368159765535
3.53353353353353 0.579795499549506
3.53853853853854 0.58122150605235
3.54354354354354 0.582646156726312
3.54854854854855 0.584069429112935
3.55355355355355 0.585491300844417
3.55855855855856 0.586911749644937
3.56356356356356 0.588330753331982
3.56856856856857 0.589748289817654
3.57357357357357 0.591164337109968
3.57857857857858 0.592578873314129
3.58358358358358 0.593991876633811
3.58858858858859 0.595403325372406
3.59359359359359 0.596813197934268
3.5985985985986 0.598221472825946
3.6036036036036 0.599628128657396
3.60860860860861 0.60103314414318
3.61361361361361 0.602436498103661
3.61861861861862 0.603838169466171
3.62362362362362 0.605238137266167
3.62862862862863 0.606636380648385
3.63363363363363 0.608032878867962
3.63863863863864 0.609427611291551
3.64364364364364 0.61082055739843
3.64864864864865 0.612211696781579
3.65365365365365 0.613601009148756
3.65865865865866 0.614988474323549
3.66366366366366 0.61637407224642
3.66866866866867 0.617757782975732
3.67367367367367 0.619139586688752
3.67867867867868 0.620519463682655
3.68368368368368 0.621897394375495
3.68868868868869 0.623273359307174
3.69369369369369 0.624647339140388
3.6986986986987 0.626019314661562
3.7037037037037 0.627389266781761
3.70870870870871 0.628757176537597
3.71371371371371 0.63012302509211
3.71871871871872 0.631486793735639
3.72372372372372 0.632848463886671
3.72872872872873 0.634208017092685
3.73373373373373 0.635565435030966
3.73873873873874 0.636920699509411
3.74374374374374 0.63827379246732
3.74874874874875 0.639624695976166
3.75375375375375 0.64097339224035
3.75875875875876 0.642319863597944
3.76376376376376 0.643664092521409
3.76876876876877 0.645006061618306
3.77377377377377 0.646345753631983
3.77877877877878 0.647683151442254
3.78378378378378 0.649018238066051
3.78878878878879 0.650350996658067
3.79379379379379 0.651681410511382
3.7987987987988 0.65300946305807
3.8038038038038 0.654335137869792
3.80880880880881 0.655658418658367
3.81381381381381 0.656979289276338
3.81881881881882 0.658297733717507
3.82382382382382 0.659613736117466
3.82882882882883 0.660927280754103
3.83383383383383 0.662238352048098
3.83883883883884 0.663546934563397
3.84384384384384 0.664853013007676
3.84884884884885 0.666156572232778
3.85385385385385 0.667457597235149
3.85885885885886 0.668756073156243
3.86386386386386 0.670051985282918
3.86886886886887 0.67134531904782
3.87387387387387 0.672636060029736
3.87887887887888 0.673924193953949
3.88388388388388 0.675209706692563
3.88888888888889 0.676492584264822
3.89389389389389 0.677772812837401
3.8988988988989 0.679050378724696
3.9039039039039 0.680325268389084
3.90890890890891 0.681597468441178
3.91391391391391 0.682866965640057
3.91891891891892 0.68413374689349
3.92392392392392 0.685397799258135
3.92892892892893 0.686659109939729
3.93393393393393 0.687917666293257
3.93893893893894 0.689173455823113
3.94394394394394 0.690426466183237
3.94894894894895 0.691676685177243
3.95395395395395 0.692924100758529
3.95895895895896 0.694168701030371
3.96396396396396 0.695410474246007
3.96896896896897 0.696649408808698
3.97397397397397 0.69788549327178
3.97897897897898 0.6991187163387
3.98398398398398 0.700349066863038
3.98898898898899 0.70157653384851
3.99399399399399 0.70280110644896
3.998998998999 0.704022773968342
4.004004004004 0.705241525860675
4.00900900900901 0.706457351729997
4.01401401401401 0.7076702413303
4.01901901901902 0.708880184565446
4.02402402402402 0.710087171489076
4.02902902902903 0.711291192304503
4.03403403403403 0.712492237364589
4.03903903903904 0.71369029717161
4.04404404404404 0.714885362377112
4.04904904904905 0.716077423781744
4.05405405405405 0.717266472335085
4.05905905905906 0.718452499135457
4.06406406406406 0.719635495429721
4.06906906906907 0.720815452613066
4.07407407407407 0.72199236222878
4.07907907907908 0.723166215968011
4.08408408408408 0.724337005669515
4.08908908908909 0.725504723319392
4.09409409409409 0.726669361050807
4.0990990990991 0.727830911143702
4.1041041041041 0.728989366024497
4.10910910910911 0.730144718265773
4.11411411411411 0.73129696058595
4.11911911911912 0.732446085848949
4.12412412412412 0.733592087063844
4.12912912912913 0.734734957384505
4.13413413413413 0.735874690109223
4.13913913913914 0.737011278680332
4.14414414414414 0.738144716683812
4.14914914914915 0.73927499784889
4.15415415415415 0.740402116047624
4.15915915915916 0.741526065294473
4.16416416416416 0.742646839745871
4.16916916916917 0.743764433699771
4.17417417417417 0.744878841595197
4.17917917917918 0.745990058011775
4.18418418418418 0.747098077669255
4.18918918918919 0.748202895427027
4.19419419419419 0.749304506283629
4.1991991991992 0.750402905376236
4.2042042042042 0.751498087980152
4.20920920920921 0.752590049508281
4.21421421421421 0.7536787855106
4.21921921921922 0.754764291673614
4.22422422422422 0.755846563819809
4.22922922922923 0.756925597907089
4.23423423423423 0.758001390028214
4.23923923923924 0.759073936410224
4.24424424424424 0.760143233413849
4.24924924924925 0.761209277532927
4.25425425425425 0.762272065393798
4.25925925925926 0.763331593754697
4.26426426426426 0.764387859505143
4.26926926926927 0.765440859665313
4.27427427427427 0.766490591385414
4.27927927927928 0.767537051945044
4.28428428428428 0.768580238752553
4.28928928928929 0.769620149344387
4.29429429429429 0.770656781384432
4.2992992992993 0.771690132663352
4.3043043043043 0.772720201097915
4.30930930930931 0.773746984730317
4.31431431431431 0.774770481727504
4.31931931931932 0.775790690380472
4.32432432432432 0.776807609103583
4.32932932932933 0.777821236433857
4.33433433433433 0.778831571030268
4.33933933933934 0.779838611673031
4.34434434434434 0.780842357262888
4.34934934934935 0.78184280682038
4.35435435435435 0.782839959485123
4.35935935935936 0.783833814515075
4.36436436436436 0.784824371285796
4.36936936936937 0.785811629289712
4.37437437437437 0.786795588135359
4.37937937937938 0.787776247546643
4.38438438438438 0.788753607362074
4.38938938938939 0.789727667534015
4.39439439439439 0.790698428127914
4.3993993993994 0.791665889321538
4.4044044044044 0.792630051404203
4.40940940940941 0.793590914775996
4.41441441441441 0.794548479947001
4.41941941941942 0.795502747536516
4.42442442442442 0.796453718272266
4.42942942942943 0.79740139298962
4.43443443443443 0.798345772630795
4.43943943943944 0.799286858244066
4.44444444444444 0.800224650982969
4.44944944944945 0.8011591521055
4.45445445445445 0.802090362973318
4.45945945945946 0.803018285050936
4.46446446446446 0.803942919904918
4.46946946946947 0.804864269203072
4.47447447447447 0.805782334713635
4.47947947947948 0.806697118304468
4.48448448448448 0.807608621942237
4.48948948948949 0.808516847691597
4.49449449449449 0.809421797714381
4.4994994994995 0.810323474268776
4.5045045045045 0.811221879708505
4.50950950950951 0.812117016482006
4.51451451451451 0.813008887131612
4.51951951951952 0.813897494292724
4.52452452452452 0.814782840692993
4.52952952952953 0.815664929151489
4.53453453453453 0.816543762577881
4.53953953953954 0.817419343971607
4.54454454454454 0.818291676421053
4.54954954954955 0.819160763102721
4.55455455455455 0.820026607280405
4.55955955955956 0.820889212304365
4.56456456456456 0.821748581610495
4.56956956956957 0.822604718719505
4.57457457457457 0.823457627236084
4.57957957957958 0.824307310848082
4.58458458458458 0.825153773325678
4.58958958958959 0.825997018520557
4.59459459459459 0.826837050365084
4.5995995995996 0.82767387287148
4.6046046046046 0.828507490130998
4.60960960960961 0.829337906313097
4.61461461461461 0.830165125664624
4.61961961961962 0.830989152508992
4.62462462462462 0.831809991245357
4.62962962962963 0.832627646347802
4.63463463463463 0.833442122364515
4.63963963963964 0.834253423916978
4.64464464464464 0.835061555699149
4.64964964964965 0.835866522476645
4.65465465465465 0.836668329085938
4.65965965965966 0.837466980433536
4.66466466466466 0.838262481495178
4.66966966966967 0.839054837315028
4.67467467467467 0.839844053004867
4.67967967967968 0.840630133743292
4.68468468468468 0.841413084774913
4.68968968968969 0.842192911409554
4.69469469469469 0.842969619021457
4.6996996996997 0.843743213048487
4.7047047047047 0.844513698991335
4.70970970970971 0.845281082412733
4.71471471471471 0.846045368936666
4.71971971971972 0.84680656424758
4.72472472472472 0.847564674089607
4.72972972972973 0.84831970426578
4.73473473473473 0.849071660637253
4.73973973973974 0.849820549122533
4.74474474474474 0.8505663756967
4.74974974974975 0.851309146390643
4.75475475475475 0.85204886729029
4.75975975975976 0.852785544535844
4.76476476476476 0.853519184321025
4.76976976976977 0.854249792892309
4.77477477477477 0.854977376548174
4.77977977977978 0.855701941638351
4.78478478478478 0.85642349456307
4.78978978978979 0.857142041772321
4.79479479479479 0.857857589765108
4.7997997997998 0.858570145088708
4.8048048048048 0.859279714337944
4.80980980980981 0.859986304154443
4.81481481481481 0.860689921225914
4.81981981981982 0.861390572285421
4.82482482482482 0.862088264110661
4.82982982982983 0.862783003523246
4.83483483483483 0.863474797387989
4.83983983983984 0.864163652612194
4.84484484484484 0.864849576144946
4.84984984984985 0.86553257497641
4.85485485485485 0.86621265613713
4.85985985985986 0.866889826697336
4.86486486486486 0.867564093766246
4.86986986986987 0.868235464491383
4.87487487487487 0.868903946057889
4.87987987987988 0.869569545687842
4.88488488488488 0.870232270639583
4.88988988988989 0.870892128207041
4.89489489489489 0.871549125719063
4.8998998998999 0.872203270538755
4.9049049049049 0.872854570062812
4.90990990990991 0.873503031720871
4.91491491491491 0.87414866297485
4.91991991991992 0.874791471318306
4.92492492492492 0.875431464275786
4.92992992992993 0.87606864940219
4.93493493493493 0.876703034282131
4.93993993993994 0.877334626529306
4.94494494494494 0.877963433785869
4.94994994994995 0.878589463721802
4.95495495495495 0.879212724034304
4.95995995995996 0.879833222447167
4.96496496496496 0.88045096671017
4.96996996996997 0.881065964598473
4.97497497497497 0.881678223912011
4.97997997997998 0.8822877524749
4.98498498498498 0.882894558134839
4.98998998998999 0.883498648762523
4.99499499499499 0.884100032251058
5 0.884698716515379
