1.000,1.000|1.000,1.000
1.000,1.000|1.000,0.839
1.000,1.000|1.000,0.720
1.000,1.000|0.996,0.655
1.000,1.000|0.996,0.628
1.000,1.000|0.996,0.582
1.000,0.969|0.992,0.563
1.000,0.923|0.992,0.548
1.000,0.877|0.983,0.533
1.000,0.854|0.983,0.521
1.000,0.824|0.983,0.513
1.000,0.808|0.983,0.498
1.000,0.793|0.979,0.487
1.000,0.755|0.979,0.475
1.000,0.747|0.979,0.460
1.000,0.728|0.971,0.460
1.000,0.720|0.971,0.452
0.996,0.705|0.967,0.437
0.996,0.705|0.967,0.418
0.996,0.686|0.962,0.410
0.996,0.682|0.962,0.398
0.996,0.674|0.962,0.391
0.996,0.655|0.958,0.387
0.996,0.648|0.954,0.387
0.996,0.644|0.950,0.383
0.996,0.640|0.950,0.372
0.996,0.636|0.950,0.372
0.996,0.628|0.950,0.372
0.996,0.617|0.946,0.368
0.996,0.605|0.946,0.368
0.996,0.605|0.946,0.360
0.996,0.586|0.946,0.352
0.996,0.582|0.941,0.352
0.992,0.582|0.941,0.345
0.992,0.575|0.937,0.345
0.992,0.567|0.937,0.337
0.992,0.567|0.937,0.333
0.992,0.563|0.937,0.330
0.992,0.556|0.933,0.326
0.992,0.556|0.933,0.322
0.992,0.552|0.933,0.322
0.992,0.552|0.933,0.322
0.992,0.544|0.929,0.322
0.987,0.544|0.929,0.314
0.987,0.544|0.929,0.314
0.987,0.540|0.929,0.310
0.983,0.533|0.929,0.310
0.983,0.533|0.929,0.310
0.983,0.533|0.925,0.310
0.983,0.529|0.925,0.310
0.983,0.521|0.925,0.307
0.983,0.521|0.925,0.307
0.983,0.517|0.925,0.295
0.983,0.513|0.925,0.295
0.983,0.513|0.925,0.295
0.983,0.513|0.925,0.295
0.983,0.506|0.925,0.295
0.983,0.502|0.925,0.295
0.983,0.498|0.921,0.295
0.983,0.498|0.921,0.287
0.979,0.490|0.921,0.284
0.979,0.490|0.921,0.284
0.979,0.490|0.921,0.284
0.979,0.483|0.912,0.284
0.979,0.479|0.912,0.284
0.979,0.479|0.908,0.284
0.979,0.475|0.908,0.280
0.979,0.475|0.908,0.280
0.979,0.475|0.908,0.280
0.979,0.471|0.908,0.280
0.979,0.460|0.908,0.280
0.975,0.460|0.904,0.272
0.975,0.460|0.904,0.268
0.971,0.460|0.904,0.268
0.971,0.460|0.904,0.268
0.971,0.460|0.900,0.268
0.971,0.460|0.900,0.264
0.971,0.452|0.900,0.264
0.971,0.448|0.900,0.264
0.971,0.441|0.900,0.264
0.971,0.437|0.900,0.264
0.967,0.437|0.900,0.264
0.967,0.433|0.900,0.264
0.967,0.429|0.900,0.264
0.967,0.425|0.900,0.264
0.967,0.418|0.900,0.264
0.962,0.418|0.895,0.261
0.962,0.418|0.895,0.253
0.962,0.410|0.895,0.253
0.962,0.406|0.895,0.253
0.962,0.402|0.895,0.253
0.962,0.398|0.895,0.249
0.962,0.395|0.895,0.249
0.962,0.395|0.895,0.245
0.962,0.391|0.895,0.245
0.962,0.387|0.895,0.245
0.958,0.387|0.895,0.245
0.958,0.387|0.895,0.238
0.958,0.387|0.887,0.238
0.958,0.387|0.887,0.238
0.954,0.387|0.883,0.238
0.954,0.387|0.883,0.234
0.954,0.383|0.883,0.234
0.950,0.383|0.883,0.234
0.950,0.383|0.883,0.234
0.950,0.383|0.883,0.234
0.950,0.375|0.883,0.234
0.950,0.372|0.883,0.234
0.950,0.372|0.879,0.234
0.950,0.372|0.879,0.234
0.950,0.372|0.879,0.234
0.950,0.372|0.879,0.234
0.950,0.372|0.879,0.230
0.950,0.372|0.879,0.230
0.950,0.372|0.879,0.230
0.946,0.372|0.879,0.230
0.946,0.368|0.879,0.226
0.946,0.368|0.874,0.226
0.946,0.368|0.870,0.226
0.946,0.368|0.870,0.218
0.946,0.368|0.870,0.218
0.946,0.368|0.870,0.218
0.946,0.360|0.870,0.218
0.946,0.356|0.870,0.218
0.946,0.352|0.870,0.218
0.946,0.352|0.870,0.218
0.946,0.352|0.870,0.218
0.941,0.352|0.870,0.215
0.941,0.352|0.870,0.215
0.941,0.352|0.870,0.215
0.941,0.349|0.870,0.215
0.941,0.345|0.870,0.215
0.937,0.345|0.870,0.215
0.937,0.345|0.870,0.215
0.937,0.345|0.866,0.215
0.937,0.345|0.866,0.215
0.937,0.337|0.866,0.215
0.937,0.337|0.866,0.215
0.937,0.337|0.866,0.215
0.937,0.333|0.866,0.215
0.937,0.333|0.866,0.215
0.937,0.330|0.866,0.215
0.937,0.330|0.866,0.211
0.933,0.326|0.866,0.211
0.933,0.326|0.866,0.211
0.933,0.326|0.862,0.207
0.933,0.326|0.862,0.207
0.933,0.322|0.862,0.207
0.933,0.322|0.862,0.207
0.933,0.322|0.862,0.203
0.933,0.322|0.862,0.203
0.933,0.322|0.862,0.199
0.933,0.322|0.862,0.199
0.929,0.322|0.858,0.199
0.929,0.322|0.858,0.199
0.929,0.322|0.858,0.199
0.929,0.318|0.858,0.195
0.929,0.314|0.858,0.195
0.929,0.314|0.858,0.195
0.929,0.314|0.858,0.195
0.929,0.314|0.858,0.195
0.929,0.314|0.858,0.195
0.929,0.310|0.858,0.195
0.929,0.310|0.858,0.195
0.929,0.310|0.858,0.195
0.929,0.310|0.858,0.195
0.929,0.310|0.858,0.195
0.929,0.310|0.858,0.195
0.929,0.310|0.858,0.195
0.925,0.310|0.858,0.195
0.925,0.310|0.858,0.195
0.925,0.310|0.858,0.195
0.925,0.310|0.858,0.195
0.925,0.310|0.858,0.195
0.925,0.307|0.858,0.195
0.925,0.307|0.854,0.195
0.925,0.307|0.854,0.195
0.925,0.307|0.854,0.195
0.925,0.299|0.854,0.195
0.925,0.295|0.854,0.195
0.925,0.295|0.854,0.195
0.925,0.295|0.854,0.195
0.925,0.295|0.854,0.195
0.925,0.295|0.854,0.195
0.925,0.295|0.854,0.195
0.925,0.295|0.854,0.195
0.925,0.295|0.854,0.195
0.925,0.295|0.849,0.195
0.925,0.295|0.849,0.195
0.925,0.295|0.849,0.195
0.925,0.295|0.849,0.192
0.925,0.295|0.849,0.192
0.921,0.295|0.849,0.192
0.921,0.295|0.845,0.188
0.921,0.291|0.845,0.188
0.921,0.291|0.845,0.188
0.921,0.284|0.845,0.188
0.921,0.284|0.841,0.188
0.921,0.284|0.841,0.184
0.921,0.284|0.841,0.184
0.921,0.284|0.841,0.184
0.921,0.284|0.841,0.180
0.921,0.284|0.841,0.180
0.916,0.284|0.841,0.176
0.912,0.284|0.837,0.176
0.912,0.284|0.837,0.172
0.912,0.284|0.837,0.172
0.908,0.284|0.837,0.169
0.908,0.284|0.837,0.169
0.908,0.284|0.837,0.165
0.908,0.280|0.837,0.161
0.908,0.280|0.837,0.161
0.908,0.280|0.833,0.161
0.908,0.280|0.833,0.161
0.908,0.280|0.833,0.161
0.908,0.280|0.833,0.161
0.908,0.280|0.833,0.157
0.908,0.280|0.833,0.157
0.908,0.280|0.833,0.157
0.908,0.280|0.833,0.157
0.908,0.280|0.833,0.157
0.904,0.272|0.833,0.157
0.904,0.272|0.833,0.157
0.904,0.268|0.828,0.157
0.904,0.268|0.824,0.157
0.904,0.268|0.824,0.157
0.904,0.268|0.824,0.157
0.904,0.268|0.824,0.157
0.904,0.268|0.820,0.157
0.900,0.268|0.820,0.157
0.900,0.264|0.820,0.157
0.900,0.264|0.820,0.157
0.900,0.264|0.820,0.153
0.900,0.264|0.820,0.153
0.900,0.264|0.820,0.153
0.900,0.264|0.820,0.153
0.900,0.264|0.820,0.153
0.900,0.264|0.820,0.153
0.900,0.264|0.820,0.149
0.900,0.264|0.820,0.146
0.900,0.264|0.820,0.146
0.900,0.264|0.820,0.146
0.900,0.264|0.820,0.146
0.900,0.264|0.816,0.146
0.900,0.264|0.816,0.146
0.900,0.264|0.816,0.146
0.900,0.264|0.816,0.146
0.900,0.264|0.816,0.146
0.900,0.264|0.816,0.146
0.900,0.261|0.816,0.146
0.895,0.261|0.816,0.146
0.895,0.257|0.816,0.146
0.895,0.253|0.816,0.146
0.895,0.253|0.816,0.142
0.895,0.253|0.816,0.142
0.895,0.253|0.816,0.142
0.895,0.253|0.816,0.138
0.895,0.253|0.816,0.138
0.895,0.253|0.812,0.138
0.895,0.249|0.812,0.134
0.895,0.249|0.812,0.134
0.895,0.249|0.812,0.134
0.895,0.249|0.812,0.130
0.895,0.245|0.812,0.126
0.895,0.245|0.812,0.123
0.895,0.245|0.812,0.123
0.895,0.245|0.812,0.123
0.895,0.245|0.812,0.119
0.895,0.245|0.812,0.119
0.895,0.241|0.812,0.119
0.895,0.238|0.812,0.119
0.895,0.238|0.812,0.119
0.887,0.238|0.812,0.119
0.887,0.238|0.812,0.119
0.887,0.238|0.812,0.115
0.887,0.238|0.812,0.115
0.883,0.238|0.812,0.115
0.883,0.234|0.808,0.115
0.883,0.234|0.808,0.115
0.883,0.234|0.808,0.115
0.883,0.234|0.808,0.115
0.883,0.234|0.808,0.115
0.883,0.234|0.808,0.115
0.883,0.234|0.808,0.115
0.883,0.234|0.808,0.115
0.883,0.234|0.808,0.115
0.883,0.234|0.808,0.115
0.883,0.234|0.808,0.115
0.883,0.234|0.808,0.115
0.879,0.234|0.808,0.115
0.879,0.234|0.808,0.115
0.879,0.234|0.808,0.115
0.879,0.234|0.808,0.115
0.879,0.234|0.808,0.115
0.879,0.234|0.808,0.115
0.879,0.234|0.808,0.107
0.879,0.230|0.808,0.107
0.879,0.230|0.808,0.107
0.879,0.230|0.808,0.107
0.879,0.230|0.808,0.107
0.879,0.230|0.808,0.107
0.879,0.230|0.808,0.107
0.879,0.230|0.808,0.107
0.879,0.226|0.803,0.107
0.874,0.226|0.803,0.107
0.874,0.226|0.803,0.107
0.870,0.226|0.803,0.107
0.870,0.222|0.803,0.107
0.870,0.218|0.803,0.107
0.870,0.218|0.803,0.107
0.870,0.218|0.799,0.107
0.870,0.218|0.799,0.107
0.870,0.218|0.795,0.107
0.870,0.218|0.791,0.107
0.870,0.218|0.791,0.107
0.870,0.218|0.791,0.107
0.870,0.218|0.791,0.107
0.870,0.218|0.791,0.100
0.870,0.218|0.791,0.100
0.870,0.218|0.791,0.100
0.870,0.215|0.791,0.100
0.870,0.215|0.791,0.100
0.870,0.215|0.791,0.100
0.870,0.215|0.787,0.100
0.870,0.215|0.787,0.100
0.870,0.215|0.787,0.100
0.870,0.215|0.787,0.100
0.870,0.215|0.782,0.100
0.870,0.215|0.782,0.096
0.870,0.215|0.782,0.096
0.870,0.215|0.782,0.096
0.866,0.215|0.782,0.096
0.866,0.215|0.782,0.096
0.866,0.215|0.778,0.096
0.866,0.215|0.774,0.096
0.866,0.215|0.774,0.096
0.866,0.215|0.774,0.096
0.866,0.215|0.774,0.092
0.866,0.215|0.774,0.088
0.866,0.215|0.774,0.088
0.866,0.215|0.774,0.088
0.866,0.215|0.774,0.088
0.866,0.215|0.774,0.088
0.866,0.211|0.774,0.088
0.866,0.211|0.774,0.084
0.866,0.211|0.774,0.084
0.866,0.207|0.774,0.084
0.862,0.207|0.774,0.084
0.862,0.207|0.774,0.084
0.862,0.207|0.774,0.084
0.862,0.207|0.774,0.084
0.862,0.207|0.774,0.084
0.862,0.203|0.774,0.084
0.862,0.203|0.774,0.084
0.862,0.203|0.774,0.084
0.862,0.199|0.770,0.084
0.862,0.199|0.770,0.084
0.862,0.199|0.770,0.080
0.858,0.199|0.770,0.080
0.858,0.199|0.770,0.080
0.858,0.199|0.770,0.080
0.858,0.199|0.770,0.080
0.858,0.195|0.770,0.080
0.858,0.195|0.770,0.080
0.858,0.195|0.770,0.077
0.858,0.195|0.770,0.077
0.858,0.195|0.770,0.077
0.858,0.195|0.770,0.077
0.858,0.195|0.770,0.077
0.858,0.195|0.766,0.077
0.858,0.195|0.766,0.077
0.858,0.195|0.766,0.077
0.858,0.195|0.766,0.077
0.858,0.195|0.766,0.077
0.858,0.195|0.766,0.077
0.858,0.195|0.766,0.077
0.858,0.195|0.762,0.077
0.858,0.195|0.762,0.077
0.858,0.195|0.757,0.077
0.858,0.195|0.757,0.077
0.858,0.195|0.757,0.077
0.858,0.195|0.757,0.073
0.858,0.195|0.757,0.073
0.858,0.195|0.757,0.073
0.858,0.195|0.757,0.073
0.858,0.195|0.757,0.073
0.858,0.195|0.753,0.073
0.854,0.195|0.749,0.073
0.854,0.195|0.749,0.073
0.854,0.195|0.749,0.073
0.854,0.195|0.749,0.073
0.854,0.195|0.749,0.073
0.854,0.195|0.745,0.073
0.854,0.195|0.745,0.073
0.854,0.195|0.745,0.073
0.854,0.195|0.745,0.073
0.854,0.195|0.745,0.073
0.854,0.195|0.745,0.073
0.854,0.195|0.745,0.073
0.854,0.195|0.745,0.073
0.854,0.195|0.745,0.073
0.854,0.195|0.745,0.073
0.854,0.195|0.741,0.073
0.849,0.195|0.741,0.073
0.849,0.195|0.741,0.073
0.849,0.195|0.736,0.073
0.849,0.195|0.736,0.073
0.849,0.192|0.736,0.073
0.849,0.192|0.736,0.073
0.849,0.192|0.736,0.073
0.845,0.188|0.736,0.073
0.845,0.188|0.736,0.073
0.845,0.188|0.736,0.073
0.845,0.188|0.736,0.073
0.845,0.188|0.736,0.073
0.841,0.188|0.736,0.073
0.841,0.184|0.736,0.073
0.841,0.184|0.736,0.073
0.841,0.184|0.736,0.073
0.841,0.184|0.736,0.073
0.841,0.180|0.736,0.073
0.841,0.180|0.736,0.073
0.841,0.180|0.736,0.073
0.837,0.176|0.736,0.073
0.837,0.176|0.736,0.073
0.837,0.172|0.736,0.073
0.837,0.172|0.736,0.069
0.837,0.169|0.732,0.069
0.837,0.169|0.724,0.069
0.837,0.165|0.724,0.069
0.837,0.161|0.724,0.069
0.837,0.161|0.715,0.069
0.837,0.161|0.715,0.069
0.833,0.161|0.715,0.069
0.833,0.161|0.715,0.069
0.833,0.161|0.715,0.069
0.833,0.161|0.715,0.069
0.833,0.161|0.711,0.065
0.833,0.157|0.707,0.065
0.833,0.157|0.707,0.065
0.833,0.157|0.707,0.065
0.833,0.157|0.707,0.065
0.833,0.157|0.707,0.065
0.833,0.157|0.703,0.065
0.833,0.157|0.703,0.065
0.828,0.157|0.703,0.065
0.824,0.157|0.703,0.065
0.824,0.157|0.703,0.065
0.824,0.157|0.703,0.065
0.824,0.157|0.703,0.065
0.824,0.157|0.703,0.065
0.820,0.157|0.703,0.061
0.820,0.157|0.703,0.061
0.820,0.157|0.703,0.061
0.820,0.157|0.703,0.061
0.820,0.153|0.703,0.061
0.820,0.153|0.703,0.061
0.820,0.153|0.703,0.061
0.820,0.153|0.703,0.061
0.820,0.153|0.703,0.061
0.820,0.153|0.703,0.061
0.820,0.153|0.703,0.061
0.820,0.149|0.703,0.061
0.820,0.146|0.703,0.061
0.820,0.146|0.703,0.061
0.820,0.146|0.699,0.061
0.820,0.146|0.699,0.061
0.816,0.146|0.699,0.061
0.816,0.146|0.699,0.061
0.816,0.146|0.699,0.061
0.816,0.146|0.699,0.061
0.816,0.146|0.699,0.061
0.816,0.146|0.699,0.057
0.816,0.146|0.699,0.057
0.816,0.146|0.699,0.057
0.816,0.146|0.699,0.057
0.816,0.146|0.695,0.057
0.816,0.146|0.690,0.057
0.816,0.142|0.686,0.057
0.816,0.142|0.686,0.057
0.816,0.142|0.686,0.057
0.816,0.138|0.686,0.054
0.816,0.138|0.678,0.054
0.812,0.138|0.678,0.054
0.812,0.134|0.678,0.054
0.812,0.134|0.678,0.054
0.812,0.134|0.678,0.050
0.812,0.130|0.678,0.050
0.812,0.130|0.678,0.050
0.812,0.123|0.678,0.050
0.812,0.123|0.678,0.050
0.812,0.123|0.678,0.050
0.812,0.123|0.678,0.050
0.812,0.119|0.678,0.050
0.812,0.119|0.678,0.050
0.812,0.119|0.678,0.050
0.812,0.119|0.678,0.050
0.812,0.119|0.678,0.050
0.812,0.119|0.678,0.050
0.812,0.119|0.678,0.050
0.812,0.115|0.678,0.050
0.812,0.115|0.678,0.050
0.808,0.115|0.678,0.050
0.808,0.115|0.678,0.050
0.808,0.115|0.678,0.050
0.808,0.115|0.678,0.050
0.808,0.115|0.678,0.050
0.808,0.115|0.678,0.050
0.808,0.115|0.678,0.050
0.808,0.115|0.678,0.050
0.808,0.115|0.678,0.050
0.808,0.115|0.678,0.050
0.808,0.115|0.678,0.050
0.808,0.115|0.674,0.050
0.808,0.115|0.674,0.050
0.808,0.115|0.674,0.050
0.808,0.115|0.674,0.050
0.808,0.115|0.674,0.050
0.808,0.115|0.669,0.050
0.808,0.115|0.669,0.050
0.808,0.107|0.669,0.050
0.808,0.107|0.669,0.050
0.808,0.107|0.669,0.050
0.808,0.107|0.669,0.050
0.808,0.107|0.669,0.050
0.808,0.107|0.669,0.050
0.808,0.107|0.669,0.050
0.803,0.107|0.669,0.050
0.803,0.107|0.669,0.050
0.803,0.107|0.669,0.050
0.803,0.107|0.669,0.050
0.803,0.107|0.669,0.050
0.803,0.107|0.669,0.050
0.803,0.107|0.669,0.050
0.799,0.107|0.669,0.050
0.795,0.107|0.669,0.050
0.791,0.107|0.669,0.050
0.791,0.107|0.669,0.050
0.791,0.107|0.669,0.050
0.791,0.107|0.669,0.050
0.791,0.100|0.669,0.050
0.791,0.100|0.669,0.050
0.791,0.100|0.669,0.050
0.791,0.100|0.669,0.050
0.791,0.100|0.669,0.050
0.791,0.100|0.665,0.050
0.787,0.100|0.661,0.050
0.787,0.100|0.661,0.050
0.787,0.100|0.661,0.050
0.782,0.100|0.657,0.050
0.782,0.096|0.653,0.050
0.782,0.096|0.653,0.050
0.782,0.096|0.653,0.050
0.782,0.096|0.653,0.050
0.778,0.096|0.653,0.050
0.774,0.096|0.653,0.046
0.774,0.096|0.653,0.046
0.774,0.096|0.653,0.046
0.774,0.088|0.653,0.046
0.774,0.088|0.653,0.046
0.774,0.088|0.653,0.046
0.774,0.088|0.653,0.046
0.774,0.088|0.653,0.046
0.774,0.088|0.653,0.046
0.774,0.084|0.653,0.046
0.774,0.084|0.653,0.046
0.774,0.084|0.653,0.046
0.774,0.084|0.653,0.046
0.774,0.084|0.653,0.046
0.774,0.084|0.649,0.046
0.774,0.084|0.649,0.046
0.774,0.084|0.640,0.046
0.774,0.084|0.636,0.046
0.770,0.084|0.636,0.046
0.770,0.084|0.636,0.046
0.770,0.080|0.636,0.046
0.770,0.080|0.636,0.046
0.770,0.080|0.636,0.046
0.770,0.080|0.636,0.046
0.770,0.080|0.636,0.046
0.770,0.077|0.636,0.046
0.770,0.077|0.636,0.046
0.770,0.077|0.632,0.046
0.770,0.077|0.632,0.046
0.770,0.077|0.632,0.046
0.766,0.077|0.632,0.046
0.766,0.077|0.632,0.046
0.766,0.077|0.632,0.046
0.766,0.077|0.632,0.046
0.766,0.077|0.632,0.046
0.762,0.077|0.632,0.046
0.762,0.077|0.628,0.046
0.757,0.077|0.623,0.046
0.757,0.077|0.623,0.046
0.757,0.077|0.623,0.046
0.757,0.073|0.623,0.046
0.757,0.073|0.623,0.046
0.757,0.073|0.623,0.046
0.757,0.073|0.623,0.046
0.749,0.073|0.619,0.046
0.749,0.073|0.619,0.046
0.749,0.073|0.619,0.046
0.749,0.073|0.619,0.046
0.745,0.073|0.615,0.046
0.745,0.073|0.615,0.046
0.745,0.073|0.615,0.046
0.745,0.073|0.615,0.046
0.745,0.073|0.615,0.046
0.745,0.073|0.615,0.046
0.745,0.073|0.615,0.046
0.745,0.073|0.615,0.046
0.741,0.073|0.615,0.046
0.741,0.073|0.615,0.046
0.736,0.073|0.615,0.046
0.736,0.073|0.615,0.046
0.736,0.073|0.615,0.046
0.736,0.073|0.615,0.046
0.736,0.073|0.615,0.046
0.736,0.073|0.615,0.046
0.736,0.073|0.615,0.046
0.736,0.073|0.615,0.046
0.736,0.073|0.615,0.046
0.736,0.073|0.615,0.046
0.736,0.073|0.611,0.046
0.736,0.073|0.611,0.046
0.736,0.073|0.611,0.046
0.736,0.073|0.611,0.046
0.736,0.073|0.611,0.046
0.736,0.073|0.611,0.046
0.736,0.069|0.611,0.046
0.732,0.069|0.611,0.046
0.724,0.069|0.611,0.046
0.724,0.069|0.611,0.046
0.715,0.069|0.611,0.046
0.715,0.069|0.611,0.046
0.715,0.069|0.611,0.046
0.715,0.069|0.611,0.046
0.711,0.069|0.611,0.046
0.707,0.065|0.611,0.046
0.707,0.065|0.611,0.046
0.707,0.065|0.611,0.046
0.707,0.065|0.611,0.046
0.703,0.065|0.611,0.046
0.703,0.065|0.611,0.046
0.703,0.065|0.611,0.046
0.703,0.065|0.611,0.046
0.703,0.065|0.611,0.046
0.703,0.065|0.611,0.042
0.703,0.061|0.611,0.038
0.703,0.061|0.611,0.038
0.703,0.061|0.611,0.038
0.703,0.061|0.611,0.038
0.703,0.061|0.611,0.038
0.703,0.061|0.611,0.034
0.703,0.061|0.611,0.034
0.703,0.061|0.611,0.034
0.703,0.061|0.611,0.034
0.703,0.061|0.611,0.034
0.699,0.061|0.611,0.034
0.699,0.061|0.611,0.034
0.699,0.061|0.611,0.034
0.699,0.061|0.611,0.034
0.699,0.061|0.611,0.034
0.699,0.057|0.611,0.034
0.699,0.057|0.611,0.034
0.699,0.057|0.611,0.034
0.690,0.057|0.611,0.034
0.686,0.057|0.611,0.034
0.686,0.057|0.611,0.031
0.686,0.054|0.611,0.031
0.678,0.054|0.611,0.031
0.678,0.054|0.611,0.031
0.678,0.050|0.611,0.031
0.678,0.050|0.607,0.031
0.678,0.050|0.607,0.031
0.678,0.050|0.607,0.031
0.678,0.050|0.607,0.031
0.678,0.050|0.607,0.031
0.678,0.050|0.607,0.031
0.678,0.050|0.607,0.031
0.678,0.050|0.607,0.031
0.678,0.050|0.607,0.031
0.678,0.050|0.607,0.031
0.678,0.050|0.607,0.031
0.678,0.050|0.607,0.031
0.678,0.050|0.607,0.031
0.678,0.050|0.607,0.031
0.678,0.050|0.607,0.031
0.678,0.050|0.607,0.031
0.678,0.050|0.607,0.031
0.678,0.050|0.607,0.031
0.678,0.050|0.607,0.031
0.674,0.050|0.607,0.031
0.674,0.050|0.607,0.031
0.669,0.050|0.607,0.031
0.669,0.050|0.607,0.031
0.669,0.050|0.607,0.031
0.669,0.050|0.607,0.031
0.669,0.050|0.603,0.031
0.669,0.050|0.603,0.031
0.669,0.050|0.603,0.031
0.669,0.050|0.598,0.031
0.669,0.050|0.594,0.031
0.669,0.050|0.594,0.031
0.669,0.050|0.594,0.031
0.669,0.050|0.594,0.031
0.669,0.050|0.594,0.031
0.669,0.050|0.590,0.031
0.669,0.050|0.582,0.031
0.669,0.050|0.582,0.031
0.669,0.050|0.582,0.031
0.669,0.050|0.582,0.031
0.665,0.050|0.582,0.031
0.661,0.050|0.582,0.031
0.661,0.050|0.577,0.031
0.653,0.050|0.577,0.031
0.653,0.050|0.577,0.031
0.653,0.050|0.577,0.031
0.653,0.050|0.577,0.031
0.653,0.046|0.577,0.031
0.653,0.046|0.577,0.031
0.653,0.046|0.577,0.031
0.653,0.046|0.577,0.031
0.653,0.046|0.573,0.031
0.653,0.046|0.573,0.031
0.653,0.046|0.573,0.031
0.653,0.046|0.573,0.031
0.653,0.046|0.573,0.031
0.649,0.046|0.573,0.031
0.640,0.046|0.573,0.031
0.636,0.046|0.573,0.031
0.636,0.046|0.573,0.031
0.636,0.046|0.573,0.031
0.636,0.046|0.573,0.031
0.636,0.046|0.573,0.031
0.636,0.046|0.573,0.031
0.632,0.046|0.573,0.031
0.632,0.046|0.573,0.031
0.632,0.046|0.569,0.031
0.632,0.046|0.569,0.031
0.632,0.046|0.569,0.031
0.632,0.046|0.565,0.031
0.623,0.046|0.565,0.031
0.623,0.046|0.565,0.031
0.623,0.046|0.561,0.031
0.623,0.046|0.556,0.031
0.623,0.046|0.556,0.031
0.619,0.046|0.556,0.031
0.619,0.046|0.556,0.031
0.615,0.046|0.556,0.031
0.615,0.046|0.556,0.031
0.615,0.046|0.556,0.031
0.615,0.046|0.552,0.031
0.615,0.046|0.552,0.031
0.615,0.046|0.552,0.031
0.615,0.046|0.552,0.031
0.615,0.046|0.552,0.031
0.615,0.046|0.552,0.031
0.615,0.046|0.548,0.031
0.615,0.046|0.548,0.031
0.615,0.046|0.544,0.031
0.615,0.046|0.544,0.031
0.611,0.046|0.544,0.031
0.611,0.046|0.544,0.031
0.611,0.046|0.544,0.031
0.611,0.046|0.544,0.027
0.611,0.046|0.540,0.027
0.611,0.046|0.540,0.027
0.611,0.046|0.540,0.027
0.611,0.046|0.540,0.027
0.611,0.046|0.540,0.027
0.611,0.046|0.536,0.027
0.611,0.046|0.536,0.027
0.611,0.046|0.536,0.027
0.611,0.046|0.536,0.027
0.611,0.046|0.536,0.027
0.611,0.038|0.536,0.027
0.611,0.038|0.536,0.027
0.611,0.038|0.536,0.027
0.611,0.038|0.536,0.027
0.611,0.034|0.536,0.027
0.611,0.034|0.536,0.027
0.611,0.034|0.536,0.027
0.611,0.034|0.536,0.027
0.611,0.034|0.536,0.027
0.611,0.034|0.536,0.027
0.611,0.034|0.536,0.027
0.611,0.034|0.536,0.027
0.611,0.031|0.536,0.027
0.611,0.031|0.536,0.027
0.611,0.031|0.536,0.027
0.607,0.031|0.536,0.027
0.607,0.031|0.536,0.027
0.607,0.031|0.536,0.027
0.607,0.031|0.536,0.027
0.607,0.031|0.536,0.027
0.607,0.031|0.531,0.027
0.607,0.031|0.531,0.027
0.607,0.031|0.527,0.027
0.607,0.031|0.527,0.027
0.607,0.031|0.527,0.027
0.607,0.031|0.527,0.027
0.607,0.031|0.527,0.027
0.607,0.031|0.523,0.027
0.607,0.031|0.523,0.027
0.607,0.031|0.523,0.027
0.603,0.031|0.523,0.027
0.603,0.031|0.523,0.027
0.598,0.031|0.523,0.027
0.594,0.031|0.523,0.027
0.594,0.031|0.523,0.027
0.590,0.031|0.523,0.027
0.582,0.031|0.523,0.027
0.582,0.031|0.523,0.027
0.582,0.031|0.523,0.027
0.577,0.031|0.515,0.027
0.577,0.031|0.510,0.027
0.577,0.031|0.510,0.027
0.577,0.031|0.506,0.027
0.577,0.031|0.502,0.027
0.573,0.031|0.502,0.027
0.573,0.031|0.502,0.027
0.573,0.031|0.502,0.027
0.573,0.031|0.502,0.027
0.573,0.031|0.502,0.027
0.573,0.031|0.502,0.027
0.573,0.031|0.502,0.027
0.573,0.031|0.502,0.027
0.573,0.031|0.502,0.027
0.569,0.031|0.498,0.027
0.569,0.031|0.498,0.023
0.565,0.031|0.498,0.023
0.565,0.031|0.494,0.023
0.556,0.031|0.494,0.023
0.556,0.031|0.494,0.023
0.556,0.031|0.494,0.023
0.556,0.031|0.490,0.023
0.552,0.031|0.490,0.023
0.552,0.031|0.490,0.023
0.552,0.031|0.485,0.023
0.552,0.031|0.485,0.019
0.548,0.031|0.485,0.019
0.544,0.031|0.485,0.019
0.544,0.031|0.485,0.019
0.544,0.031|0.485,0.019
0.540,0.027|0.485,0.019
0.540,0.027|0.485,0.019
0.540,0.027|0.485,0.019
0.536,0.027|0.481,0.019
0.536,0.027|0.481,0.019
0.536,0.027|0.477,0.019
0.536,0.027|0.477,0.019
0.536,0.027|0.477,0.019
0.536,0.027|0.477,0.019
0.536,0.027|0.477,0.019
0.536,0.027|0.473,0.019
0.536,0.027|0.473,0.019
0.536,0.027|0.473,0.019
0.536,0.027|0.473,0.019
0.536,0.027|0.469,0.019
0.536,0.027|0.469,0.019
0.536,0.027|0.469,0.019
0.536,0.027|0.469,0.015
0.531,0.027|0.469,0.015
0.527,0.027|0.469,0.015
0.527,0.027|0.464,0.011
0.527,0.027|0.460,0.011
0.523,0.027|0.460,0.011
0.523,0.027|0.460,0.011
0.523,0.027|0.460,0.011
0.523,0.027|0.460,0.011
0.523,0.027|0.460,0.011
0.523,0.027|0.460,0.011
0.515,0.027|0.460,0.011
0.510,0.027|0.460,0.011
0.506,0.027|0.460,0.011
0.502,0.027|0.456,0.011
0.502,0.027|0.452,0.011
0.502,0.027|0.448,0.011
0.502,0.027|0.444,0.011
0.502,0.027|0.439,0.011
0.498,0.027|0.439,0.008
0.498,0.023|0.439,0.008
0.498,0.023|0.439,0.008
0.494,0.023|0.439,0.008
0.494,0.023|0.435,0.008
0.490,0.023|0.431,0.008
0.485,0.023|0.431,0.008
0.485,0.019|0.431,0.008
0.485,0.019|0.427,0.008
0.485,0.019|0.427,0.008
0.485,0.019|0.418,0.008
0.485,0.019|0.414,0.008
0.481,0.019|0.414,0.008
0.477,0.019|0.414,0.008
0.477,0.019|0.414,0.008
0.477,0.019|0.410,0.008
0.473,0.019|0.410,0.008
0.473,0.019|0.410,0.008
0.469,0.019|0.406,0.008
0.469,0.019|0.397,0.008
0.469,0.015|0.397,0.008
0.464,0.015|0.389,0.008
0.460,0.011|0.385,0.008
0.460,0.011|0.381,0.008
0.460,0.011|0.381,0.008
0.460,0.011|0.377,0.008
0.460,0.011|0.372,0.008
0.460,0.011|0.372,0.008
0.456,0.011|0.364,0.008
0.448,0.011|0.356,0.008
0.444,0.011|0.356,0.008
0.439,0.008|0.356,0.008
0.439,0.008|0.351,0.008
0.439,0.008|0.351,0.008
0.431,0.008|0.351,0.008
0.431,0.008|0.351,0.008
0.427,0.008|0.351,0.008
0.418,0.008|0.347,0.008
0.414,0.008|0.347,0.008
0.414,0.008|0.343,0.008
0.410,0.008|0.343,0.008
0.410,0.008|0.343,0.008
0.402,0.008|0.343,0.008
0.397,0.008|0.335,0.008
0.385,0.008|0.335,0.008
0.381,0.008|0.331,0.008
0.377,0.008|0.326,0.008
0.372,0.008|0.326,0.008
0.364,0.008|0.322,0.008
0.356,0.008|0.322,0.008
0.356,0.008|0.322,0.008
0.351,0.008|0.322,0.008
0.351,0.008|0.322,0.008
0.351,0.008|0.305,0.004
0.347,0.008|0.301,0.004
0.343,0.008|0.289,0.004
0.343,0.008|0.285,0.004
0.343,0.008|0.272,0.004
0.335,0.008|0.268,0.004
0.331,0.008|0.268,0.004
0.326,0.008|0.259,0.004
0.322,0.008|0.259,0.004
0.322,0.008|0.259,0.004
0.322,0.008|0.255,0.004
0.310,0.004|0.251,0.004
0.297,0.004|0.251,0.004
0.289,0.004|0.247,0.004
0.268,0.004|0.243,0.004
0.268,0.004|0.238,0.004
0.259,0.004|0.238,0.004
0.259,0.004|0.234,0.004
0.255,0.004|0.230,0.004
0.251,0.004|0.230,0.004
0.247,0.004|0.230,0.004
0.243,0.004|0.226,0.004
0.238,0.004|0.226,0.004
0.230,0.004|0.226,0.004
0.230,0.004|0.213,0.004
0.226,0.004|0.209,0.004
0.226,0.004|0.205,0.004
0.226,0.004|0.197,0.004
0.213,0.004|0.184,0.004
0.205,0.004|0.184,0.004
0.197,0.004|0.180,0.004
0.184,0.004|0.176,0.004
0.180,0.004|0.172,0.004
0.176,0.004|0.163,0.004
0.163,0.004|0.163,0.004
0.163,0.004|0.155,0.004
0.155,0.004|0.151,0.004
0.146,0.004|0.138,0.000
0.134,0.000|0.130,0.000
0.126,0.000|0.126,0.000
0.126,0.000|0.126,0.000
0.117,0.000|0.121,0.000
0.113,0.000|0.117,0.000
0.096,0.000|0.113,0.000
0.084,0.000|0.096,0.000
0.079,0.000|0.084,0.000
0.079,0.000|0.079,0.000
0.075,0.000|0.079,0.000
0.075,0.000|0.079,0.000
0.050,0.000|0.075,0.000
0.042,0.000|0.075,0.000
0.017,0.000|0.050,0.000
0.004,0.000|0.046,0.000
0.000,0.000|0.025,0.000
0.000,0.000|0.008,0.000
0.000,0.000|0.000,0.000
0.000,0.000|0.000,0.000
0.000,0.000|0.000,0.000
0.000,0.000|0.000,0.000
0.000,0.000|0.000,0.000
0.000,0.000|0.000,0.000
0.000,0.000|0.000,0.000
0.000,0.000|0.000,0.000
0.000,0.000|0.000,0.000
0.000,0.000|0.000,0.000
0.000,0.000|0.000,0.000
