0.0 0.005890984135672517
0.033444816053511704 0.00618197627690215
0.06688963210702341 0.006487248520081635
0.1003344481605351 0.006807492156568075
0.13377926421404682 0.007143430983578011
0.16722408026755853 0.007495822735456927
0.2006688963210702 0.007865460567990892
0.23411371237458192 0.008253174596657972
0.26755852842809363 0.00865983348960078
0.3010033444816053 0.009086346115965075
0.33444816053511706 0.00953366325009082
0.36789297658862874 0.01000277933185997
0.4013377926421404 0.010494734283296194
0.43478260869565216 0.011010615381273509
0.46822742474916385 0.011551559185921285
0.5016722408026756 0.012118753524007904
0.5351170568561873 0.012713439526242981
0.568561872909699 0.01333691371705415
0.6020066889632106 0.013990530154965281
0.6354515050167224 0.014675702621226349
0.6688963210702341 0.015393906853814919
0.7023411371237458 0.016146682823343448
0.7357859531772575 0.016935637046759794
0.7692307692307692 0.017762444934016148
0.8026755852842808 0.018628853162100417
0.8361204013377926 0.019536682069968742
0.8695652173913043 0.020487828066983044
0.903010033444816 0.021484266046440964
0.9364548494983277 0.022528051794679423
0.9698996655518394 0.023621324385036606
1.0033444816053512 0.02476630854466314
1.0367892976588629 0.025965316980779873
1.0702341137123745 0.027220752651483462
1.1036789297658862 0.02853511096459719
1.137123745819398 0.029910981886354975
1.1705685618729096 0.03135105193988599
1.2040133779264213 0.032858106071539106
1.237458193979933 0.034435029361050605
1.2709030100334449 0.03608480854941833
1.3043478260869565 0.03781053335610562
1.3377926421404682 0.03961539755486753
1.37123745819398 0.0415026997750769
1.4046822742474916 0.04347584399294506
1.4381270903010033 0.045538339674493146
1.471571906354515 0.04769380152955918
1.5050167224080266 0.049945948833542315
1.5384615384615383 0.05229860427102101
1.57190635451505 0.05475569225286722
1.6053511705685617 0.05732123665605299
1.6387959866220736 0.05999935793305367
1.6722408026755853 0.06279426953564449
1.705685618729097 0.0657102735960189
1.7391304347826086 0.06875175580659515
1.7725752508361203 0.07192317943868909
1.806020066889632 0.07441105170403997
1.8394648829431437 0.07639429392954696
1.8729096989966554 0.07842591582643066
1.906354515050167 0.0805068570044523
1.9397993311036787 0.08263806236206457
1.9732441471571907 0.08482048133330339
2.0066889632107023 0.08705506708633506
2.040133779264214 0.08934277567238393
2.0735785953177257 0.09168456512382425
2.1070234113712374 0.09408139450028478
2.140468227424749 0.09653422288169
2.1739130434782608 0.09904400830725016
2.2073578595317724 0.10161170665950622
2.240802675585284 0.10423827049264815
2.274247491638796 0.10692464780444198
2.3076923076923075 0.10967178075123611
2.341137123745819 0.11248060430566217
2.374581939799331 0.1153520448568037
2.4080267558528425 0.11828701875277972
2.441471571906354 0.12128643078587321
2.474916387959866 0.12435117262053785
2.508361204013378 0.12748212116482663
2.5418060200668897 0.13068013688601568
2.5752508361204014 0.1339460620714386
2.608695652173913 0.1372807190358011
2.6421404682274248 0.14068490827651617
2.6755852842809364 0.1441594065788829
2.709030100334448 0.14770496507322697
2.74247491638796 0.1513223072464292
2.7759197324414715 0.15501212691058752
2.809364548494983 0.15877508613188837
2.842809364548495 0.16261181312310147
2.8762541806020065 0.16652290010346116
2.9096989966555182 0.17050890113005077
2.94314381270903 0.17457032990516713
2.9765886287625416 0.1787076575645058
3.0100334448160533 0.1829213104513716
3.043478260869565 0.18721166788248544
3.0769230769230766 0.19157905991131952
3.1103678929765883 0.19602376509524966
3.1438127090301 0.20054600827316388
3.1772575250836117 0.20514595836050437
3.2107023411371234 0.20982372616904613
3.2441471571906355 0.2145793622590249
3.277591973244147 0.2194128548315164
3.311036789297659 0.22432412766923868
3.3444816053511706 0.22931303813418663
3.3779264214046822 0.23437937523072613
3.411371237458194 0.23952285774295046
3.4448160535117056 0.24474313245524856
3.4782608695652173 0.25003977246514114
3.511705685618729 0.2554122755975015
3.5451505016722407 0.26086006292930064
3.5785953177257523 0.26638247743398175
3.612040133779264 0.271978782754495
3.6454849498327757 0.2776481621138869
3.6789297658862874 0.2833897173721521
3.712374581939799 0.2892024682378121
3.7458193979933108 0.29508535164238114
3.7792642140468224 0.30103722128551863
3.812709030100334 0.30705684735824645
3.846153846153846 0.31314291645112724
3.8795986622073575 0.3192940316537591
3.913043478260869 0.32550871285134525
3.9464882943143813 0.3317853972234373
3.979933110367893 0.33812243994924357
4.013377926421405 0.3445181151231293
4.046822742474916 0.35097061688312386
4.080267558528428 0.3574780607543926
4.113712374581939 0.3640384852087332
4.147157190635451 0.3706498534402251
4.180602006688963 0.3773100553561901
4.214046822742475 0.3840169097816425
4.247491638795986 0.39076816687438953
4.280936454849498 0.3975615107469367
4.31438127090301 0.4043945622903157
4.3478260869565215 0.411264882193946
4.381270903010034 0.41816997415462376
4.414715719063545 0.425107288266739
4.448160535117057 0.43207422458486466
4.481605351170568 0.43906813684891904
4.51505016722408 0.4460863363612194
4.548494983277592 0.4531260960038942
4.581939799331104 0.4601846543843443
4.615384615384615 0.46725922009570237
4.648829431438127 0.4743469760786005
4.682274247491638 0.48144508406995407
4.7157190635451505 0.48855068912398175
4.749163879598662 0.49566092419024704
4.782608695652174 0.5027729147331834
4.816053511705685 0.5098837833773122
4.849498327759197 0.5169906545622213
4.882943143812708 0.524090659191304
4.916387959866221 0.5311809392583059
4.949832775919732 0.538258652435844
4.983277591973244 0.5453209766103052
5.016722408026756 0.5523651143478226
5.050167224080267 0.5593882972764511
5.083612040133779 0.5663877903701361
5.117056856187291 0.5733608961206416
5.150501672240803 0.5803049585842477
5.183946488294314 0.5872173672907304
5.217391304347826 0.5940955610029232
5.250836120401337 0.6009370313159789
5.2842809364548495 0.6077393260863431
5.317725752508361 0.6145000526813639
5.351170568561873 0.6212168810414317
5.384615384615384 0.6278875465475193
5.418060200668896 0.6345098526880096
5.4515050167224075 0.6410816735197054
5.48494983277592 0.6476009559189464
5.518394648829431 0.654065721619779
5.551839464882943 0.660474069037126
5.585284280936454 0.6668241748739075
5.618729096989966 0.6731142955120274
5.652173913043478 0.6793427681880818
5.68561872909699 0.6855080119555572
5.719063545150502 0.691608528436142
5.752508361204013 0.6976429023636095
5.785953177257525 0.7036098019244974
5.8193979933110365 0.7095079789005281
5.852842809364549 0.7153362686183953
5.88628762541806 0.7210935897131384
5.919732441471572 0.7267789437118913
5.953177257525083 0.7323914144452812
5.986622073578595 0.7369969063175782
6.020066889632107 0.7410659995164058
6.053511705685619 0.7450939116466091
6.08695652173913 0.7490803818626367
6.120401337792642 0.7530251729140751
6.153846153846153 0.7569280708422864
6.187290969899665 0.7607888846568889
6.220735785953177 0.7646074459932013
6.254180602006689 0.7683836087517819
6.2876254180602 0.772117248721187
6.321070234113712 0.775808263185078
6.354515050167223 0.7794565705147953
6.3879598662207355 0.7830621097485166
6.421404682274247 0.7866248401580979
6.454849498327759 0.7901447408046894
6.488294314381271 0.793621810084199
6.521739130434782 0.7970560652636571
6.555183946488294 0.8004475420095204
6.588628762541806 0.803796293908925
6.622073578595318 0.807102391984882
6.655518394648829 0.8103659242063719
6.688963210702341 0.8135869949942831
6.722408026755852 0.816765724724095
6.7558528428093645 0.8199022492261901
6.789297658862876 0.8229967192846388
6.822742474916388 0.8260493001352781
6.856187290969899 0.8290601709638664
6.889632107023411 0.8320295244050684
6.9230769230769225 0.8349575660429888
6.956521739130435 0.8378445139139431
6.989966555183946 0.8406905980121165
7.023411371237458 0.8434960597987317
7.056856187290969 0.8462611517153102
7.090301003344481 0.8489861367015852
7.123745819397993 0.8516712877185767
7.157190635451505 0.8543168872773256
7.190635451505017 0.856923226973736
7.224080267558528 0.8594906070299517
7.25752508361204 0.8620193358426556
7.290969899665551 0.8645097295386575
7.3244147157190636 0.8669621115380992
7.357859531772575 0.8693768121255793
7.391304347826087 0.8717541680294721
7.424749163879598 0.8740945220096874
7.45819397993311 0.8763982224540886
7.4916387959866215 0.8786656229837667
7.525083612040134 0.8808970820673336
7.558528428093645 0.8830929626443837
7.591973244147157 0.8852536317582439
7.625418060200668 0.8873794601981101
7.65886287625418 0.8894708221506519
7.692307692307692 0.891528094861137
7.725752508361204 0.8935516583041231
7.759197324414715 0.8955418948637278
7.792642140468227 0.8974991890234877
7.826086956521738 0.8994239270657867
7.8595317725752505 0.9013164967808301
7.892976588628763 0.9031772871851153
7.926421404682274 0.9050066882493462
7.959866220735786 0.9068050906357187
7.993311036789297 0.9085728854444959
8.02675585284281 0.9103104639697785
8.060200668896321 0.912018217464369
8.093645484949832 0.913696536913613
8.127090301003344 0.9153458128180998
8.160535117056856 0.9169664349850887
8.193979933110368 0.9185587923285238
8.227424749163879 0.9201232726774982
8.26086956521739 0.9216602625930091
8.294314381270903 0.9231701471928574
8.327759197324415 0.924653309984524
8.361204013377925 0.9261101327058662
8.394648829431437 0.9275409951734594
8.42809364548495 0.9289462751384183
8.461538461538462 0.930326348149522
8.494983277591972 0.9316815874234678
8.528428093645484 0.93301236372208
8.561872909698996 0.9343190452362872
8.595317725752508 0.9356019974767006
8.62876254180602 0.9368615831706041
8.66220735785953 0.9380981621651834
8.695652173913043 0.939312091336811
8.729096989966555 0.9405037245062099
8.762541806020067 0.9416734123593199
8.795986622073578 0.9428215023736883
8.82943143812709 0.9439483387502108
8.862876254180602 0.9450542623500481
8.896321070234114 0.9461396106365486
8.929765886287624 0.9472047176220073
8.963210702341136 0.9482499138190922
8.996655518394649 0.9492755261967736
9.03010033444816 0.9502818781405977
9.063545150501671 0.951269289417139
9.096989966555183 0.9522380761424792
9.130434782608695 0.9531885507545567
9.163879598662207 0.9541210219892359
9.197324414715718 0.9550357948599489
9.23076923076923 0.955933170640764
9.264214046822742 0.9568134468527405
9.297658862876254 0.957676917253429
9.331103678929766 0.958523871829386
9.364548494983277 0.9593545967915673
9.397993311036789 0.9601693745734718
9.431438127090301 0.9609684838319139
9.464882943143813 0.9617521994502988
9.498327759197323 0.9625207925442829
9.531772575250836 0.9632745304697062
9.565217391304348 0.9640136768326818
9.59866220735786 0.9647384915017343
9.63210702341137 0.9654492306218838
9.665551839464882 0.9661461466305711
9.698996655518394 0.966829488275324
9.732441471571907 0.9674995006330726
9.765886287625417 0.9681564251310159
9.799331103678929 0.968800499568954
9.832775919732441 0.9694319581429968
9.866220735785953 0.9700510314705657
9.899665551839464 0.9706579466166082
9.933110367892976 0.9712529271209459
9.966555183946488 0.9718361930266826
10.0 0.9724079609095974
