0.0 0.00032572215048266677
0.033444816053511704 0.00034190605144253855
0.06688963210702341 0.00035889378050648084
0.1003344481605351 0.00037672523311340896
0.13377926421404682 0.0003954422817910667
0.16722408026755853 0.0004150888738292443
0.2006688963210702 0.0004357111337472299
0.23411371237458192 0.00045735747078765005
0.26755852842809363 0.0004800786916797574
0.3010033444816053 0.0005039281189266331
0.33444816053511706 0.0005289617148826642
0.36789297658862874 0.0005552382119000466
0.4013377926421404 0.0005828192488360344
0.43478260869565216 0.0006117695142261184
0.46822742474916385 0.0006421568964423929
0.5016722408026756 0.0006740526411710237
0.5351170568561873 0.0007075315165579582
0.568561872909699 0.0007426719863879188
0.6020066889632106 0.0007795563916782277
0.6354515050167224 0.0008182711410861714
0.6688963210702341 0.0008589069105464755
0.7023411371237458 0.0009015588525739917
0.7357859531772575 0.0009463268156859173
0.7692307692307692 0.0009933155744178545
0.8026755852842808 0.001042635070428662
0.8361204013377926 0.0010944006652105001
0.8695652173913043 0.0011487334049426164
0.903010033444816 0.0012057602980503534
0.9364548494983277 0.001265614606054505
0.9698996655518394 0.001328436148320608
1.0033444816053512 0.0013943716213428929
1.0367892976588629 0.0014635749332235462
1.0702341137123745 0.001536207554034599
1.1036789297658862 0.0016124388827770497
1.137123745819398 0.00169244663167993
1.1705685618729096 0.0017764172286106315
1.2040133779264213 0.0018645462383971676
1.237458193979933 0.001957038803892837
1.2709030100334449 0.002054110107644173
1.3043478260869565 0.002155985855053762
1.3377926421404682 0.002262902779960751
1.37123745819398 0.0023751091735931436
1.4046822742474916 0.0024928654378775722
1.4381270903010033 0.002616444664123774
1.471571906354515 0.002746133238132311
1.5050167224080266 0.002882231472805279
1.5384615384615383 0.003025054269370222
1.57190635451505 0.0031749318083574033
1.6053511705685617 0.003332210271499474
1.6387959866220736 0.0034972525957501837
1.6722408026755853 0.003670439260644963
1.705685618729097 0.003852169110250316
1.7391304347826086 0.0040428602109708845
1.7725752508361203 0.0042429507465022295
1.806020066889632 0.00445289995123325
1.8394648829431437 0.004673189083414465
1.8729096989966554 0.0049043224394160045
1.906354515050167 0.005146828410402216
1.9397993311036787 0.005401260582746618
1.9732441471571907 0.005668198883501616
2.0066889632107023 0.005948250772220316
2.040133779264214 0.006242052480402582
2.0735785953177257 0.006550270299802511
2.1070234113712374 0.006873601920789057
2.140468227424749 0.007212777821894185
2.1739130434782608 0.007568562711612079
2.2073578595317724 0.007941757023427512
2.240802675585284 0.008333198464949109
2.274247491638796 0.00874376362190325
2.3076923076923075 0.009174369617603324
2.341137123745819 0.009625975828346461
2.374581939799331 0.01009958565500206
2.4080267558528425 0.010596248350842025
2.441471571906354 0.01111706090541837
2.474916387959866 0.011663169984017185
2.508361204013378 0.012235773921905873
2.5418060200668897 0.012836124772239957
2.5752508361204014 0.013465530406103165
2.608695652173913 0.014125356662716249
2.6421404682274248 0.01481702954736257
2.6755852842809364 0.015542037474038008
2.709030100334448 0.016301933549234603
2.74247491638796 0.01709833789260802
2.7759197324414715 0.017932939989553393
2.809364548494983 0.01880750106991832
2.842809364548495 0.01972385650621069
2.8762541806020065 0.020683918223708877
2.9096989966555182 0.021689677113846867
2.94314381270903 0.022743205441124043
2.9765886287625416 0.02384665923257262
3.0100334448160533 0.025002280637502986
3.043478260869565 0.02621240024383335
3.0769230769230766 0.027479439335791875
3.1103678929765883 0.028805912076155994
3.1438127090301 0.030194427594460536
3.1772575250836117 0.03164769196076556
3.2107023411371234 0.03316851002262382
3.2441471571906355 0.03475978708083134
3.277591973244147 0.036424530377384134
3.311036789297659 0.03816585036680529
3.3444816053511706 0.03998696173965765
3.3779264214046822 0.041891184164628704
3.411371237458194 0.043881942713078485
3.4448160535117056 0.045962767927394343
3.4782608695652173 0.04813729549192114
3.511705685618729 0.050409265462654
3.5451505016722407 0.052782521009321785
3.5785953177257523 0.055261006620990816
3.612040133779264 0.057848765723915715
3.6454849498327757 0.06054993765810389
3.6789297658862874 0.0633687539569966
3.712374581939799 0.0663095338728583
3.7458193979933108 0.06897681794488787
3.7792642140468224 0.0708686984158508
3.812709030100334 0.07280841101707083
3.846153846153846 0.07479694061981963
3.8795986622073575 0.07683527993370493
3.913043478260869 0.07892442880848785
3.9464882943143813 0.0810653934849517
3.979933110367893 0.08325918579320075
4.013377926421405 0.08550682229680724
4.046822742474916 0.08780932338127335
4.080267558528428 0.09016771228533675
4.113712374581939 0.09258301407371675
4.147157190635451 0.0950562545499833
4.180602006688963 0.09758845910832264
4.214046822742475 0.10018065152308489
4.247491638795986 0.10283385267511587
4.280936454849498 0.10554907921401567
4.31438127090301 0.10832734215561186
4.3478260869565215 0.1111696454141051
4.381270903010034 0.11407698426852356
4.414715719063545 0.11705034376332028
4.448160535117057 0.12009069704316441
4.481605351170568 0.12319900362220376
4.51505016722408 0.12637620758832974
4.548494983277592 0.12962323574323553
4.581939799331104 0.13294099567934697
4.615384615384615 0.1363303737949988
4.648829431438127 0.13979223324955228
4.682274247491638 0.14332741186047737
4.7157190635451505 0.14693671994477533
4.749163879598662 0.15062093810748073
4.782608695652174 0.1543808149803595
4.816053511705685 0.15821706491431237
4.849498327759197 0.16213036562939612
4.882943143812708 0.1661213558267892
4.916387959866221 0.1701906327674509
4.949832775919732 0.17433874982265293
4.983277591973244 0.1785662140019972
5.016722408026756 0.18287348346496837
5.050167224080267 0.18726096502250794
5.083612040133779 0.19172901163553094
5.117056856187291 0.19627791991772708
5.150501672240803 0.20090792765041798
5.183946488294314 0.20561921131763192
5.217391304347826 0.21041188366996347
5.250836120401337 0.21528599132613616
5.2842809364548495 0.22024151242155016
5.317725752508361 0.22527835431339488
5.351170568561873 0.2303963513522077
5.384615384615384 0.23559526272999798
5.418060200668896 0.24087477041526922
5.4515050167224075 0.24623447718543495
5.48494983277592 0.25167390476723905
5.518394648829431 0.25719249209585726
5.551839464882943 0.2627895937033612
5.585284280936454 0.26846447824717673
5.618729096989966 0.27421632718905287
5.652173913043478 0.28004423363487796
5.68561872909699 0.2859472013454314
5.719063545150502 0.29192414392784144
5.752508361204013 0.29797388421712845
5.785953177257525 0.30409515385675473
5.8193979933110365 0.31028659308655654
5.852842809364549 0.31654675074584127
5.88628762541806 0.32287408449873123
5.919732441471572 0.3292669612881067
5.953177257525083 0.3357236580236584
5.986622073578595 0.3422423625086965
6.020066889632107 0.3488211746093939
6.053511705685619 0.3554581076691615
6.08695652173913 0.3621510901697714
6.120401337792642 0.3688979676397671
6.153846153846153 0.37569650480953504
6.187290969899665 0.3825443880112575
6.220735785953177 0.3894392278207492
6.254180602006689 0.3963785619369845
6.2876254180602 0.4033598582938777
6.321070234113712 0.41038051839767997
6.354515050167223 0.4174378808821237
6.3879598662207355 0.4245292252722766
6.421404682274247 0.43165177594688536
6.454849498327759 0.43880270628789175
6.488294314381271 0.4459791430047087
6.521739130434782 0.4531781706198485
6.555183946488294 0.4603968361015443
6.588628762541806 0.46763215362812344
6.622073578595318 0.47488110946812684
6.655518394648829 0.4821406669594432
6.688963210702341 0.4894077715701566
6.722408026755852 0.49667935602327534
6.7558528428093645 0.5039523454671527
6.789297658862876 0.5112236626730962
6.822742474916388 0.518490233241525
6.856187290969899 0.5257489907979561
6.889632107023411 0.5329968821601858
6.9230769230769225 0.5402308724581868
6.956521739130435 0.5474479501885591
6.989966555183946 0.5546451321857421
7.023411371237458 0.561819468492734
7.056856187290969 0.5689680471146463
7.090301003344481 0.5760879986391501
7.123745819397993 0.583176500708643
7.157190635451505 0.5902307823298689
7.190635451505017 0.5972481280076471
7.224080267558528 0.6042258816904145
7.25752508361204 0.6111614505163352
7.290969899665551 0.6180523083498772
7.3244147157190636 0.6248959990999041
7.357859531772575 0.6316901398115302
7.391304347826087 0.6384324235251985
7.424749163879598 0.6451206218976574
7.45819397993311 0.6517525875807442
7.4916387959866215 0.6583262563550869
7.525083612040134 0.6648396490170408
7.558528428093645 0.6712908730183452
7.591973244147157 0.6776781238591248
7.625418060200668 0.6839996862359545
7.65886287625418 0.6902539349477707
7.692307692307692 0.6964393355633907
7.725752508361204 0.7025544448553708
7.759197324414715 0.7085979110057815
7.792642140468227 0.7145684735903253
7.826086956521738 0.7204649633479369
7.8595317725752505 0.7262863017437089
7.892976588628763 0.7320315003335611
7.926421404682274 0.7376996599396269
7.959866220735786 0.743289969645763
7.993311036789297 0.7488017056229923
8.02675585284281 0.7536887862441786
8.060200668896321 0.757497041299695
8.093645484949832 0.7612650669021008
8.127090301003344 0.7649927086765999
8.160535117056856 0.7686798325273037
8.193979933110368 0.7723263242990797
8.227424749163879 0.7759320894258511
8.26086956521739 0.7794970525663035
8.294314381270903 0.7830211572279457
8.327759197324415 0.7865043653804666
8.361204013377925 0.7899466570593144
8.394648829431437 0.7933480299604139
8.42809364548495 0.7967084990269184
8.461538461538462 0.800028096028885
8.494983277591972 0.8033068691367322
8.528428093645484 0.806544882489329
8.561872909698996 0.8097422157575342
8.595317725752508 0.8128989637039938
8.62876254180602 0.8160152357399676
8.66220735785953 0.819091155479943
8.695652173913043 0.8221268602947635
8.729096989966555 0.8251225008639714
8.762541806020067 0.828078240728045
8.795986622073578 0.8309942558411763
8.82943143812709 0.8338707341252114
8.862876254180602 0.8367078750253479
8.896321070234114 0.8395058890681566
8.929765886287624 0.8422649974224621
8.963210702341136 0.8449854314635984
8.996655518394649 0.8476674323415161
9.03010033444816 0.8503112505532023
9.063545150501671 0.8529171455198364
9.096989966555183 0.8554853851690841
9.130434782608695 0.8580162455229048
9.163879598662207 0.8605100102912179
9.197324414715718 0.8629669704717524
9.23076923076923 0.8653874239563751
9.264214046822742 0.8677716751441693
9.297658862876254 0.8701200345615134
9.331103678929766 0.8724328184893823
9.364548494983277 0.874710348598076
9.397993311036789 0.8769529515895532
9.431438127090301 0.8791609588475275
9.464882943143813 0.8813347060954688
9.498327759197323 0.8834745330626214
9.531772575250836 0.8855807831581456
9.565217391304348 0.8876538031534552
9.59866220735786 0.889693942872822
9.63210702341137 0.8917015548922896
9.665551839464882 0.8936769942469264
9.698996655518394 0.8956206181464375
9.732441471571907 0.8975327856991315
9.765886287625417 0.8994138576442345
9.799331103678929 0.901264196092522
9.832775919732441 0.9030841642752323
9.866220735785953 0.9048741263012148
9.899665551839464 0.9066344469222487
9.933110367892976 0.9083654913064675
9.966555183946488 0.9100676248198061
10.0 0.9117412128153868
