0.0 0.00921035443351722
0.033444816053511704 0.00951102471461719
0.06688963210702341 0.009821413023770369
0.1003344481605351 0.010141827008427091
0.13377926421404682 0.010472583627878547
0.16722408026755853 0.010814009406642866
0.2006688963210702 0.011166440692809834
0.23411371237458192 0.01153022392129967
0.26755852842809363 0.011905715881977273
0.3010033444816053 0.012293283992549166
0.33444816053511706 0.012693306576154023
0.36789297658862874 0.013106173143541289
0.4013377926421404 0.0135322846797135
0.43478260869565216 0.013972053934888887
0.46822742474916385 0.01442590571961927
0.5016722408026756 0.014894277203876335
0.5351170568561873 0.015377618219894638
0.568561872909699 0.0158763915685348
0.6020066889632106 0.016391073328902033
0.6354515050167224 0.016922153170926938
0.6688963210702341 0.017470134670583403
0.7023411371237458 0.01803553562738642
0.7357859531772575 0.01861888838377684
0.7692307692307692 0.019220740145963207
0.8026755852842808 0.01984165330575154
0.8361204013377926 0.02048220576285214
0.8695652173913043 0.021142991247108472
0.903010033444816 0.021824619640046887
0.9364548494983277 0.022527717295096953
0.9698996655518394 0.023252927355780346
1.0033444816053512 0.02400091007111275
1.0367892976588629 0.024772343107405368
1.0702341137123745 0.02556792185559402
1.1036789297658862 0.02638835973316026
1.137123745819398 0.027234388479644732
1.1705685618729096 0.028106758444683442
1.2040133779264213 0.029006238867427994
1.237458193979933 0.02993361814613511
1.2709030100334449 0.03088970409663548
1.3043478260869565 0.03187532419831069
1.3377926421404682 0.03289132582612518
1.37123745819398 0.03393857646717466
1.4046822742474916 0.035017963920123504
1.4381270903010033 0.03613039647581439
1.471571906354515 0.03727680307723849
1.5050167224080266 0.038458133456961086
1.5384615384615383 0.03967535824999814
1.57190635451505 0.04092946908004188
1.6053511705685617 0.04222147861683115
1.6387959866220736 0.043552420602361724
1.6722408026755853 0.04492334984352761
1.705685618729097 0.046335342168682625
1.7391304347826086 0.0477894943455072
1.7725752508361203 0.04928692395746355
1.806020066889632 0.05082876923602098
1.8394648829431437 0.05241618884573349
1.8729096989966554 0.05405036161915502
1.906354515050167 0.05573248623848428
1.9397993311036787 0.05746378086074184
1.9732441471571907 0.05924548268319799
2.0066889632107023 0.061078847445691926
2.040133779264214 0.06296514886641252
2.0735785953177257 0.06490567800764883
2.1070234113712374 0.06690174256796522
2.140468227424749 0.0689546660972164
2.1739130434782608 0.07106578713078729
2.2073578595317724 0.07323645823942879
2.240802675585284 0.07546804499106126
2.274247491638796 0.07776192482093543
2.3076923076923075 0.08011948580657821
2.341137123745819 0.08254212534400816
2.374581939799331 0.08503124872178666
2.4080267558528425 0.08758826758957598
2.441471571906354 0.0902145983180067
2.474916387959866 0.0929116602468182
2.508361204013378 0.09568087381842535
2.5418060200668897 0.09852365859428874
2.5752508361204014 0.10144143115172215
2.608695652173913 0.1044356028590656
2.6421404682274248 0.10750757752748268
2.6755852842809364 0.11065874893801249
2.709030100334448 0.11389049824291947
2.74247491638796 0.11720419124083796
2.7759197324414715 0.12060117552570838
2.809364548494983 0.12408277751004416
2.842809364548495 0.12765029932365804
2.8762541806020065 0.13130501558961027
2.9096989966555182 0.13504817007982162
2.94314381270903 0.13888097225351922
2.9765886287625416 0.1428045936824529
3.0100334448160533 0.14682016436763326
3.043478260869565 0.15092876895319535
3.0769230769230766 0.1551314428438858
3.1103678929765883 0.1594291682335986
3.1438127090301 0.1638228700533458
3.1772575250836117 0.16831341184803655
3.2107023411371234 0.1729015915924488
3.2441471571906355 0.17758813745780452
3.277591973244147 0.18237370354139698
3.311036789297659 0.18725886557275837
3.3444816053511706 0.1922441166108907
3.3779264214046822 0.1973298627481047
3.411371237458194 0.20251641883700874
3.4448160535117056 0.20780400425815454
3.4782608695652173 0.2131927387467669
3.511705685618729 0.2186826382978512
3.5451505016722407 0.22427361116976985
3.5785953177257523 0.22996545400710108
3.612040133779264 0.2357578481042225
3.6454849498327757 0.24165035583158853
3.6789297658862874 0.24764241724708397
3.712374581939799 0.25373334691512117
3.7458193979933108 0.25992233095629275
3.7792642140468224 0.26620842435039355
3.812709030100334 0.27259054851545894
3.846153846153846 0.279067489185138
3.8795986622073575 0.2856378946062128
3.913043478260869 0.2923002740773801
3.9464882943143813 0.29882992912702006
3.979933110367893 0.30491413451720834
4.013377926421405 0.3109975064483382
4.046822742474916 0.317146870856283
4.080267558528428 0.3233607618247366
4.113712374581939 0.3296376294026939
4.147157190635451 0.3359758402486401
4.180602006688963 0.34237367848806594
4.214046822742475 0.3488293467874861
4.247491638795986 0.3553409676472652
4.280936454849498 0.3619065849146533
4.31438127090301 0.3685241655174788
4.3478260869565215 0.3751916014179718
4.381270903010034 0.38190671178517777
4.414715719063545 0.38866724538339403
4.448160535117057 0.3954708831730193
4.481605351170568 0.4023152411191524
4.51505016722408 0.40919787320223244
4.548494983277592 0.4161162746239629
4.581939799331104 0.42306788520074695
4.615384615384615 0.430042612326671
4.648829431438127 0.4366192441564287
4.682274247491638 0.44321824073171934
4.7157190635451505 0.4498373380859347
4.749163879598662 0.45647424398300485
4.782608695652174 0.4631266410327564
4.816053511705685 0.4697921898813262
4.849498327759197 0.47646853246745563
4.882943143812708 0.4831532953351411
4.916387959866221 0.4898440929928347
4.949832775919732 0.4965385313091413
4.983277591973244 0.5032342109347772
5.016722408026756 0.5099287307404072
5.050167224080267 0.5166196912599053
5.083612040133779 0.5233046981285504
5.117056856187291 0.5299813655056912
5.150501672240803 0.5366473194715061
5.183946488294314 0.5433002013876068
5.217391304347826 0.5499376712114332
5.250836120401337 0.5565574107546154
5.2842809364548495 0.5631571268757789
5.317725752508361 0.5697345545985948
5.351170568561873 0.5762874601462655
5.384615384615384 0.58281364388405
5.418060200668896 0.5893109431619044
5.4515050167224075 0.5957772350497975
5.48494983277592 0.6022104389587992
5.518394648829431 0.6086085191415811
5.551839464882943 0.6149694870665597
5.585284280936454 0.6212914036604984
5.618729096989966 0.6275723814150033
5.652173913043478 0.6338105863529633
5.68561872909699 0.640004239851624
5.719063545150502 0.6461516203196038
5.752508361204013 0.6522510647258032
5.785953177257525 0.6583009699787725
5.8193979933110365 0.664299794155724
5.852842809364549 0.6702460575809766
5.88628762541806 0.6761383437542043
5.919732441471572 0.681975300129431
5.953177257525083 0.6877556387462544
5.986622073578595 0.6934781367153082
6.020066889632107 0.699141636560458
6.053511705685619 0.7046583030356974
6.08695652173913 0.7098640188795164
6.120401337792642 0.7150128163083574
6.153846153846153 0.7201062693857387
6.187290969899665 0.725143683178514
6.220735785953177 0.7301244129595649
6.254180602006689 0.735047863822323
6.2876254180602 0.7399134902197281
6.321070234113712 0.7447207954311155
6.354515050167223 0.7494693309606169
6.3879598662207355 0.7541586958707596
6.421404682274247 0.7587885360549976
6.454849498327759 0.7633585434529745
6.488294314381271 0.7678684552123355
6.521739130434782 0.7723180528009297
6.555183946488294 0.7767071610732373
6.588628762541806 0.7810356472948409
6.622073578595318 0.7851995813537367
6.655518394648829 0.7893045524928066
6.688963210702341 0.7933517210937426
6.722408026755852 0.7973411095402734
6.7558528428093645 0.8012727737916995
6.789297658862876 0.8051468023701521
6.822742474916388 0.8089633153331534
6.856187290969899 0.812722463234214
6.889632107023411 0.816424426074119
6.9230769230769225 0.8200694122454473
6.956521739130435 0.8236576574727857
6.989966555183946 0.8271894237509798
7.023411371237458 0.8306649982836714
7.056856187290969 0.8340846924242531
7.090301003344481 0.8374488406212721
7.123745819397993 0.8407577993701949
7.157190635451505 0.8440119461733425
7.190635451505017 0.8472116785096853
7.224080267558528 0.8503574128160888
7.25752508361204 0.8534495834814785
7.290969899665551 0.856488641855293
7.3244147157190636 0.8594750552714879
7.357859531772575 0.86240930608924
7.391304347826087 0.8652918907514133
7.424749163879598 0.8681233188617328
7.45819397993311 0.8709041122815291
7.4916387959866215 0.8736348042468137
7.525083612040134 0.8763159385063599
7.558528428093645 0.8789480684813717
7.591973244147157 0.8815317564472458
7.625418060200668 0.8840675727378454
7.65886287625418 0.886556094972631
7.692307692307692 0.8889979073069182
7.725752508361204 0.8913935997054668
7.759197324414715 0.8937437672395364
7.792642140468227 0.8960490094074801
7.826086956521738 0.8983099294788958
7.8595317725752505 0.9005271338622943
7.892976588628763 0.9027012314961933
7.926421404682274 0.9048328332634992
7.959866220735786 0.9069103789590732
7.993311036789297 0.9089397614612232
8.02675585284281 0.9109292478730828
8.060200668896321 0.9128794341220954
8.093645484949832 0.9147909155287047
8.127090301003344 0.9166642863757744
8.160535117056856 0.9185001394980944
8.193979933110368 0.920299065891604
8.227424749163879 0.9220616543419299
8.26086956521739 0.9237884910718276
8.294314381270903 0.9254801594070987
8.327759197324415 0.9271372394605469
8.361204013377925 0.9287603078335157
8.394648829431437 0.9303499373345564
8.42809364548495 0.9319066967147522
8.461538461538462 0.9334311504192336
8.494983277591972 0.9349238583544046
8.528428093645484 0.9363853756704067
8.561872909698996 0.9378162525583352
8.595317725752508 0.939217034061738
8.62876254180602 0.9405882599019105
8.66220735785953 0.9419304643165184
8.695652173913043 0.9432441759110747
8.729096989966555 0.9445299175228021
8.762541806020067 0.945788206096421
8.795986622073578 0.9470195525714065
8.82943143812709 0.9482244617802621
8.862876254180602 0.9494034323573726
8.896321070234114 0.950556956657994
8.929765886287624 0.951685520686961
8.963210702341136 0.9527896040366881
8.996655518394649 0.9538696798340575
9.03010033444816 0.9549262146957912
9.063545150501671 0.9559596686919217
9.096989966555183 0.9569704953169729
9.130434782608695 0.9579591414684842
9.163879598662207 0.9589260474325177
9.197324414715718 0.959871646875793
9.23076923076923 0.9607963668441115
9.264214046822742 0.9617006277667394
9.297658862876254 0.9625848434664267
9.331103678929766 0.9634494211747542
9.364548494983277 0.9642947615525055
9.397993311036789 0.9651212587147755
9.431438127090301 0.9659293002605341
9.464882943143813 0.9667192673063758
9.498327759197323 0.9674915345241919
9.531772575250836 0.9682464701825173
9.565217391304348 0.9689844361913066
9.59866220735786 0.9697057881499105
9.63210702341137 0.9704108753980274
9.665551839464882 0.971100041069414
9.698996655518394 0.9717736221481541
9.732441471571907 0.9724319495272814
9.765886287625417 0.973075348069575
9.799331103678929 0.9737041366703414
9.832775919732441 0.9743186283220122
9.866220735785953 0.9749191301803923
9.899665551839464 0.9755059436324002
9.933110367892976 0.976079364365153
9.966555183946488 0.9766396824362477
10.0 0.9771871823451069
