0.0 5.699734986226383e-05
0.033444816053511704 6.031080367801434e-05
0.06688963210702341 6.381686777357325e-05
0.1003344481605351 6.752673706772123e-05
0.13377926421404682 7.145225697573234e-05
0.16722408026755853 7.560596118633126e-05
0.2006688963210702 8.000111162999337e-05
0.23411371237458192 8.465174076539618e-05
0.26755852842809363 8.95726963181411e-05
0.3010033444816053 9.47796886135746e-05
0.33444816053511706 0.00010028934065370452
0.36789297658862874 0.00010611924109682151
0.4013377926421404 0.00011228800030755096
0.43478260869565216 0.00011881530965469077
0.46822742474916385 0.00012572200424435477
0.5016722408026756 0.00013303012928670213
0.5351170568561873 0.00014076301030587323
0.568561872909699 0.00014894532741476085
0.6020066889632106 0.00015760319388889867
0.6354515050167224 0.00016676423928714326
0.6688963210702341 0.00017645769738093846
0.7023411371237458 0.00018671449916887772
0.7357859531772575 0.00019756737126902678
0.7692307692307692 0.00020905093999808237
0.8026755852842808 0.00022120184146400126
0.8361204013377926 0.00023405883801723204
0.8695652173913043 0.00024766294142522207
0.903010033444816 0.00026205754315547866
0.9364548494983277 0.0002772885521741869
0.9698996655518394 0.00029340454069030566
1.0033444816053512 0.0003104568982992203
1.0367892976588629 0.00032849999500550036
1.0702341137123745 0.0003475913536311227
1.1036789297658862 0.00036779183214381795
1.137123745819398 0.0003891658164699344
1.1705685618729096 0.0004117814243875895
1.2040133779264213 0.0004357107211288528
1.237458193979933 0.0004610299473544297
1.2709030100334449 0.00048781976020083003
1.3043478260869565 0.0005161654881383931
1.3377926421404682 0.0005461574004189184
1.37123745819398 0.0005778909919340062
1.4046822742474916 0.0006114672843497804
1.4381270903010033 0.0006469931444303405
1.471571906354515 0.0006845816205113479
1.5050167224080266 0.0007243522981365068
1.5384615384615383 0.0007664316759235606
1.57190635451505 0.0008109535627827949
1.6053511705685617 0.0008580594976700108
1.6387959866220736 0.0009078991931176494
1.6722408026755853 0.0009606310038521009
1.705685618729097 0.0010164224218725667
1.7391304347826086 0.0010754505994368692
1.7725752508361203 0.0011379029014727054
1.806020066889632 0.0012039774890087913
1.8394648829431437 0.0012738839352993104
1.8729096989966554 0.0013478438763970288
1.906354515050167 0.0014260916980153048
1.9397993311036787 0.0015088752606071273
1.9732441471571907 0.001596456664679903
2.0066889632107023 0.001689113058458295
2.040133779264214 0.0017871374901034583
2.0735785953177257 0.0018908398067956516
2.1070234113712374 0.002000547603088069
2.140468227424749 0.00211660722104262
2.1739130434782608 0.0022393848047629473
2.2073578595317724 0.0023692674120458002
2.240802675585284 0.0025066641859786605
2.274247491638796 0.0026520075894183232
2.3076923076923075 0.0028057547053918865
2.341137123745819 0.002968388606566929
2.374581939799331 0.0031404197970411373
2.4080267558528425 0.0033223877298020513
2.441471571906354 0.003514862403303672
2.474916387959866 0.0037184460406974144
2.508361204013378 0.003933774855338246
2.5418060200668897 0.004161520906261524
2.5752508361204014 0.0044023940473898165
2.608695652173913 0.004657143974279524
2.6421404682274248 0.004926562372252087
2.6755852842809364 0.0052114851697709665
2.709030100334448 0.005512794900920029
2.74247491638796 0.0058314231808081745
2.7759197324414715 0.006168353297664605
2.809364548494983 0.006524622925294824
2.842809364548495 0.006901326959433829
2.8762541806020065 0.00729962048135507
2.9096989966555182 0.007720721851864526
2.94314381270903 0.008165915938522672
2.9765886287625416 0.008636557478585057
3.0100334448160533 0.009134074579726608
3.043478260869565 0.009659972360106324
3.0769230769230766 0.010215836728728249
3.1103678929765883 0.010803338306349658
3.1438127090301 0.011424236486367652
3.1772575250836117 0.012080383634166985
3.2107023411371234 0.012773729422321887
3.2441471571906355 0.013506325297797576
3.277591973244147 0.014280329075877238
3.311036789297659 0.01509800965393149
3.3444816053511706 0.01596175183632991
3.3779264214046822 0.016874061259751737
3.411371237458194 0.01783756940586385
3.4448160535117056 0.01885503868577896
3.4782608695652173 0.01992936757786537
3.511705685618729 0.021063595797329256
3.5451505016722407 0.022260909472511612
3.5785953177257523 0.02352464629901313
3.612040133779264 0.02485830063856217
3.6454849498327757 0.02626552852495526
3.6789297658862874 0.027750152534409666
3.712374581939799 0.02931616647226176
3.7458193979933108 0.03096773982211173
3.7792642140468224 0.032709221897252706
3.812709030100334 0.03454514562753129
3.846153846153846 0.03648023090767703
3.8795986622073575 0.03851938742562992
3.913043478260869 0.04066771688151841
3.9464882943143813 0.04293051449973847
3.979933110367893 0.04531326972811692
4.013377926421405 0.0478216660094882
4.046822742474916 0.050461579502265264
4.080267558528428 0.05323907661787264
4.113712374581939 0.0561604102343666
4.147157190635451 0.05923201443738308
4.180602006688963 0.062460497631917994
4.214046822742475 0.06585263386161548
4.247491638795986 0.06941535216646898
4.280936454849498 0.07315572380546216
4.31438127090301 0.07708094716801772
4.3478260869565215 0.08119813363527989
4.381270903010034 0.08537709100385181
4.414715719063545 0.08975011444065802
4.448160535117057 0.0943240250943379
4.481605351170568 0.09910565549886394
4.51505016722408 0.10410182208220572
4.548494983277592 0.10931929488460473
4.581939799331104 0.1147647644173123
4.615384615384615 0.12044480561772614
4.648829431438127 0.1263658388866236
4.682274247491638 0.13253408822781731
4.7157190635451505 0.13895553655022685
4.749163879598662 0.14563587823707377
4.782608695652174 0.15258046913662793
4.816053511705685 0.15821706491431237
4.849498327759197 0.16213036562939612
4.882943143812708 0.1661213558267892
4.916387959866221 0.1701906327674509
4.949832775919732 0.17433874982265293
4.983277591973244 0.1785662140019972
5.016722408026756 0.18287348346496837
5.050167224080267 0.18726096502250794
5.083612040133779 0.19172901163553094
5.117056856187291 0.19627791991772708
5.150501672240803 0.20090792765041798
5.183946488294314 0.20561921131763192
5.217391304347826 0.21041188366996347
5.250836120401337 0.21528599132613616
5.2842809364548495 0.22024151242155016
5.317725752508361 0.22527835431339488
5.351170568561873 0.2303963513522077
5.384615384615384 0.23559526272999798
5.418060200668896 0.24087477041526922
5.4515050167224075 0.24623447718543495
5.48494983277592 0.25167390476723905
5.518394648829431 0.25719249209585726
5.551839464882943 0.2627895937033612
5.585284280936454 0.26846447824717673
5.618729096989966 0.27421632718905287
5.652173913043478 0.28004423363487796
5.68561872909699 0.2859472013454314
5.719063545150502 0.29192414392784144
5.752508361204013 0.29797388421712845
5.785953177257525 0.30409515385675473
5.8193979933110365 0.31028659308655654
5.852842809364549 0.31654675074584127
5.88628762541806 0.32287408449873123
5.919732441471572 0.3292669612881067
5.953177257525083 0.3357236580236584
5.986622073578595 0.3422423625086965
6.020066889632107 0.3488211746093939
6.053511705685619 0.3554581076691615
6.08695652173913 0.3621510901697714
6.120401337792642 0.3688979676397671
6.153846153846153 0.37569650480953504
6.187290969899665 0.3825443880112575
6.220735785953177 0.3894392278207492
6.254180602006689 0.3963785619369845
6.2876254180602 0.4033598582938777
6.321070234113712 0.41038051839767997
6.354515050167223 0.4174378808821237
6.3879598662207355 0.4245292252722766
6.421404682274247 0.43165177594688536
6.454849498327759 0.43880270628789175
6.488294314381271 0.4459791430047087
6.521739130434782 0.4531781706198485
6.555183946488294 0.4603968361015443
6.588628762541806 0.46763215362812344
6.622073578595318 0.47488110946812684
6.655518394648829 0.4821406669594432
6.688963210702341 0.4894077715701566
6.722408026755852 0.49667935602327534
6.7558528428093645 0.5039523454671527
6.789297658862876 0.5112236626730962
6.822742474916388 0.518490233241525
6.856187290969899 0.5257489907979561
6.889632107023411 0.5329968821601858
6.9230769230769225 0.5402308724581868
6.956521739130435 0.5474479501885591
6.989966555183946 0.5546451321857421
7.023411371237458 0.561819468492734
7.056856187290969 0.5689680471146463
7.090301003344481 0.5760879986391501
7.123745819397993 0.583176500708643
7.157190635451505 0.5902307823298689
7.190635451505017 0.5972481280076471
7.224080267558528 0.6042258816904145
7.25752508361204 0.6111614505163352
7.290969899665551 0.6180523083498772
7.3244147157190636 0.6248959990999041
7.357859531772575 0.6316901398115302
7.391304347826087 0.6384324235251985
7.424749163879598 0.6451206218976574
7.45819397993311 0.6517525875807442
7.4916387959866215 0.6583262563550869
7.525083612040134 0.6648396490170408
7.558528428093645 0.6712908730183452
7.591973244147157 0.6776781238591248
7.625418060200668 0.6839996862359545
7.65886287625418 0.6902539349477707
7.692307692307692 0.6964393355633907
7.725752508361204 0.7025544448553708
7.759197324414715 0.7085979110057815
7.792642140468227 0.7145684735903253
7.826086956521738 0.7204649633479369
7.8595317725752505 0.7262863017437089
7.892976588628763 0.7320315003335611
7.926421404682274 0.7376996599396269
7.959866220735786 0.743289969645763
7.993311036789297 0.7488017056229923
8.02675585284281 0.7542342297949851
8.060200668896321 0.7595869883539398
8.093645484949832 0.7648595101373866
8.127090301003344 0.7700514048765585
8.160535117056856 0.7751623613270056
8.193979933110368 0.7801921452921328
8.227424749163879 0.7851405975502601
8.26086956521739 0.7900076316956901
8.294314381270903 0.7944585999050844
8.327759197324415 0.7970362133335168
8.361204013377925 0.79958965620179
8.394648829431437 0.8021189503016811
8.42809364548495 0.804624123030663
8.461538461538462 0.8071052072747655
8.494983277591972 0.8095622412906007
8.528428093645484 0.8119952685866814
8.561872909698996 0.8144043378041513
8.595317725752508 0.8167895025970517
8.62876254180602 0.8191508215122371
8.66220735785953 0.8214883578690542
8.695652173913043 0.8238021796388959
8.729096989966555 0.8260923593247363
8.762541806020067 0.8283589738407492
8.795986622073578 0.8306021043921128
8.82943143812709 0.8328218363550955
8.862876254180602 0.8350182591575179
8.896321070234114 0.8371914661596797
8.929765886287624 0.8393415545358394
8.963210702341136 0.8414686251563301
8.996655518394649 0.8435727824703906
9.03010033444816 0.8456541343897881
9.063545150501671 0.8477127921733074
9.096989966555183 0.849748870312176
9.130434782608695 0.8517624864164877
9.163879598662207 0.8537537611026947
9.197324414715718 0.8557228178822227
9.23076923076923 0.8576697830512673
9.264214046822742 0.8595947855818263
9.297658862876254 0.8614979570140167
9.331103678929766 0.863379431349724
9.364548494983277 0.8652393449476299
9.397993311036789 0.867077836419657
9.431438127090301 0.8688950465288693
9.464882943143813 0.8706911180888672
9.498327759197323 0.8724661958647056
9.531772575250836 0.874220426475367
9.565217391304348 0.875953958297817
9.59866220735786 0.8776669413726672
9.63210702341137 0.8793595273114683
9.665551839464882 0.8810318692056486
9.698996655518394 0.882684121537124
9.732441471571907 0.8843164400905861
9.765886287625417 0.8859289818674861
9.799331103678929 0.8875219050017253
9.832775919732441 0.8890953686770565
9.866220735785953 0.8906495330462094
9.899665551839464 0.8921845591517396
9.933110367892976 0.8937006088486069
9.966555183946488 0.8951978447284819
10.0 0.8966764300457822
