0 3.36347126822007e-05
0.0334448160535117 3.56366685131759e-05
0.0668896321070234 3.7757777311364e-05
0.100334448160535 4.00051303048672e-05
0.133779264214047 4.23862406790531e-05
0.167224080267559 4.49090686764618e-05
0.20066889632107 4.75820481887513e-05
0.234113712374582 5.04141149292499e-05
0.267558528428094 5.34147362799262e-05
0.301003344481605 5.65939429121368e-05
0.334448160535117 5.99623622863909e-05
0.367892976588629 6.35312541425894e-05
0.40133779264214 6.73125480987886e-05
0.434782608695652 7.13188834835074e-05
0.468227424749164 7.5563651533981e-05
0.501672240802676 8.00610401005808e-05
0.535117056856187 8.4826081005887e-05
0.568561872909699 8.98747002156593e-05
0.602006688963211 9.52237709882147e-05
0.635451505016722 0.000100891170178525
0.668896321070234 0.000106895837883729
0.702341137123746 0.000113257840627722
0.735785953177257 0.000119998438294122
0.769230769230769 0.000127140155029167
0.802675585284281 0.00013470685434915
0.836120401337793 0.000142723818700692
0.869565217391304 0.000151217833736737
0.903010033444816 0.000160217277586532
0.936454849498328 0.000169752215414088
0.969899665551839 0.000179854499576856
1.00334448160535 0.00019055787571449
1.03678929765886 0.000201898095116819
1.07023411371237 0.000213913033740427
1.10367892976589 0.000226642818264708
1.1371237458194 0.000240129959600947
1.17056856187291 0.000254419494291894
1.20401337792642 0.00026955913426461
1.23745819397993 0.000285599425426063
1.27090301003344 0.000302593915619134
1.30434782608696 0.00032059933248645
1.33779264214047 0.000339675771820862
1.37123745819398 0.000359886897014482
1.40468227424749 0.000381300150253148
1.438127090301 0.000403986976139978
1.47157190635451 0.00042802305847051
1.50501672240803 0.000453488570922787
1.53846153846154 0.000480468442468837
1.57190635451505 0.000509052638359322
1.60535117056856 0.000539336457580852
1.63879598662207 0.000571420847735641
1.67224080267559 0.000605412738345977
1.7056856187291 0.00064142539364141
1.73913043478261 0.000679578785944834
1.77257525083612 0.00071999999083476
1.80602006688963 0.000762823605325219
1.83946488294314 0.000808192190371998
1.87290969899666 0.000856256739084296
1.90635451505017 0.000907177172094657
1.93979933110368 0.000961122861617106
1.97324414715719 0.00101827318580397
2.0066889632107 0.00107881811509596
2.04013377926421 0.00114295883234779
2.07357859531773 0.00121090838860271
2.10702341137124 0.00128289239648465
2.14046822742475 0.00135914976327489
2.17391304347826 0.00143993346584255
2.20735785953177 0.00152551136970422
2.24080267558528 0.00161616709459707
2.2742474916388 0.00171220092906282
2.30769230769231 0.00181393079665558
2.34113712374582 0.00192169327650602
2.37458193979933 0.00203584468109544
2.40802675585284 0.00215676219421789
2.44147157190635 0.00228484507223421
2.47491638795987 0.00242051591184952
2.50836120401338 0.00256422198777382
2.54180602006689 0.00271643666375391
2.5752508361204 0.00287766088059234
2.60869565217391 0.00304842472489503
2.64214046822742 0.00322928908241193
2.67558528428094 0.00342084737995395
2.70903010033445 0.00362372741998172
2.74247491638796 0.00383859331206695
2.77591973244147 0.00406614750552236
2.80936454849498 0.0043071329275793
2.84280936454849 0.00456233523156027
2.87625418060201 0.00483258515954451
2.90969899665552 0.0051187610240535
2.94314381270903 0.00542179131328768
2.97658862876254 0.00574265742442007
3.01003344481605 0.00608239652939266
3.04347826086956 0.00644210457756147
3.07692307692308 0.0068229394393907
3.11036789297659 0.00722612419519734
3.1438127090301 0.00765295057268869
3.17725752508361 0.00810478253670717
3.21070234113712 0.00858306003419067
3.24414715719064 0.00908930289686192
3.27759197324415 0.00962511490356618
3.31103678929766 0.0101921880034704
3.34448160535117 0.0107923067005041
3.37792642140468 0.0114273525984517
3.41137123745819 0.0120993091049745
3.44481605351171 0.0128102662915421
3.47826086956522 0.0135624259047552
3.51170568561873 0.0143581065228377
3.54515050167224 0.0151997488491342
3.57859531772575 0.0160899211322555
3.61204013377926 0.0170313247000384
3.64548494983278 0.0180267995917061
3.67892976588629 0.0190793302695076
3.7123745819398 0.0201920513876486
3.74581939799331 0.0213682535924794
3.77926421404682 0.0226113893236459
3.81270903010033 0.0239250785812231
3.84615384615385 0.0253131146186946
3.87959866220736 0.0267794695160146
3.91304347826087 0.0283282995808523
3.94648829431438 0.0299639505194707
3.97993311036789 0.0316909623115193
4.0133779264214 0.0335140737153131
4.04682274247492 0.0354382263219462
4.08026755852843 0.0374685680678562
4.11371237458194 0.0396104561062446
4.14715719063545 0.0418694589281209
4.18060200668896 0.0442513576137272
4.21404682274247 0.0467621460848114
4.24749163879599 0.0494080302177479
4.2809364548495 0.0521954256670083
4.31438127090301 0.055130954238108
4.34782608695652 0.058221438639128
4.38127090301003 0.061473895430449
4.41471571906354 0.0648955259837454
4.44816053511706 0.0684937052538821
4.48160535117057 0.0722759681615188
4.51505016722408 0.0762499933803748
4.54849498327759 0.0804235843217145
4.5819397993311 0.0848046471101891
4.61538461538461 0.0894011653502779
4.64882943143813 0.0942211714917987
4.68227424749164 0.0992727146169218
4.71571906354515 0.104563824490461
4.74916387959866 0.110102471740547
4.78260869565217 0.115896524068738
4.81605351170569 0.121953698427721
4.8494983277592 0.128281509151504
4.88294314381271 0.134887212077766
4.91638795986622 0.141777744765024
4.94983277591973 0.148959662978512
4.98327759197324 0.156439073698002
5.01672240802676 0.164221564987668
5.05016722408027 0.172097572584848
5.08361204013378 0.180264496511649
5.11705685618729 0.188730633619597
5.1505016722408 0.197498586842005
5.18394648829431 0.206570158663917
5.21739130434783 0.215946284357542
5.25083612040134 0.225626966860991
5.28428093645485 0.235611214228882
5.31772575250836 0.245896980643582
5.35117056856187 0.256481112022911
5.38461538461538 0.267359297290964
5.4180602006689 0.278526026390516
5.45150501672241 0.289974556105456
5.48494983277592 0.301696884727644
5.51839464882943 0.313683736542581
5.55183946488294 0.324689574742685
5.58528428093645 0.330016005640384
5.61872909698997 0.335386419313583
5.65217391304348 0.340799772296617
5.68561872909699 0.346254979051
5.7190635451505 0.351750912514217
5.75250836120401 0.357286404730006
5.78595317725753 0.362860247560373
5.81939799331104 0.368471193479311
5.85284280936455 0.374117956447946
5.88628762541806 0.379799212870566
5.91973244147157 0.385513602630686
5.95317725752508 0.391259730206061
5.9866220735786 0.39703616586125
6.02006688963211 0.402841446916076
6.05351170568562 0.408674079088028
6.08695652173913 0.414532537906402
6.12040133779264 0.42041527019567
6.15384615384615 0.426320695625336
6.18729096989967 0.432247208323264
6.22073578595318 0.438193178549196
6.25418060200669 0.444156954424981
6.2876254180602 0.450136863717759
6.32107023411371 0.456131215672162
6.35451505016722 0.462138302887387
6.38795986622074 0.468156403234798
6.42140468227425 0.474183781811565
6.45484949832776 0.480218692925674
6.48829431438127 0.486259382107539
6.52173913043478 0.492304088143303
6.55518394648829 0.498351045124861
6.58862876254181 0.504398484511511
6.62207357859532 0.510444637198169
6.65551839464883 0.516487735584966
6.68896321070234 0.522526015643118
6.72240802675585 0.52855771897192
6.75585284280936 0.534581094841793
6.78929765886288 0.54059440221833
6.82274247491639 0.546595911762419
6.8561872909699 0.552583907801574
6.88963210702341 0.55855669026776
6.92307692307692 0.564512576597111
6.95652173913043 0.570449903587128
6.98996655518395 0.576367029207101
7.02341137123746 0.582262334357692
7.05685618729097 0.588134224575823
7.09030100334448 0.593981131681252
7.12374581939799 0.599801515361434
7.1571906354515 0.6055938646915
7.19063545150502 0.611356699586483
7.22408026755853 0.617088572183129
7.25752508361204 0.622788068148941
7.29096989966555 0.628453807916354
7.32441471571906 0.634084447840229
7.35785953177257 0.639678681277126
7.39130434782609 0.642757921468339
7.4247491638796 0.644916327370078
7.45819397993311 0.647068853036611
7.49163879598662 0.649215427503549
7.52508361204013 0.651355980724135
7.55852842809364 0.653490443575974
7.59197324414716 0.655618747867474
7.62541806020067 0.657740826344014
7.65886287625418 0.659856612693817
7.69230769230769 0.661966041553549
7.7257525083612 0.664069048513627
7.75919732441471 0.666165570123248
7.79264214046823 0.668255543895134
7.82608695652174 0.67033890831
7.85953177257525 0.672415602820733
7.89297658862876 0.674485567856301
7.92642140468227 0.676548744825373
7.95986622073579 0.678605076119673
7.9933110367893 0.680654505117049
8.02675585284281 0.682696976184271
8.06020066889632 0.684732434679558
8.09364548494983 0.686760826954825
8.12709030100334 0.688782100357679
8.16053511705686 0.690796203233121
8.19397993311037 0.692803084925009
8.22742474916388 0.69480269577724
8.26086956521739 0.696794987134676
8.2943143812709 0.698779911343814
8.32775919732441 0.700757421753194
8.36120401337793 0.702727472713559
8.39464882943144 0.704690019577759
8.42809364548495 0.706645018700408
8.46153846153846 0.708592427437293
8.49498327759197 0.710532204144547
8.52842809364548 0.71246430817757
8.561872909699 0.714388699889723
8.59531772575251 0.716305340630785
8.62876254180602 0.718214192745175
8.66220735785953 0.720115219569949
8.69565217391304 0.722008385432578
8.72909698996656 0.723893655648494
8.76254180602007 0.725770996518425
8.79598662207358 0.727640375325513
8.82943143812709 0.729501760332226
8.8628762541806 0.731355120777056
8.89632107023411 0.733200426871014
8.92976588628762 0.735037649793932
8.96321070234114 0.736866761690558
8.99665551839465 0.738687735666466
9.03010033444816 0.740500545783776
9.06354515050167 0.742305167056684
9.09698996655518 0.744101575446815
9.1304347826087 0.745889747858397
9.16387959866221 0.747669662133261
9.19732441471572 0.749441297045673
9.23076923076923 0.751204632296995
9.26421404682274 0.752959648510193
9.29765886287625 0.754706327224175
9.33110367892977 0.756444650887984
9.36454849498328 0.758174602854838
9.39799331103679 0.759896167376023
9.4314381270903 0.761609329594646
9.46488294314381 0.763314075539244
9.49832775919732 0.765010392117267
9.53177257525084 0.766698267108424
9.56521739130435 0.768377689157904
9.59866220735786 0.770048647769478
9.63210702341137 0.771711133298477
9.66555183946488 0.773365136944662
9.69899665551839 0.775010650744975
9.73244147157191 0.776647667566192
9.76588628762542 0.778276181097467
9.79933110367893 0.779896185842779
9.83277591973244 0.781507677113286
9.86622073578595 0.783110651019584
9.89966555183946 0.78470510446388
9.93311036789298 0.786291035132085
9.96655518394649 0.78786844148582
10 0.789437322754351
