0 0.0111393264846849
0.0334448160535117 0.0114841783566206
0.0668896321070234 0.0118395783489445
0.100334448160535 0.012205841071735
0.133779264214047 0.0125832900146095
0.167224080267559 0.0129722577655014
0.20066889632107 0.0133730862327607
0.234113712374582 0.0137861268704807
0.267558528428094 0.01421174090694
0.301003344481605 0.0146502995760332
0.334448160535117 0.0151021843515481
0.367892976588629 0.0155677871841322
0.40133779264214 0.0160475107407707
0.434782608695652 0.0165417686465824
0.468227424749164 0.0170509857287165
0.501672240802676 0.0175755982621154
0.535117056856187 0.0181160542168833
0.568561872909699 0.0186728135069783
0.602006688963211 0.0192463482399198
0.635451505016722 0.0198371429671757
0.668896321070234 0.0204456949348687
0.702341137123746 0.0210725143344062
0.735785953177257 0.0217181245526132
0.769230769230769 0.0223830624209106
0.802675585284281 0.0230678784630477
0.836120401337793 0.023773137140864
0.869565217391304 0.0244994170975143
0.903010033444816 0.0252473113975536
0.936454849498328 0.026017427763237
0.969899665551839 0.0268103888063454
1.00334448160535 0.0276268322548043
1.03678929765886 0.0284674111733149
1.07023411371237 0.029332794177169
1.10367892976589 0.0302236656383682
1.1371237458194 0.0311407258831163
1.17056856187291 0.0320846913796971
1.20401337792642 0.033056294915698
1.23745819397993 0.0340562857634784
1.27090301003344 0.0350854298327246
1.30434782608696 0.0361445098088694
1.33779264214047 0.0372343252760973
1.37123745819398 0.0383556928235843
1.40468227424749 0.0395094461335649
1.438127090301 0.0406964360497439
1.47157190635451 0.0419175306245108
1.50501672240803 0.0431736151433415
1.53846153846154 0.0444655921247041
1.57190635451505 0.0457943812937194
1.60535117056856 0.0471609195277535
1.63879598662207 0.0485661607720552
1.67224080267559 0.0500110759234793
1.7056856187291 0.0514966526802724
1.73913043478261 0.0530238953558313
1.77257525083612 0.0545938246542793
1.80602006688963 0.0562074774056474
1.83946488294314 0.0578659062583847
1.87290969899666 0.0595701793268721
1.90635451505017 0.0613213797915591
1.93979933110368 0.0631206054493002
1.97324414715719 0.0649689682114258
2.0066889632107 0.0668675935470493
2.04013377926421 0.0688176198690854
2.07357859531773 0.0708201978604364
2.10702341137124 0.0728764897377926
2.14046822742475 0.074987668450495
2.17391304347826 0.0771549168119177
2.20735785953177 0.0793794265608538
2.24080267558528 0.0816623973504209
2.2742474916388 0.0840050356620567
2.30769230769231 0.0864085536422384
2.34113712374582 0.0888741678596451
2.37458193979933 0.0914030979805776
2.40802675585284 0.0939965653605755
2.44147157190635 0.0966557915503042
2.47491638795987 0.0993819967139498
2.50836120401338 0.102176397958539
2.54180602006689 0.10504020757281
2.5752508361204 0.107974631174487
2.60869565217391 0.110980865765078
2.64214046822742 0.114060097691579
2.67558528428094 0.117213500514797
2.70903010033445 0.120442232784335
2.74247491638796 0.123747435720642
2.77591973244147 0.127130230804941
2.80936454849498 0.130591717278256
2.84280936454849 0.134132969551222
2.87625418060201 0.137755034526852
2.90969899665552 0.141458928838917
2.94314381270903 0.145245636009182
2.97658862876254 0.149116103527239
3.01003344481605 0.153071239857346
3.04347826086956 0.157111911377216
3.07692307692308 0.161238939254403
3.11036789297659 0.165453096266532
3.1438127090301 0.169755103572322
3.17725752508361 0.174145627441026
3.21070234113712 0.17862527594858
3.24414715719064 0.183194595649493
3.27759197324415 0.187854068234156
3.31103678929766 0.192604107181973
3.34448160535117 0.197445054421388
3.37792642140468 0.202377177008538
3.41137123745819 0.207400663836912
3.44481605351171 0.212515622391013
3.47826086956522 0.217722075557592
3.51170568561873 0.223019958508559
3.54515050167224 0.228409115670164
3.57859531772575 0.233889297793476
3.61204013377926 0.239460159141547
3.64548494983278 0.245121254808935
3.67892976588629 0.250872038189498
3.7123745819398 0.256711858608473
3.74581939799331 0.262639959134905
3.77926421404682 0.26865547459043
3.81270903010033 0.274757429770243
3.84615384615385 0.280944737891796
3.87959866220736 0.2872161992864
3.91304347826087 0.293570500348376
3.94648829431438 0.299996757448285
3.97993311036789 0.304816281133795
4.0133779264214 0.309678978311122
4.04682274247492 0.314584145755707
4.08026755852843 0.319531045549726
4.11371237458194 0.324518905203392
4.14715719063545 0.329546917830802
4.18060200668896 0.334614242381256
4.21404682274247 0.339720003926842
4.24749163879599 0.344863294006934
4.2809364548495 0.350043171030123
4.31438127090301 0.355258660733917
4.34782608695652 0.360508756702435
4.38127090301003 0.365792420942109
4.41471571906354 0.371108584515277
4.44816053511706 0.376456148231368
4.48160535117057 0.381833983395196
4.51505016722408 0.387240932611737
4.54849498327759 0.392675810646543
4.5819397993311 0.398137405340804
4.61538461538461 0.403624478579885
4.64882943143813 0.409135767313977
4.68227424749164 0.414669984629331
4.71571906354515 0.420225820868392
4.74916387959866 0.425801944796949
4.78260869565217 0.431397004816285
4.81605351170569 0.437009630218129
4.8494983277592 0.442638432480076
4.88294314381271 0.448282006598987
4.91638795986622 0.45393893245975
4.94983277591973 0.459607776236643
4.98327759197324 0.465287091824441
5.01672240802676 0.470975422296267
5.05016722408027 0.476671301385131
5.08361204013378 0.482373254985959
5.11705685618729 0.48807980267489
5.1505016722408 0.493789459242516
5.18394648829431 0.499500736237711
5.21739130434783 0.505212143518626
5.25083612040134 0.510922190807447
5.28428093645485 0.51662938924544
5.31772575250836 0.522332252944862
5.35117056856187 0.528029300534286
5.38461538461538 0.533719056693933
5.4180602006689 0.539400053677649
5.45150501672241 0.545070832818192
5.48494983277592 0.55072994601258
5.51839464882943 0.556375957184312
5.55183946488294 0.562007443719362
5.58528428093645 0.567622997872961
5.61872909698997 0.573221228144251
5.65217391304348 0.578800760616068
5.68561872909699 0.584360240257178
5.7190635451505 0.589898332184483
5.75250836120401 0.595413722882809
5.78595317725753 0.600905121380083
5.81939799331104 0.606371260375815
5.85284280936455 0.611810897321018
5.88628762541806 0.617222815447814
5.91973244147157 0.622605824747181
5.95317725752508 0.627958762893456
5.9866220735786 0.633280496114384
6.02006688963211 0.63856992000568
6.05351170568562 0.64382596028925
6.08695652173913 0.649047573514404
6.12040133779264 0.654233747701538
6.15384615384615 0.659383502927976
6.18729096989967 0.664495891855801
6.22073578595318 0.669570000201691
6.25418060200669 0.674604947148923
6.2876254180602 0.679599885701882
6.32107023411371 0.684554002983551
6.35451505016722 0.689466520476614
6.38795986622074 0.694336694208937
6.42140468227425 0.699163814884336
6.45484949832776 0.703947207959652
6.48829431438127 0.708686233669288
6.52173913043478 0.713380286998464
6.55518394648829 0.718028797606555
6.58862876254181 0.722631229701966
6.62207357859532 0.727187081870091
6.65551839464883 0.731695886855983
6.68896321070234 0.736157211303419
6.72240802675585 0.740570655452128
6.75585284280936 0.744935852794983
6.78929765886288 0.749252469697014
6.82274247491639 0.75352020497814
6.8561872909699 0.757738789461537
6.88963210702341 0.76190798548959
6.92307692307692 0.766027586409389
6.95652173913043 0.77009741602974
6.98996655518395 0.774117328051652
7.02341137123746 0.777253604305195
7.05685618729097 0.780265351719184
7.09030100334448 0.783247733436016
7.12374581939799 0.786200727865426
7.1571906354515 0.789124322731234
7.19063545150502 0.792018514893994
7.22408026755853 0.79488331017066
7.25752508361204 0.797718723151547
7.29096989966555 0.800524777014862
7.32441471571906 0.803301503339076
7.35785953177257 0.806048941913393
7.39130434782609 0.808767140546583
7.4247491638796 0.811456154874422
7.45819397993311 0.81411604816599
7.49163879598662 0.816746891129063
7.52508361204013 0.819348761714827
7.55852842809364 0.821921744922158
7.59197324414716 0.824465932601652
7.62541806020067 0.826981423259653
7.65886287625418 0.829468321862462
7.69230769230769 0.831926739640919
7.7257525083612 0.834356793895575
7.75919732441471 0.836758607802598
7.79264214046823 0.83913231022062
7.82608695652174 0.841478035498677
7.85953177257525 0.843795923285396
7.89297658862876 0.846086118339603
7.92642140468227 0.848348770342471
7.95986622073579 0.850584033711364
7.9933110367893 0.8527920674155
8.02675585284281 0.854973034793556
8.06020066889632 0.857127103373335
8.09364548494983 0.8592544446936
8.12709030100334 0.861355234128179
8.16053511705686 0.863429650712435
8.19397993311037 0.865477876972196
8.22742474916388 0.867500098755217
8.26086956521739 0.869496505065258
8.2943143812709 0.87146728789885
8.32775919732441 0.873412642084795
8.36120401337793 0.875332765126488
8.39464882943144 0.877227857047084
8.42809364548495 0.879098120237575
8.46153846153846 0.880943759307803
8.49498327759197 0.88276498094047
8.52842809364548 0.884561993748142
8.561872909699 0.886335008133302
8.59531772575251 0.888084236151458
8.62876254180602 0.889809891377326
8.66220735785953 0.891512188774103
8.69565217391304 0.893191344565837
8.72909698996656 0.894847576112893
8.76254180602007 0.896481101790526
8.79598662207358 0.898092140870545
8.82943143812709 0.899680913406076
8.8628762541806 0.901247640119398
8.89632107023411 0.902792542292854
8.92976588628762 0.904315841662806
8.96321070234114 0.905817760316628
8.99665551839465 0.90729852059271
9.03010033444816 0.908758344983444
9.06354515050167 0.910197456041174
9.09698996655518 0.911616076287078
9.1304347826087 0.913014428122946
9.16387959866221 0.914392733745831
9.19732441471572 0.915751215065529
9.23076923076923 0.917090093624861
9.26421404682274 0.918409590522706
9.29765886287625 0.919709926339764
9.33110367892977 0.920991321066989
9.36454849498328 0.922253994036668
9.39799331103679 0.923498163856092
9.4314381270903 0.924724048343775
9.46488294314381 0.92593186446819
9.49832775919732 0.927121828288954
9.53177257525084 0.928294154900439
9.56521739130435 0.929449058377753
9.59866220735786 0.930586751725033
9.63210702341137 0.931707446826028
9.66555183946488 0.932811354396899
9.69899665551839 0.933898683941203
9.73244147157191 0.934969643707011
9.76588628762542 0.936024440646106
9.79933110367893 0.937063280375221
9.83277591973244 0.938086367139261
9.86622073578595 0.93909390377647
9.89966555183946 0.940086091685484
9.93311036789298 0.941063130794234
9.96655518394649 0.942025219530643
10 0.942972554795078
