0.0 0.06565113683176721
0.033444816053511704 0.06680700929877512
0.06688963210702341 0.06798175170420617
0.1003344481605351 0.06917561967436407
0.13377926421404682 0.07038887043642685
0.16722408026755853 0.07162176275626865
0.2006688963210702 0.07287455687303905
0.23411371237458192 0.07414751443042286
0.26755852842809363 0.07544089840450519
0.3010033444816053 0.07675497302816504
0.33444816053511706 0.07809000371192383
0.36789297658862874 0.07944625696117345
0.4013377926421404 0.08082400028971204
0.43478260869565216 0.08222350212951417
0.46822742474916385 0.08364503173666603
0.5016722408026756 0.08508885909339556
0.5351170568561873 0.08655525480613036
0.568561872909699 0.08804448999951822
0.6020066889632106 0.08955683620634605
0.6354515050167224 0.09109256525329702
0.6688963210702341 0.09265194914248627
0.7023411371237458 0.09423525992872067
0.7357859531772575 0.09584276959242864
0.7692307692307692 0.09747474990821162
0.8026755852842808 0.09913147230897021
0.8361204013377926 0.10081320774556408
0.8695652173913043 0.10252022654196602
0.903010033444816 0.10425279824587794
0.9364548494983277 0.10601119147477844
0.9698996655518394 0.10779567375737835
1.0033444816053512 0.10960651137046544
1.0367892976588629 0.11144396917112373
1.0702341137123745 0.11330831042432137
1.1036789297658862 0.11519979662586363
1.137123745819398 0.11711868732071762
1.1705685618729096 0.11906523991671895
1.2040133779264213 0.12103970949368027
1.237458193979933 0.12304234860792634
1.2709030100334449 0.12507340709229098
1.3043478260869565 0.12713313185161657
1.3377926421404682 0.12922176665380697
1.37123745819398 0.13133955191649224
1.4046822742474916 0.13348672448937354
1.4381270903010033 0.135663517432325
1.471571906354515 0.13787015978933942
1.5050167224080266 0.14010687635841484
1.5384615384615383 0.1423738874574882
1.57190635451505 0.14467140868653441
1.6053511705685617 0.14699965068595786
1.6387959866220736 0.14935881889141694
1.6722408026755853 0.15216121631735544
1.705685618729097 0.15513205573609684
1.7391304347826086 0.15815007909653114
1.7725752508361203 0.16121561301298082
1.806020066889632 0.16432896927703228
1.8394648829431437 0.16749044413541642
1.8729096989966554 0.17070031756099166
1.906354515050167 0.173958852517836
1.9397993311036787 0.1772662942215178
1.9732441471571907 0.18062286939567823
2.0066889632107023 0.1840287855261212
2.040133779264214 0.18748423011366983
2.0735785953177257 0.19098936992711008
2.1070234113712374 0.19454435025760425
2.140468227424749 0.1981492941760161
2.1739130434782608 0.201804301794649
2.2073578595317724 0.20550944953495398
2.240802675585284 0.20926478940282106
2.274247491638796 0.2130703482731164
2.3076923076923075 0.2169261271851808
2.341137123745819 0.22083210065104714
2.374581939799331 0.22478821597817997
2.4080267558528425 0.2287943926085773
2.441471571906354 0.23285052147610905
2.474916387959866 0.23695646438399665
2.508361204013378 0.24111205340436234
2.5418060200668897 0.2453170903017952
2.5752508361204014 0.24957134598289638
2.608695652173913 0.2538745599737703
2.6421404682274248 0.2582264399274314
2.6755852842809364 0.26262666116308986
2.709030100334448 0.2670748662392658
2.74247491638796 0.2715706645626623
2.7759197324414715 0.27611363203469924
2.809364548494983 0.280703310737574
2.842809364548495 0.2853392086616729
2.8762541806020065 0.2900207994761043
2.9096989966555182 0.29474752234406476
2.94314381270903 0.2995187817846822
2.9765886287625416 0.30433394758290355
3.0100334448160533 0.30919235474890855
3.043478260869565 0.31409330352843956
3.0769230769230766 0.319036059465336
3.1103678929765883 0.32401985351745205
3.1438127090301 0.32904388222702063
3.1772575250836117 0.33410730794640087
3.2107023411371234 0.3392092591200157
3.2441471571906355 0.34434883062314675
3.277591973244147 0.34952508415810923
3.311036789297659 0.35473704870817907
3.3444816053511706 0.35998372104948534
3.3779264214046822 0.36526406632092345
3.411371237458194 0.37057701865197507
3.4448160535117056 0.37592148184815377
3.4782608695652173 0.3812963301336219
3.511705685618729 0.3867004089503486
3.5451505016722407 0.39213253581300433
3.5785953177257523 0.39759150121860803
3.612040133779264 0.4030760696097691
3.6454849498327757 0.4085849803901861
3.6789297658862874 0.41411694899089424
3.712374581939799 0.4196706679855793
3.7458193979933108 0.42524480825310734
3.7792642140468224 0.4308380201852578
3.812709030100334 0.4364489349374864
3.846153846153846 0.44207616572039427
3.8795986622073575 0.44771830912943
3.913043478260869 0.4533739465102191
3.9464882943143813 0.4590416453567781
3.979933110367893 0.4647199607397563
4.013377926421405 0.47040743676173447
4.046822742474916 0.476102608036507
4.080267558528428 0.4818040011891901
4.113712374581939 0.4875101363739127
4.147157190635451 0.49321952880579045
4.180602006688963 0.49893069030381626
4.214046822742475 0.5046421308412741
4.247491638795986 0.5103523601002405
4.280936454849498 0.5160598890267338
4.31438127090301 0.5217632313830602
4.3478260869565215 0.5274609052939219
4.381270903010034 0.5331514347828747
4.414715719063545 0.538833351295757
4.448160535117057 0.5445051952077653
4.481605351170568 0.5501655173109075
4.51505016722408 0.5558128802786493
4.548494983277592 0.5614458601046375
4.581939799331104 0.5670630475125015
4.615384615384615 0.5726630493338208
4.648829431438127 0.5782444898514829
4.682274247491638 0.5838060121057618
4.7157190635451505 0.5893462791606062
4.749163879598662 0.5948639753277453
4.782608695652174 0.6003578073463897
4.816053511705685 0.6058265055164496
4.849498327759197 0.6112688247833614
4.882943143812708 0.616683545772774
4.916387959866221 0.6220694757735235
4.949832775919732 0.6274254496674941
4.983277591973244 0.632750330805138
5.016722408026756 0.6380430118256073
5.050167224080267 0.643302415420625
5.083612040133779 0.6485274950414007
5.117056856187291 0.6537172355480683
5.150501672240803 0.6588706538013063
5.183946488294314 0.6639867991959555
5.217391304347826 0.669064754136636
5.250836120401337 0.6741036344555092
5.2842809364548495 0.6791025897725064
5.317725752508361 0.6840608037984841
5.351170568561873 0.6889774945819254
5.384615384615384 0.6938519146999368
5.418060200668896 0.6986833513944365
5.4515050167224075 0.7034711266545439
5.48494983277592 0.7082145972463132
5.518394648829431 0.7129131546910523
5.551839464882943 0.7175662251935889
5.585284280936454 0.7221732695219212
5.618729096989966 0.7267337828398005
5.652173913043478 0.7312472944938527
5.68561872909699 0.735713367756933
5.719063545150502 0.7401315995294581
5.752508361204013 0.7445016200005237
5.785953177257525 0.7488230922706591
5.8193979933110365 0.7530957119381052
5.852842809364549 0.7573192066505399
5.88628762541806 0.7614933356241914
5.919732441471572 0.7656178891323017
5.953177257525083 0.7696926879649033
5.986622073578595 0.7737175828618849
6.020066889632107 0.777692453921302
6.053511705685619 0.7816172099848957
6.08695652173913 0.785491788002746
6.120401337792642 0.7893161523789826
6.153846153846153 0.7930902943004321
6.187290969899665 0.7968142310500614
6.220735785953177 0.8004880053070289
6.254180602006689 0.8041116844351237
6.2876254180602 0.8076853597613205
6.321070234113712 0.8112091458461365
6.354515050167223 0.8146831797474178
6.3879598662207355 0.8181076202791399
6.421404682274247 0.8216218825798085
6.454849498327759 0.8259145157988569
6.488294314381271 0.830125205785743
6.521739130434782 0.8342544883498394
6.555183946488294 0.8383029485787266
6.588628762541806 0.8422712181584086
6.622073578595318 0.8461599727189535
6.655518394648829 0.8499699292117889
6.688963210702341 0.8537018433244091
6.722408026755852 0.857356506937744
6.7558528428093645 0.860934745630977
6.789297658862876 0.8644374162381117
6.822742474916388 0.8678654044601446
6.856187290969899 0.8712196225362482
6.889632107023411 0.8745010069769471
6.9230769230769225 0.8777105163618523
6.956521739130435 0.8808491292041337
6.989966555183946 0.883917841883528
7.023411371237458 0.8869176666493314
7.056856187290969 0.8898496296944832
7.090301003344481 0.8927147693015375
7.123745819397993 0.8955141340610194
7.157190635451505 0.8982487811623866
7.190635451505017 0.9009197747575649
7.224080267558528 0.9035281843967824
7.25752508361204 0.9060750835362156
7.290969899665551 0.9085615481167596
7.3244147157190636 0.9109886552130492
7.357859531772575 0.9133574817517013
7.391304347826087 0.9156691032975959
7.424749163879598 0.9179245929068865
7.45819397993311 0.9201250200453115
7.4916387959866215 0.9222714495702785
7.525083612040134 0.9243649407751136
7.558528428093645 0.9264065464937759
7.591973244147157 0.9283973122642993
7.625418060200668 0.9303382755491546
7.65886287625418 0.9322304650106924
7.692307692307692 0.9340748998398035
7.725752508361204 0.9358725891359021
7.759197324414715 0.937624531336334
7.792642140468227 0.9393317136933053
7.826086956521738 0.9409951117964309
7.8595317725752505 0.9426156891390112
7.892976588628763 0.9441943967261607
7.926421404682274 0.9457321727229371
7.959866220735786 0.9472299421406385
7.993311036789297 0.9486886165594723
8.02675585284281 0.9501090938858309
8.060200668896321 0.9514922581424446
8.093645484949832 0.9528389792897233
8.127090301003344 0.9541501130766415
8.160535117056856 0.9554265009195636
8.193979933110368 0.9566689698074503
8.227424749163879 0.9578783322319399
8.26086956521739 0.9590553861408394
8.294314381270903 0.9602009149136109
8.327759197324415 0.9613156873574934
8.361204013377925 0.9624004577229394
8.394648829431437 0.9634559657371043
8.42809364548495 0.9644829366541702
8.461538461538462 0.9654820813213361
8.494983277591972 0.9664540962593565
8.528428093645484 0.9673996637565556
8.561872909698996 0.9683194519752922
8.595317725752508 0.9692141150698986
8.62876254180602 0.9700842933151562
8.66220735785953 0.9709306132444246
8.695652173913043 0.971753687796573
8.729096989966555 0.9725541164709108
8.762541806020067 0.9733324854893599
8.795986622073578 0.9740893679651347
8.82943143812709 0.9748253240772559
8.862876254180602 0.9755409012502431
8.896321070234114 0.976236634338375
8.929765886287624 0.9769130458139424
8.963210702341136 0.9775706459589484
8.996655518394649 0.9782099330597427
9.03010033444816 0.9788313936041101
9.063545150501671 0.9794355024803619
9.096989966555183 0.980022723178005
9.130434782608695 0.980593507989595
9.163879598662207 0.9811482982134008
9.197324414715718 0.9816875243565363
9.23076923076923 0.9822116063382387
9.264214046822742 0.9827209536929915
9.297658862876254 0.983215965773216
9.331103678929766 0.983697031951275
9.364548494983277 0.9841645318205496
9.397993311036789 0.9846188353953685
9.431438127090301 0.985060303309592
9.464882943143813 0.9854892870136608
9.498327759197323 0.985906128969942
9.531772575250836 0.9863111628462199
9.565217391304348 0.9867047137071866
9.59866220735786 0.9870870982038071
9.63210702341137 0.9874586247604461
9.665551839464882 0.9878195937596487
9.698996655518394 0.9881702977244874
9.732441471571907 0.988511021498391
9.765886287625417 0.9888420424223849
9.799331103678929 0.9891636305096798
9.832775919732441 0.9894760486175544
9.866220735785953 0.9897795526164875
9.899665551839464 0.9900743915564983
9.933110367892976 0.9903608078306676
9.966555183946488 0.9906390373358106
10.0 0.9909093096302859
