0 0.28980300723739
0.0334448160535117 0.291297696640821
0.0668896321070234 0.292796916821575
0.100334448160535 0.294300648818796
0.133779264214047 0.295808873319394
0.167224080267559 0.297321570657795
0.20066889632107 0.298838720815737
0.234113712374582 0.300360303422121
0.267558528428094 0.301886297752911
0.301003344481605 0.303416682731088
0.334448160535117 0.304951436926654
0.367892976588629 0.306490538556688
0.40133779264214 0.308033965485461
0.434782608695652 0.309581695224597
0.468227424749164 0.311133704933293
0.501672240802676 0.312689971418589
0.535117056856187 0.314250471135699
0.568561872909699 0.315815180188393
0.602006688963211 0.317384074329432
0.635451505016722 0.318957128961064
0.668896321070234 0.320534319135572
0.702341137123746 0.322115619555881
0.735785953177257 0.323701004576221
0.769230769230769 0.325290448202845
0.802675585284281 0.326883924094805
0.836120401337793 0.32848140556479
0.869565217391304 0.330082865580014
0.903010033444816 0.331688276763164
0.936454849498328 0.333297611393414
0.969899665551839 0.334910841407485
1.00334448160535 0.336527938400772
1.03678929765886 0.338148873628527
1.07023411371237 0.339773618007099
1.10367892976589 0.341402142115239
1.1371237458194 0.343034416195454
1.17056856187291 0.344670410155429
1.20401337792642 0.346310093569505
1.23745819397993 0.347953435680216
1.27090301003344 0.349600405399884
1.30434782608696 0.351250971312277
1.33779264214047 0.352905101674323
1.37123745819398 0.354562764417885
1.40468227424749 0.356223927151595
1.438127090301 0.357888557162745
1.47157190635451 0.359556621419245
1.50501672240803 0.361228086571626
1.53846153846154 0.362902918955121
1.57190635451505 0.364581084591784
1.60535117056856 0.366262549192688
1.63879598662207 0.367947278160165
1.67224080267559 0.369635236590116
1.7056856187291 0.371326389274373
1.73913043478261 0.373020700703125
1.77257525083612 0.374718135067391
1.80602006688963 0.376418656261565
1.83946488294314 0.378122227886011
1.87290969899666 0.379828813249709
1.90635451505017 0.381538375372973
1.93979933110368 0.383250876990213
1.97324414715719 0.384966280552757
2.0066889632107 0.386684548231733
2.04013377926421 0.388405641920998
2.07357859531773 0.390129523240134
2.10702341137124 0.391856153537486
2.14046822742475 0.393585493893264
2.17391304347826 0.395317505122694
2.20735785953177 0.397052147779227
2.24080267558528 0.398789382157794
2.2742474916388 0.400529168298123
2.30769230769231 0.402271465988096
2.34113712374582 0.404016234767171
2.37458193979933 0.405763433929844
2.40802675585284 0.407513022529171
2.44147157190635 0.409264959380327
2.47491638795987 0.41101920306423
2.50836120401338 0.412775711931201
2.54180602006689 0.414534444104677
2.5752508361204 0.416295357484975
2.60869565217391 0.418058409753094
2.64214046822742 0.419823558374572
2.67558528428094 0.421590760603383
2.70903010033445 0.423359973485878
2.74247491638796 0.425131153864777
2.77591973244147 0.426904258383196
2.80936454849498 0.428679243488718
2.84280936454849 0.430456065437513
2.87625418060201 0.432234680298489
2.90969899665552 0.434015043957489
2.94314381270903 0.435797112121525
2.97658862876254 0.437580840323054
3.01003344481605 0.439366183924284
3.04347826086956 0.441153098121526
3.07692307692308 0.442941537949577
3.11036789297659 0.444731458286135
3.1438127090301 0.446522813856258
3.17725752508361 0.448315559236842
3.21070234113712 0.450109648861147
3.24414715719064 0.451905037023341
3.27759197324415 0.453701677883082
3.31103678929766 0.455499525470129
3.34448160535117 0.457298533688974
3.37792642140468 0.459098656323515
3.41137123745819 0.460899847041744
3.44481605351171 0.462702059400463
3.47826086956522 0.464505246850029
3.51170568561873 0.466309362739117
3.54515050167224 0.46811436031951
3.57859531772575 0.469920192750905
3.61204013377926 0.471726813105746
3.64548494983278 0.473534174374073
3.67892976588629 0.475342229468385
3.7123745819398 0.47715093122853
3.74581939799331 0.478960232426603
3.77926421404682 0.48077008577186
3.81270903010033 0.48258044391565
3.84615384615385 0.48439125945636
3.87959866220736 0.48649906962175
3.91304347826087 0.490168020961821
3.94648829431438 0.493838031819537
3.97993311036789 0.497508706861685
4.0133779264214 0.501179650468733
4.04682274247492 0.504850466905354
4.08026755852843 0.508520760491053
4.11371237458194 0.512190135770749
4.14715719063545 0.515858197685143
4.18060200668896 0.519524551740729
4.21404682274247 0.52318880417929
4.24749163879599 0.526850562146713
4.2809364548495 0.530509433860986
4.31438127090301 0.534165028779213
4.34782608695652 0.537816957763503
4.38127090301003 0.541464833245577
4.41471571906354 0.545108269389959
4.44816053511706 0.548746882255588
4.48160535117057 0.552380289955727
4.51505016722408 0.556008112816015
4.54849498327759 0.559629973530535
4.5819397993311 0.563245497315759
4.61538461538461 0.566854312062244
4.64882943143813 0.57045604848394
4.68227424749164 0.574050340265011
4.71571906354515 0.577636824204018
4.74916387959866 0.581215140355374
4.78260869565217 0.584784932167948
4.81605351170569 0.588345846620705
4.8494983277592 0.591897534355301
4.88294314381271 0.5954396498055
4.91638795986622 0.598971851323356
4.94983277591973 0.602493801302041
4.98327759197324 0.606005166295252
5.01672240802676 0.60950561713311
5.05016722408027 0.612994829034481
5.08361204013378 0.61647248171564
5.11705685618729 0.619938259495228
5.1505016722408 0.623391851395425
5.18394648829431 0.626832951239305
5.21739130434783 0.630261257744299
5.25083612040134 0.633676474611747
5.28428093645485 0.637078310612485
5.31772575250836 0.640466479668429
5.35117056856187 0.643840700930148
5.38461538461538 0.647200698850378
5.4180602006689 0.650546203253477
5.45150501672241 0.653876949400798
5.48494983277592 0.657192678051972
5.51839464882943 0.6604931355221
5.55183946488294 0.663778073734859
5.58528428093645 0.668279677340813
5.61872909698997 0.673633902647478
5.65217391304348 0.678943225372123
5.68561872909699 0.68420666646549
5.7190635451505 0.689423290472461
5.75250836120401 0.694592205789662
5.78595317725753 0.699712564844664
5.81939799331104 0.70478356419836
5.85284280936455 0.709804444572241
5.88628762541806 0.714774490802521
5.91973244147157 0.719693031723188
5.95317725752508 0.724559439980223
5.9866220735786 0.72937313177937
6.02006688963211 0.734133566569965
6.05351170568562 0.738840246667423
6.08695652173913 0.743492716817094
6.12040133779264 0.748090563702278
6.15384615384615 0.752633415399245
6.18729096989967 0.757120940782171
6.22073578595318 0.761552848880927
6.25418060200669 0.765928888194706
6.2876254180602 0.77024884596447
6.32107023411371 0.774512547407202
6.35451505016722 0.778719854914956
6.38795986622074 0.78287066722167
6.42140468227425 0.786964918540667
6.45484949832776 0.791002577675751
6.48829431438127 0.794983647108753
6.52173913043478 0.798908162066314
6.55518394648829 0.80277618956864
6.58862876254181 0.80658782746291
6.62207357859532 0.810343203443908
6.65551839464883 0.814042474064397
6.68896321070234 0.817685823737672
6.72240802675585 0.82127346373461
6.75585284280936 0.824805631177468
6.78929765886288 0.828282588032587
6.82274247491639 0.831704620104031
6.8561872909699 0.835072036030141
6.88963210702341 0.838385166284816
6.92307692307692 0.841644362185312
6.95652173913043 0.844849994908165
6.98996655518395 0.848002454514813
7.02341137123746 0.851102148988341
7.05685618729097 0.854149503282701
7.09030100334448 0.857144958385651
7.12374581939799 0.860088970396548
7.1571906354515 0.862982009620069
7.19063545150502 0.865824559676788
7.22408026755853 0.868617116631503
7.25752508361204 0.871360188140072
7.29096989966555 0.874054292615458
7.32441471571906 0.876699958413597
7.35785953177257 0.879297723039611
7.39130434782609 0.881848132374818
7.4247491638796 0.884351739924937
7.45819397993311 0.886809106089769
7.49163879598662 0.889220797454627
7.52508361204013 0.891587386103677
7.55852842809364 0.89390944895531
7.59197324414716 0.896187567119622
7.62541806020067 0.898422325277995
7.65886287625418 0.900614311084751
7.69230769230769 0.902764114590791
7.7257525083612 0.904872327689076
7.75919732441471 0.906939543581799
7.79264214046823 0.908966356269023
7.82608695652174 0.91095336005855
7.85953177257525 0.912901149096741
7.89297658862876 0.914810316919988
7.92642140468227 0.916681456026511
7.95986622073579 0.918515157468109
7.9933110367893 0.920312010461516
8.02675585284281 0.92207260201895
8.06020066889632 0.923797516597445
8.09364548494983 0.925487335766551
8.12709030100334 0.927142637893964
8.16053511705686 0.928763997848624
8.19397993311037 0.930351986720845
8.22742474916388 0.931907171558998
8.26086956521739 0.933430115122287
8.2943143812709 0.934921375649145
8.32775919732441 0.936381506640777
8.36120401337793 0.937811056659359
8.39464882943144 0.93921056914045
8.42809364548495 0.940580582219104
8.46153846153846 0.941921628569245
8.49498327759197 0.943234235255816
8.52842809364548 0.944518923599239
8.561872909699 0.945776209051739
8.59531772575251 0.94700660108507
8.62876254180602 0.948210603089196
8.66220735785953 0.949388712281489
8.69565217391304 0.950541419626013
8.72909698996656 0.951669209762473
8.76254180602007 0.952772560944401
8.79598662207358 0.953851944986188
8.82943143812709 0.954907827218554
8.8628762541806 0.955940666452071
8.89632107023411 0.956950914948361
8.92976588628762 0.957939018398599
8.96321070234114 0.958905415908957
8.99665551839465 0.959850539992657
9.03010033444816 0.960774816568268
9.06354515050167 0.961678664963946
9.09698996655518 0.962562497927273
9.1304347826087 0.963426721640404
9.16387959866221 0.964271735740221
9.19732441471572 0.96509793334319
9.23076923076923 0.965905701074672
9.26421404682274 0.966695419102383
9.29765886287625 0.967467461173773
9.33110367892977 0.968222194657062
9.36454849498328 0.968959980585691
9.39799331103679 0.969681173705965
9.4314381270903 0.97038612252765
9.46488294314381 0.971075169377334
9.49832775919732 0.971748650454329
9.53177257525084 0.972406895888921
9.56521739130435 0.973050229802789
9.59866220735786 0.973678970371401
9.63210702341137 0.974293429888226
9.66555183946488 0.97489391483059
9.69899665551839 0.975480725927023
9.73244147157191 0.976054158225948
9.76588628762542 0.976614501165562
9.79933110367893 0.977162038644791
9.83277591973244 0.977697049095163
9.86622073578595 0.978219805553505
9.89966555183946 0.978730575735322
9.93311036789298 0.97922962210877
9.96655518394649 0.979717201969097
10 0.980193567513468
