0 0.0891920258380115
0.0334448160535117 0.0909320113667069
0.0668896321070234 0.0927028986471346
0.100334448160535 0.0945051101676135
0.133779264214047 0.0963390690005265
0.167224080267559 0.0982051985561258
0.20066889632107 0.100103922325688
0.234113712374582 0.102035663613844
0.267558528428094 0.104000845259902
0.301003344481605 0.105999889348026
0.334448160535117 0.108033216906098
0.367892976588629 0.110101247593144
0.40133779264214 0.112204399375193
0.434782608695652 0.114343088189471
0.468227424749164 0.116517727596825
0.501672240802676 0.118728728422318
0.535117056856187 0.120976498383926
0.568561872909699 0.123261441709304
0.602006688963211 0.125583958740614
0.635451505016722 0.127944445527406
0.668896321070234 0.130343293407601
0.702341137123746 0.132780888576614
0.735785953177257 0.135257611644712
0.769230769230769 0.137773837182709
0.802675585284281 0.140329933256148
0.836120401337793 0.142926260948127
0.869565217391304 0.14556317387098
0.903010033444816 0.148241017667048
0.936454849498328 0.150960129498818
0.969899665551839 0.153720837528719
1.00334448160535 0.156523460388948
1.03678929765886 0.159368306641688
1.07023411371237 0.162255674230157
1.10367892976589 0.165185849920957
1.1371237458194 0.168159108738219
1.17056856187291 0.171175713390123
1.20401337792642 0.174235913688368
1.23745819397993 0.17733994596126
1.27090301003344 0.180488032461093
1.30434782608696 0.183680380766581
1.33779264214047 0.186917183181111
1.37123745819398 0.190198616127677
1.40468227424749 0.193524839541364
1.438127090301 0.196895996260322
1.47157190635451 0.200312211416222
1.50501672240803 0.203773591825225
1.53846153846154 0.207280225380535
1.57190635451505 0.21083218044769
1.60535117056856 0.214429505263745
1.63879598662207 0.218072227341581
1.67224080267559 0.221760352880616
1.7056856187291 0.225493866185208
1.73913043478261 0.229272729092123
1.77257525083612 0.233096880408447
1.80602006688963 0.23696623536138
1.83946488294314 0.240880685061359
1.87290969899666 0.244840095980019
1.90635451505017 0.248844309444507
1.93979933110368 0.252893141149689
1.97324414715719 0.256986380689821
2.0066889632107 0.261123791111268
2.04013377926421 0.265305108487858
2.07357859531773 0.26953004152047
2.10702341137124 0.273798271162472
2.14046822742475 0.278109450272584
2.17391304347826 0.282463203296782
2.20735785953177 0.286859125980792
2.24080267558528 0.291296785114748
2.2742474916388 0.295775718311529
2.30769230769231 0.300295433820265
2.34113712374582 0.304855410376479
2.37458193979933 0.309455097090245
2.40802675585284 0.31409391337374
2.44147157190635 0.318771248909455
2.47491638795987 0.323486463660299
2.50836120401338 0.328238887922739
2.54180602006689 0.333027822424035
2.5752508361204 0.337852538464549
2.60869565217391 0.342712278106002
2.64214046822742 0.34760625440645
2.67558528428094 0.352533651702655
2.70903010033445 0.35749362594039
2.74247491638796 0.362485305053107
2.77591973244147 0.36750778938928
2.80936454849498 0.372560152188576
2.84280936454849 0.3776414401069
2.87625418060201 0.382750673790192
2.90969899665552 0.38788684849674
2.94314381270903 0.393048934767582
2.97658862876254 0.398235879144474
3.01003344481605 0.403446604934691
3.04347826086956 0.408680013021829
3.07692307692308 0.413934982721578
3.11036789297659 0.419210372681309
3.1438127090301 0.424505021822164
3.17725752508361 0.429817750322165
3.21070234113712 0.435147360638751
3.24414715719064 0.440492638568961
3.27759197324415 0.445852354345385
3.31103678929766 0.451225263765837
3.34448160535117 0.456610109354596
3.37792642140468 0.46200562155293
3.41137123745819 0.467410519936506
3.44481605351171 0.472823514457183
3.47826086956522 0.478243306706589
3.51170568561873 0.48366859119879
3.54515050167224 0.489098056669285
3.57859531772575 0.494530387387497
3.61204013377926 0.499964264479858
3.64548494983278 0.505398367260569
3.67892976588629 0.510831374567045
3.7123745819398 0.516261966097072
3.74581939799331 0.521688823744658
3.77926421404682 0.527110632931592
3.81270903010033 0.532526083931721
3.84615384615385 0.537933873184978
3.87959866220736 0.543332704598264
3.91304347826087 0.548721290830288
3.94648829431438 0.554098354557575
3.97993311036789 0.559462629718896
4.0133779264214 0.564812862735476
4.04682274247492 0.570147813704412
4.08026755852843 0.575466257562845
4.11371237458194 0.580766985220547
4.14715719063545 0.586048804658685
4.18060200668896 0.591310541992675
4.21404682274247 0.596551042497147
4.24749163879599 0.601769171591203
4.2809364548495 0.606963815782286
4.31438127090301 0.612133883567117
4.34782608695652 0.617278306288337
4.38127090301003 0.622396038945611
4.41471571906354 0.627486060960129
4.44816053511706 0.632547376891602
4.48160535117057 0.637579017106985
4.51505016722408 0.642580038400344
4.54849498327759 0.647549524563412
4.5819397993311 0.65248658690656
4.61538461538461 0.657390364730033
4.64882943143813 0.662260025745475
4.68227424749164 0.667094766447889
4.71571906354515 0.67189381243832
4.74916387959866 0.676656418697694
4.78260869565217 0.68138186981237
4.81605351170569 0.686069480152066
4.8494983277592 0.69071859400096
4.88294314381271 0.695328585642861
4.91638795986622 0.699898859401456
4.94983277591973 0.704428849636714
4.98327759197324 0.708918020698653
5.01672240802676 0.713365866839697
5.05016722408027 0.717771912087002
5.08361204013378 0.722135710076105
5.11705685618729 0.726456843847386
5.1505016722408 0.730734925606832
5.18394648829431 0.734969596452657
5.21739130434783 0.739160526069366
5.25083612040134 0.743307412390868
5.28428093645485 0.74740998123429
5.31772575250836 0.751467985906117
5.35117056856187 0.755481206782347
5.38461538461538 0.759449450864304
5.4180602006689 0.763372551311776
5.45150501672241 0.767250366955133
5.48494983277592 0.771082781788066
5.51839464882943 0.774869704442561
5.55183946488294 0.778611067647717
5.58528428093645 0.782306827673972
5.61872909698997 0.785956963764298
5.65217391304348 0.789561477553847
5.68561872909699 0.79312039247955
5.7190635451505 0.796633753181081
5.75250836120401 0.800101624894586
5.78595317725753 0.803524092840534
5.81939799331104 0.806901261606961
5.85284280936455 0.810233254529399
5.88628762541806 0.813520213068667
5.91973244147157 0.816762296187679
5.95317725752508 0.819959679728395
5.9866220735786 0.823112555789934
6.02006688963211 0.826221132108874
6.05351170568562 0.829285631442677
6.08695652173913 0.832306290957131
6.12040133779264 0.835283361618659
6.15384615384615 0.838217107592283
6.18729096989967 0.84110780564599
6.22073578595318 0.843955744562183
6.25418060200669 0.846761224556875
6.2876254180602 0.849524556707193
6.32107023411371 0.852246062387775
6.35451505016722 0.854926072716528
6.38795986622074 0.857564928010226
6.42140468227425 0.860162977250348
6.45484949832776 0.862720577559533
6.48829431438127 0.865238093688987
6.52173913043478 0.867715897517116
6.55518394648829 0.870154367559658
6.58862876254181 0.872553888491529
6.62207357859532 0.874914850680546
6.65551839464883 0.877237649733208
6.68896321070234 0.879522686052629
6.72240802675585 0.881770364408724
6.75585284280936 0.883981093520706
6.78929765886288 0.886155285651927
6.82274247491639 0.888293356217074
6.8561872909699 0.890395723401701
6.88963210702341 0.892462807794062
6.92307692307692 0.89449503202919
6.95652173913043 0.896492820445138
6.98996655518395 0.898456598751287
7.02341137123746 0.900386793708616
7.05685618729097 0.902283832821794
7.09030100334448 0.904148144042957
7.12374581939799 0.905980155487028
7.1571906354515 0.907780295158375
7.19063545150502 0.909548990688678
7.22408026755853 0.911286669085778
7.25752508361204 0.912993756493324
7.29096989966555 0.914670677961023
7.32441471571906 0.916317857225265
7.35785953177257 0.917935716499917
7.39130434782609 0.91952467627706
7.4247491638796 0.921085155137437
7.45819397993311 0.922617569570395
7.49163879598662 0.92412233380307
7.52508361204013 0.925599859638589
7.55852842809364 0.927050556303062
7.59197324414716 0.928474830301095
7.62541806020067 0.929873085279623
7.65886287625418 0.931245721899795
7.69230769230769 0.932593137716691
7.7257525083612 0.933915727066617
7.75919732441471 0.935213880961768
7.79264214046823 0.936487986991989
7.82608695652174 0.93773842923344
7.85953177257525 0.938965588163906
7.89297658862876 0.940169840584545
7.92642140468227 0.941351559547831
7.95986622073579 0.942511114291498
7.9933110367893 0.943648870178237
8.02675585284281 0.944765188640956
8.06020066889632 0.945860427133388
8.09364548494983 0.946934939085826
8.12709030100334 0.947989073865813
8.16053511705686 0.949023176743552
8.19397993311037 0.950037588861885
8.22742474916388 0.95103264721061
8.26086956521739 0.952008684604984
8.2943143812709 0.952966029668213
8.32775919732441 0.953905006817769
8.36120401337793 0.954825936255339
8.39464882943144 0.955729133960272
8.42809364548495 0.956614911686333
8.46153846153846 0.95748357696162
8.49498327759197 0.958335433091498
8.52842809364548 0.959170779164384
8.561872909699 0.959989910060253
8.59531772575251 0.960793116461721
8.62876254180602 0.961580684867572
8.66220735785953 0.962352897608589
8.69565217391304 0.963110032865586
8.72909698996656 0.963852364689483
8.76254180602007 0.964580163023342
8.79598662207358 0.965293693726226
8.82943143812709 0.965993218598781
8.8628762541806 0.966678995410434
8.89632107023411 0.967351277928099
8.92976588628762 0.968010315946309
8.96321070234114 0.968656355318648
8.99665551839465 0.969289637990432
9.03010033444816 0.969910402032519
9.06354515050167 0.970518881676176
9.09698996655518 0.971115307348927
9.1304347826087 0.971699905711292
9.16387959866221 0.972272899694361
9.19732441471572 0.972834508538107
9.23076923076923 0.973384947830393
9.26421404682274 0.973924429546594
9.29765886287625 0.974453162089778
9.33110367892977 0.974971350331377
9.36454849498328 0.97547919565231
9.39799331103679 0.975976895984476
9.4314381270903 0.976464645852594
9.46488294314381 0.976942636416315
9.49832775919732 0.977411055512581
9.53177257525084 0.977870087698166
9.56521739130435 0.978319914292369
9.59866220735786 0.978760713419821
9.63210702341137 0.979192660053351
9.66555183946488 0.979615926056896
9.69899665551839 0.980030680228397
9.73244147157191 0.980437088342674
9.76588628762542 0.980835313194222
9.79933110367893 0.981225514639925
9.83277591973244 0.981607849641635
9.86622073578595 0.981982472308615
9.89966555183946 0.982349533939795
9.93311036789298 0.982709183065844
9.96655518394649 0.983061565491013
10 0.983406824334748
