0.0 0.07278298601470244
0.033444816053511704 0.0748219693465037
0.06688963210702341 0.07691333565184115
0.1003344481605351 0.07905816302879887
0.13377926421404682 0.08125753660742513
0.16722408026755853 0.0835125476379318
0.2006688963210702 0.08582429251584137
0.23411371237458192 0.08819387174226014
0.26755852842809363 0.09062238881753136
0.3010033444816053 0.09311094906660936
0.33444816053511706 0.09566065839459877
0.36789297658862874 0.09827262197102186
0.4013377926421404 0.10094794284151107
0.43478260869565216 0.10368772046577601
0.46822742474916385 0.10649304918086407
0.5016722408026756 0.10936501658892249
0.5351170568561873 0.11230470186887703
0.568561872909699 0.11531317401167103
0.6020066889632106 0.11839148997895657
0.6354515050167224 0.12154069278539845
0.6688963210702341 0.12476180950504295
0.7023411371237458 0.12805584920251525
0.7357859531772575 0.1314238007901425
0.7692307692307692 0.13486663081245553
0.8026755852842808 0.13838528115989837
0.8361204013377926 0.14198066671397228
0.8695652173913043 0.14565367292645784
0.903010033444816 0.1494051533357975
0.9364548494983277 0.15323592702417488
0.9698996655518394 0.15714677601930035
1.0033444816053512 0.16113844264540075
1.0367892976588629 0.16521162682841314
1.0702341137123745 0.16936698336089528
1.1036789297658862 0.1736051191326893
1.137123745819398 0.17792659033390446
1.1705685618729096 0.18233189963731664
1.2040133779264213 0.1868214933678178
1.237458193979933 0.19139575866707753
1.2709030100334449 0.19605502066210195
1.3043478260869565 0.20079953964688899
1.3377926421404682 0.20562950828687415
1.37123745819398 0.21054504885633912
1.4046822742474916 0.21554621051940553
1.4381270903010033 0.22063296666566143
1.471571906354515 0.22580521231185088
1.5050167224080266 0.23106276158140865
1.5384615384615383 0.23640534527391988
1.57190635451505 0.2418326085368363
1.6053511705685617 0.24734410865197734
1.6387959866220736 0.25293931294947436
1.6722408026755853 0.2586175968618859
1.705685618729097 0.2643782421312089
1.7391304347826086 0.27022043518143035
1.7725752508361203 0.27614326566910613
1.806020066889632 0.2821457252242135
1.8394648829431437 0.28822670639319686
1.8729096989966554 0.2943850017957088
1.906354515050167 0.30061930350604565
1.9397993311036787 0.3069282026696766
1.9732441471571907 0.3133101893645791
2.0066889632107023 0.3197636527163119
2.040133779264214 0.32628688127488703
2.0735785953177257 0.3328780636605469
2.1070234113712374 0.33953528948450995
2.140468227424749 0.34625655054962806
2.1739130434782608 0.35303974233470475
2.2073578595317724 0.35988266576495814
2.240802675585284 0.3667830292697904
2.274247491638796 0.3737384511276453
2.3076923076923075 0.3807464620963171
2.341137123745819 0.38780450832561536
2.374581939799331 0.39490995454781225
2.4080267558528425 0.40206008753980677
2.441471571906354 0.40925211984944354
2.474916387959866 0.4164831937769449
2.508361204013378 0.4237503856009499
2.5418060200668897 0.43105071003723183
2.5752508361204014 0.4383811249167889
2.608695652173913 0.44573853606867764
2.6421404682274248 0.45311980239172356
2.6755852842809364 0.46052174109806904
2.709030100334448 0.4679411331104548
2.74247491638796 0.4753747285941649
2.7759197324414715 0.48281925260370845
2.809364548494983 0.49027141082358683
2.842809364548495 0.4977278953818829
2.8762541806020065 0.5051853907149485
2.9096989966555182 0.5126405794611291
2.94314381270903 0.5200901483612835
2.9765886287625416 0.5275307941438045
3.0100334448160533 0.5349592293719553
3.043478260869565 0.5423721882315722
3.0769230769230766 0.549766432237576
3.1103678929765883 0.5571387558382515
3.1438127090301 0.5644859918969111
3.1772575250836117 0.5718050170313365
3.2107023411371234 0.5790927567922951
3.2441471571906355 0.5863461906634272
3.277591973244147 0.5935623568659165
3.311036789297659 0.600738356952549
3.3444816053511706 0.6078713601770399
3.3779264214046822 0.614958607625856
3.411371237458194 0.6219974161011547
3.4448160535117056 0.6289851817449006
3.4782608695652173 0.6359193833956991
3.511705685618729 0.6427975856713619
3.5451505016722407 0.6496174417717283
3.5785953177257523 0.6563766959977463
3.612040133779264 0.6630731859842899
3.6454849498327757 0.6697048446456372
3.6789297658862874 0.6762697018339346
3.712374581939799 0.6827658857123319
3.7458193979933108 0.6891916238457736
3.7792642140468224 0.695545244013674
3.812709030100334 0.7018251747498596
3.846153846153846 0.7080299456162669
3.8795986622073575 0.7141581872178784
3.913043478260869 0.7202086309673138
3.9464882943143813 0.72618010860832
3.979933110367893 0.7320715515081533
4.013377926421405 0.737881989729499
4.046822742474916 0.7436105508931334
4.080267558528428 0.7492564588430044
4.113712374581939 0.7548190321257877
4.147157190635451 0.7602976822972735
4.180602006688963 0.7656919120681321
4.214046822742475 0.7710013133017563
4.247491638795986 0.7762255648769032
4.280936454849498 0.7813644304278538
4.31438127090301 0.7864177559746982
4.3478260869565215 0.7913854674562101
4.381270903010034 0.7962675681775487
4.414715719063545 0.8010641361847549
4.448160535117057 0.8057753215776947
4.481605351170568 0.8104013437727341
4.51505016722408 0.8149424887260296
4.548494983277592 0.8193991061278862
4.581939799331104 0.8237716065781691
4.615384615384615 0.8280604587522732
4.648829431438127 0.8339862015995348
4.682274247491638 0.8405939018711656
4.7157190635451505 0.8469868549243714
4.749163879598662 0.8531682046763964
4.782608695652174 0.8591413716525412
4.816053511705685 0.8649100230955212
4.849498327759197 0.8704780440680043
4.882943143812708 0.8758495096691286
4.916387959866221 0.8810286584630045
4.949832775919732 0.8860198671957822
4.983277591973244 0.8908276268580446
5.016722408026756 0.8954565201310636
5.050167224080267 0.8999112002389684
5.083612040133779 0.9041963712140659
5.117056856187291 0.908316769569454
5.150501672240803 0.9122771473616118
5.183946488294314 0.9160822566157679
5.217391304347826 0.9197368350784901
5.250836120401337 0.9232455932549576
5.2842809364548495 0.9266132026827404
5.317725752508361 0.9298442853894356
5.351170568561873 0.9329434044781584
5.384615384615384 0.9359150557824896
5.418060200668896 0.9387636605309835
5.4515050167224075 0.9414935589605803
5.48494983277592 0.9441090048182144
5.518394648829431 0.9466141606904016
5.551839464882943 0.949013094101592
5.585284280936454 0.9513097743234722
5.618729096989966 0.9535080698391487
5.652173913043478 0.95561174640814
5.68561872909699 0.9576244656803338
5.719063545150502 0.9595497843094297
5.752508361204013 0.9613911535188676
5.785953177257525 0.9631519190757937
5.8193979933110365 0.9648353216311889
5.852842809364549 0.9664444973868705
5.88628762541806 0.9679824790526278
5.919732441471572 0.9694521970592657
5.953177257525083 0.9708564809957779
5.986622073578595 0.9721980612412392
6.020066889632107 0.9734795707642883
6.053511705685619 0.9747035470652609
6.08695652173913 0.9758724342381099
6.120401337792642 0.9769885851312348
6.153846153846153 0.9780542635882022
6.187290969899665 0.9790716467511056
6.220735785953177 0.9800428274109585
6.254180602006689 0.9809698163910633
6.2876254180602 0.981854544950733
6.321070234113712 0.9826988671980855
6.354515050167223 0.9835045625018654
6.3879598662207355 0.9842733378933983
6.421404682274247 0.9850068304508343
6.454849498327759 0.9857066096588146
6.488294314381271 0.9863741797375771
6.521739130434782 0.9870109819363394
6.555183946488294 0.9876183967865321
6.588628762541806 0.988197746311138
6.622073578595318 0.9887502961870009
6.655518394648829 0.989277257857522
6.688963210702341 0.9897797905936652
6.722408026755852 0.9902590035016415
6.7558528428093645 0.9907159574760435
6.789297658862876 0.9911516670975655
6.822742474916388 0.9915671024747642
6.856187290969899 0.9919631910296
6.889632107023411 0.9923408192267517
6.9230769230769225 0.9927008342469184
6.956521739130435 0.9930440456045161
6.989966555183946 0.9933712267103469
7.023411371237458 0.9936831163799621
7.056856187290969 0.9939804202885694
7.090301003344481 0.9942638123734348
7.123745819397993 0.994533936184828
7.157190635451505 0.9947914061866251
7.190635451505017 0.9950368090077509
7.224080267558528 0.9952707046456837
7.25752508361204 0.9954936276232919
7.290969899665551 0.9957060881002909
7.3244147157190636 0.9959085729406317
7.357859531772575 0.9961015467371456
7.391304347826087 0.9962854527947684
7.424749163879598 0.9964607140736719
7.45819397993311 0.9966277340936199
7.4916387959866215 0.9967868978008568
7.525083612040134 0.9969385723988208
7.558528428093645 0.9970831081439541
7.591973244147157 0.9972208391078675
7.625418060200668 0.997352083907082
7.65886287625418 0.9974771464015549
7.692307692307692 0.9975963163631673
7.725752508361204 0.9977098701153144
7.759197324414715 0.9978180711447251
7.792642140468227 0.9979211706865906
7.826086956521738 0.9980194082840617
7.8595317725752505 0.9981130123231413
7.892976588628763 0.9982022005439616
7.926421404682274 0.9982871805294108
7.959866220735786 0.9983681501720411
7.993311036789297 0.9984452981201508
8.02675585284281 0.9985188042039198
8.060200668896321 0.9985888398424243
8.093645484949832 0.9986555684323489
8.127090301003344 0.9987191457191673
8.160535117056856 0.9987797201515468
8.193979933110368 0.9988374332196944
8.227424749163879 0.9988924197783405
8.26086956521739 0.9989448083550256
8.294314381270903 0.998994721444334
8.327759197324415 0.9990422757886865
8.361204013377925 0.9990875826462874
8.394648829431437 0.9991307480467887
8.42809364548495 0.9991718730352191
8.461538461538462 0.9992110539046981
8.494983277591972 0.9992483824184352
8.528428093645484 0.9992839460214948
8.561872909698996 0.9993178280427846
8.595317725752508 0.9993501078877076
8.62876254180602 0.9993808612219007
8.66220735785953 0.9994101601464589
8.695652173913043 0.9994380733650351
8.729096989966555 0.9994646663431827
8.762541806020067 0.9994900014602929
8.795986622073578 0.9995141381544673
8.82943143812709 0.9995371330606447
8.862876254180602 0.9995590401422955
8.896321070234114 0.9995799108169723
8.929765886287624 0.9995997940760075
8.963210702341136 0.9996187365986177
8.996655518394649 0.9996367828606781
9.03010033444816 0.9996539752384129
9.063545150501671 0.9996703541072334
9.096989966555183 0.999685957935949
9.130434782608695 0.9997008233765686
9.163879598662207 0.9997149853498905
9.197324414715718 0.9997284771270829
9.23076923076923 0.9997413304074361
9.264214046822742 0.9997535753924659
9.297658862876254 0.9997652408565398
9.331103678929766 0.9997763542141843
9.364548494983277 0.9997869415842316
9.397993311036789 0.9997970278509498
9.431438127090301 0.9998066367223004
9.464882943143813 0.9998157907854542
9.498327759197323 0.9998245115596974
9.531772575250836 0.999832819546845
9.565217391304348 0.9998407342792831
9.59866220735786 0.9998482743657489
9.63210702341137 0.9998554575349529
9.665551839464882 0.999862300677147
9.698996655518394 0.9998688198837336
9.732441471571907 0.9998750304850077
9.765886287625417 0.9998809470861189
9.799331103678929 0.9998865836013393
9.832775919732441 0.9998919532867131
9.866220735785953 0.9998970687711676
9.899665551839464 0.9999019420861556
9.933110367892976 0.9999065846938988
9.966555183946488 0.9999110075142988
10.0 0.999915220950578
