0.0 0.08508020327203213
0.033444816053511704 0.0867724729385457
0.06688963210702341 0.0884951466145015
0.1003344481605351 0.09024864037033173
0.13377926421404682 0.09203337073317105
0.16722408026755853 0.09384975444242888
0.2006688963210702 0.09569820819526935
0.23411371237458192 0.09757914838186107
0.26755852842809363 0.09949299081026883
0.3010033444816053 0.10144015042087191
0.33444816053511706 0.10342104099020627
0.36789297658862874 0.10543607482413976
0.4013377926421404 0.10748566244030722
0.43478260869565216 0.10957021223974436
0.46822742474916385 0.11169013016767944
0.5016722408026756 0.11384581936345696
0.5351170568561873 0.11603767979958819
0.568561872909699 0.1182661079099421
0.6020066889632106 0.12053149620711319
0.6354515050167224 0.12283423288902304
0.6688963210702341 0.1251747014348373
0.7023411371237458 0.12755328019030415
0.7357859531772575 0.1299703419426457
0.7692307692307692 0.13242625348516135
0.8026755852842808 0.1349213751717297
0.8361204013377926 0.13745606046142522
0.8695652173913043 0.14003065545349563
0.903010033444816 0.1426454984129785
0.9364548494983277 0.1453009192872661
0.9698996655518394 0.14799723921396307
1.0033444816053512 0.15073477002041424
1.0367892976588629 0.1535312901916827
1.0702341137123745 0.15647417561257812
1.1036789297658862 0.15946284351661466
1.137123745819398 0.16249759852010578
1.1705685618729096 0.16557873108132026
1.2040133779264213 0.16870651683321436
1.237458193979933 0.17188121591029157
1.2709030100334449 0.1751030722705081
1.3043478260869565 0.17837231301319806
1.3377926421404682 0.18168914769404815
1.37123745819398 0.1850537676382056
1.4046822742474916 0.1884663452526587
1.4381270903010033 0.19192703333908415
1.471571906354515 0.1954359644084069
1.5050167224080266 0.19899324999837248
1.5384615384615383 0.20259897999548065
1.57190635451505 0.20625322196268064
1.6053511705685617 0.20995602047427317
1.6387959866220736 0.21373500664132003
1.6722408026755853 0.21762821391898507
1.705685618729097 0.2215723522410673
1.7391304347826086 0.22556736253519138
1.7725752508361203 0.22961315690526155
1.806020066889632 0.23370961796857623
1.8394648829431437 0.23785659821438412
1.8729096989966554 0.2420539193859187
1.906354515050167 0.2463013718879629
1.9397993311036787 0.25059871422201285
1.9732441471571907 0.25494567245111266
2.0066889632107023 0.2593419396964322
2.040133779264214 0.26378717566765303
2.0735785953177257 0.2682810062292107
2.1070234113712374 0.27282302300441863
2.140468227424749 0.27741278301946737
2.1739130434782608 0.282049808389253
2.2073578595317724 0.2867335860469404
2.240802675585284 0.2914635675191087
2.274247491638796 0.29623916874826267
2.3076923076923075 0.3010597699644161
2.341137123745819 0.3059247156073722
2.374581939799331 0.310833314301232
2.4080267558528425 0.31578483888256037
2.441471571906354 0.32077852648353034
2.474916387959866 0.3258135786712469
2.508361204013378 0.3308891616443251
2.5418060200668897 0.33600440648766283
2.5752508361204014 0.3411584094862057
2.608695652173913 0.346350232498353
2.6421404682274248 0.3515789033894962
2.6755852842809364 0.3568434165260203
2.709030100334448 0.3621427333299293
2.74247491638796 0.36747578289408356
2.7759197324414715 0.37284146265786217
2.809364548494983 0.3782386391428764
2.842809364548495 0.38366614874818433
2.8762541806020065 0.38912279860426136
2.9096989966555182 0.3946073674848029
2.94314381270903 0.40015508824448687
2.9765886287625416 0.4065887844812787
3.0100334448160533 0.4130546919929802
3.043478260869565 0.4195507260081353
3.0769230769230766 0.4260747606611708
3.1103678929765883 0.43262463163129694
3.1438127090301 0.4391981388919617
3.1772575250836117 0.4457930495638489
3.2107023411371234 0.4524071008639022
3.2441471571906355 0.45903800314237697
3.277591973244147 0.4656834429994865
3.311036789297659 0.4723410864728039
3.3444816053511706 0.4790085822862198
3.3779264214046822 0.4856835651509466
3.411371237458194 0.4923636591087868
3.4448160535117056 0.4990464809076672
3.4782608695652173 0.5057296433992732
3.511705685618729 0.5124107589485034
3.5451505016722407 0.5190874428444001
3.5785953177257523 0.5257573167022092
3.612040133779264 0.5324180118462621
3.6454849498327757 0.5398871471928764
3.6789297658862874 0.5478270272481159
3.712374581939799 0.555742638201126
3.7458193979933108 0.5636300569842118
3.7792642140468224 0.5716374894011842
3.812709030100334 0.5798562966229743
3.846153846153846 0.5880310580142195
3.8795986622073575 0.5961575381295675
3.913043478260869 0.6042316057095932
3.9464882943143813 0.612249241531269
3.979933110367893 0.6202065457606625
4.013377926421405 0.6280997447828475
4.046822742474916 0.635925197487829
4.080267558528428 0.6436794009951673
4.113712374581939 0.6513589958038982
4.147157190635451 0.6589607703582571
4.180602006688963 0.6664816650235523
4.214046822742475 0.6739187754703226
4.247491638795986 0.6814053049301403
4.280936454849498 0.6891857733483073
4.31438127090301 0.6968607630532512
4.3478260869565215 0.704427512664554
4.381270903010034 0.7118834769583547
4.414715719063545 0.7192263267028247
4.448160535117057 0.7264539477222904
4.481605351170568 0.7335644392264692
4.51505016722408 0.740556111444428
4.548494983277592 0.7474274826055219
4.581939799331104 0.7541772753116911
4.615384615384615 0.760804412347147
4.648829431438127 0.7673080119726382
4.682274247491638 0.7736873827521793
4.7157190635451505 0.7799420179604057
4.749163879598662 0.78607158961857
4.782608695652174 0.792075942206678
4.816053511705685 0.7979550860984029
4.849498327759197 0.8037091907642483
4.882943143812708 0.8093385777869743
4.916387959866221 0.8148437137316316
4.949832775919732 0.8202252029106426
4.983277591973244 0.825483780082325
5.016722408026756 0.8306203031190458
5.050167224080267 0.8356357456789009
5.083612040133779 0.8405311899124458
5.117056856187291 0.845407442613628
5.150501672240803 0.8502067900513107
5.183946488294314 0.8548827168596106
5.217391304347826 0.8594368123325316
5.250836120401337 0.8638707481879069
5.2842809364548495 0.8681862709487372
5.317725752508361 0.8723851945526547
5.351170568561873 0.8764693932050034
5.384615384615384 0.8804407944884204
5.418060200668896 0.8843013727393608
5.4515050167224075 0.8880531426996888
5.48494983277592 0.8916981534493189
5.518394648829431 0.8952384826238774
5.551839464882943 0.8986762309195317
5.585284280936454 0.9020135168854319
5.618729096989966 0.9052524720026961
5.652173913043478 0.9083952360474814
5.68561872909699 0.9114439527344581
5.719063545150502 0.9144007656359067
5.752508361204013 0.9172678143707069
5.785953177257525 0.9200472310566606
5.8193979933110365 0.9227411370188747
5.852842809364549 0.9253516397463483
5.88628762541806 0.9278808300884128
5.919732441471572 0.9303307796822855
5.953177257525083 0.9327035386026964
5.986622073578595 0.9350011332243352
6.020066889632107 0.9372255642877153
6.053511705685619 0.9393788051589899
6.08695652173913 0.9414628002742241
6.120401337792642 0.9434794637586941
6.153846153846153 0.9454306782118433
6.187290969899665 0.9473182936486886
6.220735785953177 0.9491441265886119
6.254180602006689 0.9509099592826906
6.2876254180602 0.9526175390709385
6.321070234113712 0.954268577861077
6.354515050167223 0.9558647517207313
6.3879598662207355 0.957407700575219
6.421404682274247 0.9588990280033951
6.454849498327759 0.9603403011243186
6.488294314381271 0.9617330505678118
6.521739130434782 0.9630787705222879
6.555183946488294 0.9643789188535399
6.588628762541806 0.96563491728848
6.622073578595318 0.9668481516581389
6.655518394648829 0.9680199721945196
6.688963210702341 0.9691516938762086
6.722408026755852 0.9702445968179249
6.7558528428093645 0.9712999266994794
6.789297658862876 0.9723188952298776
6.822742474916388 0.9733026806425726
6.856187290969899 0.9742524282181276
6.889632107023411 0.9751692508307856
6.9230769230769225 0.9760542295156909
6.956521739130435 0.9769084140537198
6.989966555183946 0.9777328235711039
7.023411371237458 0.9785284471512293
7.056856187290969 0.9792962444561876
7.090301003344481 0.9800371463558467
7.123745819397993 0.9807520555623855
7.157190635451505 0.9814418472683895
7.190635451505017 0.9821073697867835
7.224080267558528 0.9827494451910065
7.25752508361204 0.9833688699539829
7.290969899665551 0.9839664155845758
7.3244147157190636 0.9845428292603264
7.357859531772575 0.9850988344554016
7.391304347826087 0.9856351315627843
7.424749163879598 0.9861523985098298
7.45819397993311 0.9866512913664227
7.4916387959866215 0.9871324449450374
7.525083612040134 0.9875964733921057
7.558528428093645 0.9880439707701544
7.591973244147157 0.9884755116302567
7.625418060200668 0.9888916515744032
7.65886287625418 0.9892929278074528
7.692307692307692 0.9896798596783905
7.725752508361204 0.9900529492106583
7.759197324414715 0.9904126816213795
7.792642140468227 0.9907595258293374
7.826086956521738 0.9910939349516075
7.8595317725752505 0.9914163467887829
7.892976588628763 0.9917271842987561
7.926421404682274 0.9920268560590628
7.959866220735786 0.992315756717807
7.993311036789297 0.9925942674332209
8.02675585284281 0.992862756301932
8.060200668896321 0.9931215787760257
8.093645484949832 0.9933710780690163
8.127090301003344 0.9936115855508483
8.160535117056856 0.9938434211320675
8.193979933110368 0.9940668936373157
8.227424749163879 0.994282301168304
8.26086956521739 0.9944899314564435
8.294314381270903 0.9946900622053058
8.327759197324415 0.994882961423102
8.361204013377925 0.9950688877453706
8.394648829431437 0.9952480907480719
8.42809364548495 0.9954208112512839
8.461538461538462 0.9955872816137079
8.494983277591972 0.9957477260181854
8.528428093645484 0.9959023607484312
8.561872909698996 0.9960513944571925
8.595317725752508 0.9961950284260397
8.62876254180602 0.9963334568169937
8.66220735785953 0.9964668669161998
8.695652173913043 0.9965954393698485
8.729096989966555 0.9967193484125488
8.762541806020067 0.9968387620883556
8.795986622073578 0.9969538424646477
8.82943143812709 0.9970647458390556
8.862876254180602 0.9971716229396315
8.896321070234114 0.9972746191184513
8.929765886287624 0.99737387453884
8.963210702341136 0.997469524356399
8.996655518394649 0.9975616988940242
9.03010033444816 0.9976505238110843
9.063545150501671 0.9977361202669405
9.096989966555183 0.9978186050789722
9.130434782608695 0.9978980908752806
9.163879598662207 0.9979746862422293
9.197324414715718 0.9980484958669827
9.23076923076923 0.9981196206751977
9.264214046822742 0.998188157964021
9.297658862876254 0.9982542015305381
9.331103678929766 0.9983178417958207
9.364548494983277 0.9983791659247092
9.397993311036789 0.9984382579414723
9.431438127090301 0.998495198841472
9.464882943143813 0.9985500666989664
9.498327759197323 0.9986029367711738
9.531772575250836 0.9986538815987239
9.565217391304348 0.9987029711026107
9.59866220735786 0.9987502726777662
9.63210702341137 0.9987958512833651
9.665551839464882 0.998839769529971
9.698996655518394 0.9988820877636249
9.732441471571907 0.9989228641469872
9.765886287625417 0.998962154737623
9.799331103678929 0.999000013563534
9.832775919732441 0.9990364926960257
9.866220735785953 0.9990716423200047
9.899665551839464 0.9991055108017889
9.933110367892976 0.9991381447545197
9.966555183946488 0.9991695891012555
10.0 0.9991998871358292
