0.0 0.07036779249135668
0.033444816053511704 0.07141233182111985
0.06688963210702341 0.07247116755870593
0.1003344481605351 0.07354445932886075
0.13377926421404682 0.07463236745918421
0.16722408026755853 0.07573505294749003
0.2006688963210702 0.07685267742785566
0.23411371237458192 0.0779854031353385
0.26755852842809363 0.07913339286933509
0.3010033444816053 0.0802968099555604
0.33444816053511706 0.08147581820662418
0.36789297658862874 0.08267058188118176
0.4013377926421404 0.083881265641638
0.43478260869565216 0.08510803451038189
0.46822742474916385 0.08635105382453102
0.5016722408026756 0.08761048918916557
0.5351170568561873 0.0888865064290314
0.568561872909699 0.09017927153869296
0.6020066889632106 0.09148895063111753
0.6354515050167224 0.09281570988467243
0.6688963210702341 0.09415971548851813
0.7023411371237458 0.09552113358638098
0.7357859531772575 0.09690013021869003
0.7692307692307692 0.09829687126306325
0.8026755852842808 0.09971152237313004
0.8361204013377926 0.10114424891567708
0.8695652173913043 0.1025952159061067
0.903010033444816 0.10406458794219729
0.9364548494983277 0.10555252913615734
0.9698996655518394 0.10705920304496525
1.0033444816053512 0.10858477259898884
1.0367892976588629 0.11012940002888058
1.0702341137123745 0.11169324679074444
1.1036789297658862 0.11327647348957376
1.137123745819398 0.11487923980095985
1.1705685618729096 0.11650170439107353
1.2040133779264213 0.11814402483492362
1.237458193979933 0.11980635753289733
1.2709030100334449 0.12148885762559113
1.3043478260869565 0.12319167890694117
1.3377926421404682 0.12491497373566547
1.37123745819398 0.12665889294503152
1.4046822742474916 0.128423585750966
1.4381270903010033 0.13020919965852504
1.471571906354515 0.13201588036674602
1.5050167224080266 0.13384377167190448
1.5384615384615383 0.13569301536920222
1.57190635451505 0.13756375115291536
1.6053511705685617 0.1394561165150334
1.6387959866220736 0.1413702466424241
1.6722408026755853 0.1433062743125603
1.705685618729097 0.1452643297878491
1.7391304347826086 0.14724454070860613
1.7725752508361203 0.1492470319847202
1.806020066889632 0.1512719256860579
1.8394648829431437 0.15331934093165955
1.8729096989966554 0.1553893937777818
1.906354515050167 0.15748219710484512
1.9397993311036787 0.15959786050334795
1.9732441471571907 0.16173649015881184
2.0066889632107023 0.16389818873582637
2.040133779264214 0.16608305526126477
2.0735785953177257 0.16829118500674564
2.1070234113712374 0.17052266937041846
2.140468227424749 0.17277759575815493
2.1739130434782608 0.175056047464231
2.2073578595317724 0.17735810355158846
2.240802675585284 0.17968383873176716
2.274247491638796 0.18203332324460406
2.3076923076923075 0.18440662273779704
2.341137123745819 0.18680379814643602
2.374581939799331 0.18922490557260635
2.4080267558528425 0.19166999616517297
2.441471571906354 0.1941391159998578
2.474916387959866 0.1966323059597249
2.508361204013378 0.19914960161619122
2.5418060200668897 0.201691033110685
2.5752508361204014 0.2042566250370752
2.608695652173913 0.20684639632499943
2.6421404682274248 0.2094603601242196
2.6755852842809364 0.21209852369013843
2.709030100334448 0.21476088827061124
2.74247491638796 0.21744744899419077
2.7759197324414715 0.22015819475994455
2.809364548494983 0.22289310812898636
2.842809364548495 0.22565216521786635
2.8762541806020065 0.22843533559396473
2.9096989966555182 0.23124258217303628
2.94314381270903 0.23407386111905495
2.9765886287625416 0.2369291217465082
3.0100334448160533 0.23980830642529152
3.043478260869565 0.24271135048835607
3.0769230769230766 0.24563818214226138
3.1103678929765883 0.24858872238078608
3.1438127090301 0.2515628849017488
3.1772575250836117 0.25456057602719445
3.2107023411371234 0.25758169462709624
3.2441471571906355 0.260626132046726
3.277591973244147 0.26369377203784516
3.311036789297659 0.2667844906938644
3.3444816053511706 0.2698981563891223
3.3779264214046822 0.27303462972242865
3.411371237458194 0.2761937634650173
3.4448160535117056 0.279375402513052
3.4782608695652173 0.28257938384482384
3.511705685618729 0.2858055364827775
3.5451505016722407 0.2890536814605015
3.5785953177257523 0.29232363179480986
3.612040133779264 0.2956151924630442
3.6454849498327757 0.2989281603857164
3.6789297658862874 0.30226232441461126
3.712374581939799 0.3056174653264601
3.7458193979933108 0.30899335582229487
3.7792642140468224 0.312389760532584
3.812709030100334 0.3158064360282474
3.846153846153846 0.31924313083764067
3.8795986622073575 0.3226995854695934
3.913043478260869 0.32617553244257924
3.9464882943143813 0.3317853972234373
3.979933110367893 0.33812243994924357
4.013377926421405 0.3445181151231293
4.046822742474916 0.35097061688312386
4.080267558528428 0.3574780607543926
4.113712374581939 0.3640384852087332
4.147157190635451 0.370649853440225
4.180602006688963 0.3773100553561901
4.214046822742475 0.3840169097816425
4.247491638795986 0.39076816687438953
4.280936454849498 0.3975615107469367
4.31438127090301 0.4043945622903157
4.3478260869565215 0.411264882193946
4.381270903010034 0.41816997415462376
4.414715719063545 0.4251072882667388
4.448160535117057 0.43207422458486455
4.481605351170568 0.43906813684891904
4.51505016722408 0.4460863363612194
4.548494983277592 0.4531260960038942
4.581939799331104 0.4601846543843443
4.615384615384615 0.46725922009570237
4.648829431438127 0.4743469760786005
4.682274247491638 0.48144508406995395
4.7157190635451505 0.48855068912398175
4.749163879598662 0.49566092419024704
4.782608695652174 0.5027729147331834
4.816053511705685 0.509883783377312
4.849498327759197 0.516990654562221
4.882943143812708 0.5240906591913038
4.916387959866221 0.5311809392583057
4.949832775919732 0.538258652435844
4.983277591973244 0.5453209766103052
5.016722408026756 0.5523651143478225
5.050167224080267 0.5593882972764511
5.083612040133779 0.5663877903701361
5.117056856187291 0.5733608961206416
5.150501672240803 0.5803049585842477
5.183946488294314 0.5872173672907304
5.217391304347826 0.5940955610029232
5.250836120401337 0.6009370313159789
5.2842809364548495 0.6077393260863431
5.317725752508361 0.6145000526813639
5.351170568561873 0.6212168810414317
5.384615384615384 0.6278875465475192
5.418060200668896 0.6345098526880096
5.4515050167224075 0.6410816735197051
5.48494983277592 0.6476009559189462
5.518394648829431 0.6540657216197788
5.551839464882943 0.6604740690371258
5.585284280936454 0.6668241748739073
5.618729096989966 0.6731142955120272
5.652173913043478 0.6793427681880818
5.68561872909699 0.6855080119555572
5.719063545150502 0.691608528436142
5.752508361204013 0.6976429023636095
5.785953177257525 0.7036098019244974
5.8193979933110365 0.7095079789005281
5.852842809364549 0.7153362686183953
5.88628762541806 0.7210935897131384
5.919732441471572 0.7267789437118913
5.953177257525083 0.7323914144452812
5.986622073578595 0.7379301672941897
6.020066889632107 0.7433944482799609
6.053511705685619 0.7487835830064625
6.08695652173913 0.7540969754626523
6.120401337792642 0.7593341066945181
6.153846153846153 0.7644945333553849
6.187290969899665 0.7695778861436934
6.220735785953177 0.7745838681373772
6.254180602006689 0.7795122530339716
6.2876254180602 0.7843628833055208
6.321070234113712 0.7891356682772654
6.354515050167223 0.7938305821389454
6.3879598662207355 0.7984476618973873
6.421404682274247 0.8029870052788368
6.454849498327759 0.8074487685892641
6.488294314381271 0.8118331645406004
6.521739130434782 0.8161404600505903
6.555183946488294 0.8203709740236295
6.588628762541806 0.8245250751196365
6.622073578595318 0.8286031795176771
6.655518394648829 0.8326057486807044
6.688963210702341 0.8365332871274277
6.722408026755852 0.840386340216961
6.7558528428093645 0.8441654919515353
6.789297658862876 0.8478713628021957
6.822742474916388 0.8526513431512491
6.856187290969899 0.859610529536737
6.889632107023411 0.8662925790628083
6.9230769230769225 0.8727036839380207
6.956521739130435 0.8788503743205033
6.989966555183946 0.8847394622045935
7.023411371237458 0.8903779885880939
7.056856187290969 0.8957731740591893
7.090301003344481 0.9009323728836407
7.123745819397993 0.9058630306211524
7.157190635451505 0.9105726452548057
7.190635451505017 0.9150687317789282
7.224080267558528 0.9193587901584667
7.25752508361204 0.9234502765464347
7.290969899665551 0.9273505776248927
7.3244147157190636 0.9310669879186887
7.357859531772575 0.9346066899193539
7.391304347826087 0.9379767368486008
7.424749163879598 0.9411840378863175
7.45819397993311 0.944235345686325
7.4916387959866215 0.9471372460040046
7.525083612040134 0.9498961492628126
7.558528428093645 0.9525182838912765
7.591973244147157 0.955009691268003
7.625418060200668 0.9573762221191707
7.65886287625418 0.9596235342207079
7.692307692307692 0.9617570912655949
7.725752508361204 0.9637821627653104
7.759197324414715 0.9657038248631591
7.792642140468227 0.9675269619459691
7.826086956521738 0.9692562689492725
7.8595317725752505 0.97089625425953
7.892976588628763 0.972451243125108
7.926421404682274 0.9739253814955623
7.959866220735786 0.975322640216227
7.993311036789297 0.9766468195121686
8.02675585284281 0.9779015537021966
8.060200668896321 0.979090316089834
8.093645484949832 0.9802164239839146
8.127090301003344 0.98128304380684
8.160535117056856 0.9822931962534492
8.193979933110368 0.9832497614680008
8.227424749163879 0.9841554842109047
8.26086956521739 0.9850129789906285
8.294314381270903 0.9858247351396349
8.327759197324415 0.9865931218163166
8.361204013377925 0.987320392917695
8.394648829431437 0.9880086918901684
8.42809364548495 0.9886600564278546
8.461538461538462 0.9892764230500767
8.494983277591972 0.9898596315513383
8.528428093645484 0.9904114293187077
8.561872909698996 0.9909334755129371
8.595317725752508 0.9914273451108574
8.62876254180602 0.9918945328076699
8.66220735785953 0.9923364567786781
8.695652173913043 0.9927544623008111
8.729096989966555 0.9931498252349841
8.762541806020067 0.9935237553709166
8.795986622073578 0.993877399636543
8.82943143812709 0.9942118451745522
8.862876254180602 0.9945281222889418
8.896321070234114 0.9948272072647502
8.929765886287624 0.9951100250643491
8.963210702341136 0.9953774519038591
8.996655518394649 0.9956303177133639
9.03010033444816 0.9958694084847078
9.063545150501671 0.9960954685106966
9.096989966555183 0.9963092025195689
9.130434782608695 0.9965112777085913
9.163879598662207 0.9967023256806224
9.197324414715718 0.9968829442874483
9.23076923076923 0.9970536993836409
9.264214046822742 0.9972151264946247
9.297658862876254 0.9973677324025656
9.331103678929766 0.9975119966536022
9.364548494983277 0.997648372989859
9.397993311036789 0.9977772907095751
9.431438127090301 0.9978991559585886
9.464882943143813 0.9980143529563065
9.498327759197323 0.9981232451591898
9.531772575250836 0.9982261763646724
9.565217391304348 0.9983234717583288
9.59866220735786 0.998415438906998
9.63210702341137 0.9985023687004637
9.665551839464882 0.9985845362441882
9.698996655518394 0.9986622017054947
9.732441471571907 0.9987356111154914
9.765886287625417 0.9988049971289333
9.799331103678929 0.9988705797441217
9.832775919732441 0.9989325669848456
9.866220735785953 0.9989911555462846
9.899665551839464 0.999046531406701
9.933110367892976 0.999098870406664
9.966555183946488 0.9991483387974704
10.0 0.9991950937603448
