0 0.0387492349435836
0.0334448160535117 0.0396276967018909
0.0668896321070234 0.0405252339665877
0.100334448160535 0.0414422225472766
0.133779264214047 0.0423790439006515
0.167224080267559 0.0433360851321585
0.20066889632107 0.0443137389928632
0.234113712374582 0.0453124038712708
0.267558528428094 0.0463324837798383
0.301003344481605 0.0473743883359099
0.334448160535117 0.0484385327368013
0.367892976588629 0.0495253377287495
0.40133779264214 0.0506352295694373
0.434782608695652 0.0517686399837976
0.468227424749164 0.0529260061127914
0.501672240802676 0.0541077704548508
0.535117056856187 0.0553143807996688
0.568561872909699 0.0565462901540137
0.602006688963211 0.0578039566592383
0.635451505016722 0.0590878435001492
0.668896321070234 0.060398418804897
0.702341137123746 0.0617361555355419
0.735785953177257 0.0631015313689462
0.769230769230769 0.0644950285676402
0.802675585284281 0.065917133840306
0.836120401337793 0.06736833819152
0.869565217391304 0.0688491367603931
0.903010033444816 0.0703600286477463
0.936454849498328 0.0719015167314597
0.969899665551839 0.0734741074696319
1.00334448160535 0.0750783106911889
1.03678929765886 0.0767146393735827
1.07023411371237 0.0783836094072259
1.10367892976589 0.0800857393463085
1.1371237458194 0.0818215501456521
1.17056856187291 0.083591564883263
1.20401337792642 0.0853963084682505
1.23745819397993 0.087236307333792
1.27090301003344 0.0891120891148313
1.30434782608696 0.0910241823102124
1.33779264214047 0.0929731159289648
1.37123745819398 0.0949594191204708
1.40468227424749 0.096983620788264
1.438127090301 0.0990462491872257
1.47157190635451 0.10114783150397
1.50501672240803 0.103288893420226
1.53846153846154 0.105469958659062
1.57190635451505 0.107691548513803
1.60535117056856 0.109954181359552
1.63879598662207 0.112258372147219
1.67224080267559 0.114604631880043
1.7056856187291 0.116993467072575
1.73913043478261 0.119425379192172
1.77257525083612 0.121900864083074
1.80602006688963 0.124420411373171
1.83946488294314 0.126984503863636
1.87290969899666 0.129593616901621
1.90635451505017 0.132248217736288
1.93979933110368 0.134948764858472
1.97324414715719 0.137695707324361
2.0066889632107 0.140489484063603
2.04013377926421 0.143330523172331
2.07357859531773 0.146219241191643
2.10702341137124 0.149156042372159
2.14046822742475 0.152141317925307
2.17391304347826 0.1551754452621
2.20735785953177 0.158258787220195
2.24080267558528 0.16139169128013
2.2742474916388 0.164574488771666
2.30769230769231 0.167807494071288
2.34113712374582 0.171091003791934
2.37458193979933 0.174425295966137
2.40802675585284 0.177810629223827
2.44147157190635 0.181247241966103
2.47491638795987 0.184735351536382
2.50836120401338 0.188275153390389
2.54180602006689 0.191866820266524
2.5752508361204 0.19551050135824
2.60869565217391 0.199206321490091
2.64214046822742 0.202954380299234
2.67558528428094 0.206754751424177
2.70903010033445 0.210607481702681
2.74247491638796 0.214512590380754
2.77591973244147 0.218470068334727
2.80936454849498 0.222479877308491
2.84280936454849 0.226541949167984
2.87625418060201 0.230656185175072
2.90969899665552 0.234822455283029
2.94314381270903 0.239040597455812
2.97658862876254 0.2433104170134
3.01003344481605 0.247631686005435
3.04347826086956 0.252004142615464
3.07692307692308 0.256427490598057
3.11036789297659 0.260901398751067
3.1438127090301 0.265425500425321
3.17725752508361 0.269999393073968
3.21070234113712 0.274622637843714
3.24414715719064 0.279294759210123
3.27759197324415 0.284015244659099
3.31103678929766 0.288783544416651
3.34448160535117 0.293599071228913
3.37792642140468 0.298461200194382
3.41137123745819 0.303369268650182
3.44481605351171 0.308322576114121
3.47826086956522 0.313320384284167
3.51170568561873 0.318361917096854
3.54515050167224 0.323446360846028
3.57859531772575 0.328572864363165
3.61204013377926 0.333740539260381
3.64548494983278 0.338948460237092
3.67892976588629 0.344195665451095
3.7123745819398 0.349481156954717
3.74581939799331 0.354803901196446
3.77926421404682 0.360162829588323
3.81270903010033 0.365556839139139
3.84615384615385 0.370984793153326
3.87959866220736 0.376445521995202
3.91304347826087 0.381937823918029
3.94648829431438 0.38746046595715
3.97993311036789 0.393012184886256
4.0133779264214 0.398591688235604
4.04682274247492 0.404197655370845
4.08026755852843 0.409828738630859
4.11371237458194 0.415483564522821
4.14715719063545 0.421160734972522
4.18060200668896 0.426858828627744
4.21404682274247 0.432576402212322
4.24749163879599 0.438311991928335
4.2809364548495 0.444064114903667
4.31438127090301 0.449831270682051
4.34782608695652 0.455611942752499
4.38127090301003 0.461404600114919
4.41471571906354 0.467207698878537
4.44816053511706 0.473019683889658
4.48160535117057 0.478838990385145
4.51505016722408 0.484664045667925
4.54849498327759 0.490493270800733
4.5819397993311 0.496325082314229
4.61538461538461 0.502157893925572
4.64882943143813 0.507990118263503
4.68227424749164 0.513820168595934
4.71571906354515 0.519646460556064
4.74916387959866 0.525467413863031
4.78260869565217 0.531281454033127
4.81605351170569 0.537087014077653
4.8494983277592 0.542882536183538
4.88294314381271 0.548666473372906
4.91638795986622 0.554437291137878
4.94983277591973 0.560193469046962
4.98327759197324 0.565933502319534
5.01672240802676 0.571655903364997
5.05016722408027 0.577359203283365
5.08361204013378 0.583041953324167
5.11705685618729 0.588702726300704
5.1505016722408 0.594340117956885
5.18394648829431 0.599952748284022
5.21739130434783 0.605539262785166
5.25083612040134 0.611098333684745
5.28428093645485 0.616628661081465
5.31772575250836 0.622128974042642
5.35117056856187 0.627598031638328
5.38461538461538 0.633034623913807
5.4180602006689 0.638437572799256
5.45150501672241 0.643805732955546
5.48494983277592 0.649137992555406
5.51839464882943 0.654433273999348
5.55183946488294 0.659690534565978
5.58528428093645 0.664908766996497
5.61872909698997 0.670087000013425
5.65217391304348 0.675224298773743
5.68561872909699 0.680319765256846
5.7190635451505 0.685372538587886
5.75250836120401 0.690381795297257
5.78595317725753 0.695346749517114
5.81939799331104 0.700266653116018
5.85284280936455 0.705140795772911
5.88628762541806 0.709968504991774
5.91973244147157 0.714749146058468
5.95317725752508 0.719482121941345
5.9866220735786 0.724166873137364
6.02006688963211 0.72880287746551
6.05351170568562 0.733389649809438
6.08695652173913 0.737926741811322
6.12040133779264 0.742413741518957
6.15384615384615 0.746850272988252
6.18729096989967 0.751235995843261
6.22073578595318 0.755570604795965
6.25418060200669 0.759853829128063
6.2876254180602 0.764085432137002
6.32107023411371 0.768265210548549
6.35451505016722 0.772392993898181
6.38795986622074 0.776468643883557
6.42140468227425 0.780492053690361
6.45484949832776 0.78446314729375
6.48829431438127 0.788381878737649
6.52173913043478 0.792248231394069
6.55518394648829 0.796062217204624
6.58862876254181 0.799823875906356
6.62207357859532 0.803533274243934
6.65551839464883 0.807190505170249
6.68896321070234 0.810795687037363
6.72240802675585 0.814348962779716
6.75585284280936 0.81785049909142
6.78929765886288 0.821300485599427
6.82274247491639 0.824699134034263
6.8561872909699 0.828046677399962
6.88963210702341 0.831343369144768
6.92307692307692 0.834589482334093
6.95652173913043 0.837785308827135
6.98996655518395 0.84093115845851
7.02341137123746 0.844027358226157
7.05685618729097 0.847074251486699
7.09030100334448 0.850072197159392
7.12374581939799 0.853021568939694
7.1571906354515 0.855922754523417
7.19063545150502 0.858776154842379
7.22408026755853 0.861582183312363
7.25752508361204 0.864341265094152
7.29096989966555 0.86705383636833
7.32441471571906 0.869720343624467
7.35785953177257 0.872341242965255
7.39130434782609 0.874916999426094
7.4247491638796 0.877448086310561
7.45819397993311 0.879934984542152
7.49163879598662 0.882378182032615
7.52508361204013 0.884778173067157
7.55852842809364 0.887135457706738
7.59197324414716 0.88945054120763
7.62541806020067 0.891723933458374
7.65886287625418 0.893956148434209
7.69230769230769 0.896147703669033
7.7257525083612 0.898299119744878
7.75919732441471 0.90041091979889
7.79264214046823 0.902483629047731
7.82608695652174 0.904517774329313
7.85953177257525 0.906513883661731
7.89297658862876 0.908472485819245
7.92642140468227 0.910394109925123
7.95986622073579 0.912279285061142
7.9933110367893 0.914128539893521
8.02675585284281 0.915942402315042
8.06020066889632 0.917721399103086
8.09364548494983 0.919466055593313
8.12709030100334 0.921176895368682
8.16053511705686 0.922854439963518
8.19397993311037 0.924499208582282
8.22742474916388 0.926111717832745
8.26086956521739 0.9276924814732
8.2943143812709 0.929242010173395
8.32775919732441 0.930760811288808
8.36120401337793 0.932249388647941
8.39464882943144 0.933708242352244
8.42809364548495 0.93513786858833
8.46153846153846 0.936538759452108
8.49498327759197 0.937911402784481
8.52842809364548 0.939256282018232
8.561872909699 0.940573876035746
8.59531772575251 0.941864659037217
8.62876254180602 0.943129100418962
8.66220735785953 0.944367664661506
8.69565217391304 0.945580811227077
8.72909698996656 0.946768994466179
8.76254180602007 0.947932663532883
8.79598662207358 0.949072262308511
8.82943143812709 0.950188229333388
8.8628762541806 0.95128099774632
8.89632107023411 0.952350995231499
8.92976588628762 0.953398643972505
8.96321070234114 0.954424360613116
8.99665551839465 0.95542855622461
9.03010033444816 0.956411636279285
9.06354515050167 0.957374000629899
9.09698996655518 0.958316043494756
9.1304347826087 0.959238153448172
9.16387959866221 0.960140713416053
9.19732441471572 0.961024100676337
9.23076923076923 0.961888686864039
9.26421404682274 0.962734837980673
9.29765886287625 0.963562914407808
9.33110367892977 0.964373270924539
9.36454849498328 0.965166256728646
9.39799331103679 0.965942215461244
9.4314381270903 0.966701485234698
9.46488294314381 0.967444398663633
9.49832775919732 0.968171282898823
9.53177257525084 0.968882459663798
9.56521739130435 0.969578245293973
9.59866220735786 0.970258950778147
9.63210702341137 0.970924881802198
9.66555183946488 0.971576338794815
9.69899665551839 0.972213616975129
9.73244147157191 0.972837006402084
9.76588628762542 0.973446792025422
9.79933110367893 0.974043253738135
9.83277591973244 0.974626666430278
9.86622073578595 0.975197300043994
9.89966555183946 0.97575541962966
9.93311036789298 0.97630128540303
9.96655518394649 0.976835152803269
10 0.977357272551783
