0.0 0.0070492075000947035
0.033444816053511704 0.007253298328315049
0.06688963210702341 0.00746325364440008
0.1003344481605351 0.0076792393550951105
0.13377926421404682 0.007901425907625905
0.16722408026755853 0.008129988404947455
0.2006688963210702 0.008365106723378988
0.23411371237458192 0.008606965632640701
0.26755852842809363 0.00885575491830533
0.3010033444816053 0.00911166950667494
0.33444816053511706 0.009374909592090523
0.36789297658862874 0.009645680766678835
0.4013377926421404 0.009924194152537516
0.43478260869565216 0.010210666536355939
0.46822742474916385 0.010505320506465248
0.5016722408026756 0.010808384592307027
0.5351170568561873 0.011120093406305008
0.568561872909699 0.011440687788120138
0.6020066889632106 0.01177041495126329
0.6354515050167224 0.012109528632034927
0.6688963210702341 0.012458289240754749
0.7023411371237458 0.01281696401523809
0.7357859531772575 0.013185827176469045
0.7692307692307692 0.013565160086413015
0.8026755852842808 0.013955251407903706
0.8361204013377926 0.014356397266531455
0.8695652173913043 0.01476890141445095
0.903010033444816 0.015193075396017369
0.9364548494983277 0.01562923871514998
0.9698996655518394 0.016077719004312083
1.0033444816053512 0.016538852194985087
1.0367892976588629 0.01701298268950302
1.0702341137123745 0.017500463534101496
1.1036789297658862 0.01800165659302232
1.137123745819398 0.018516932723501228
1.1705685618729096 0.019046671951452106
1.2040133779264213 0.01959126364764575
1.237458193979933 0.020151106704165648
1.2709030100334449 0.020726609710906358
1.3043478260869565 0.0213181911318629
1.3377926421404682 0.021926279480941113
1.37123745819398 0.02255131349699978
1.4046822742474916 0.023193742317815392
1.4381270903010033 0.023854025652639395
1.471571906354515 0.024532633952996024
1.5050167224080266 0.025230048581345834
1.5384615384615383 0.025946761977216518
1.57190635451505 0.02668327782037767
1.6053511705685617 0.02744011119061074
1.6387959866220736 0.028217788723598397
1.6722408026755853 0.02901684876243014
1.705685618729097 0.02983784150419231
1.7391304347826086 0.03068132914108085
1.7725752508361203 0.03154788599544486
1.806020066889632 0.03243809864813715
1.8394648829431437 0.03335256605951567
1.8729096989966554 0.034291899682406285
1.906354515050167 0.03525672356630296
1.9397993311036787 0.036247674452046456
1.9732441471571907 0.03726540185618655
2.0066889632107023 0.03831056814419627
2.040133779264214 0.0393838485916692
2.0735785953177257 0.04048593143259303
2.1070234113712374 0.041617517893754154
2.140468227424749 0.04277932221428906
2.1739130434782608 0.04397207164935933
2.2073578595317724 0.04519650645688758
2.240802675585284 0.04645337986625244
2.274247491638796 0.047743458027801174
2.3076923076923075 0.04906751994199968
2.341137123745819 0.05042635736700118
2.374581939799331 0.05182077470337676
2.4080267558528425 0.05325158885471418
2.441471571906354 0.054719629062755196
2.474916387959866 0.056225736715707526
2.508361204013378 0.05777076512833416
2.5418060200668897 0.059355579292392206
2.5752508361204014 0.06098105559596492
2.608695652173913 0.06264808151020365
2.6421404682274248 0.06435755524197452
2.6755852842809364 0.0661103853508837
2.709030100334448 0.06790749032914024
2.74247491638796 0.06974979814270246
2.7759197324414715 0.07163824573214782
2.809364548494983 0.07357377847170282
2.842809364548495 0.07555734958487441
2.8762541806020065 0.07758991951513239
2.9096989966555182 0.07967245525010982
2.94314381270903 0.08180592959781095
2.9765886287625416 0.08399132041334768
3.0100334448160533 0.0862296097747647
3.043478260869565 0.08852178310656197
3.0769230769230766 0.09086882824958069
3.1103678929765883 0.09327173447598691
3.1438127090301 0.09573149144816519
3.1772575250836117 0.09824908812042424
3.2107023411371234 0.10082551158251844
3.2441471571906355 0.10346174584410228
3.277591973244147 0.10615877055936176
3.311036789297659 0.10891755969120728
3.3444816053511706 0.11173908011456517
3.3779264214046822 0.114624290158475
3.411371237458194 0.11757413808688122
3.4448160535117056 0.12058956051820625
3.4782608695652173 0.12367148078400494
3.511705685618729 0.12682080722722913
3.5451505016722407 0.13003843144087435
3.5785953177257523 0.1333252264480407
3.612040133779264 0.13668204482471447
3.6454849498327757 0.1401097167668665
3.6789297658862874 0.14360904810376857
3.712374581939799 0.14718081825974685
3.7458193979933108 0.15082577816692494
3.7792642140468224 0.1545446481318529
3.812709030100334 0.1583381156592764
3.846153846153846 0.16220683323666715
3.8795986622073575 0.1661514160835122
3.913043478260869 0.17017243986974526
3.9464882943143813 0.17427043840809275
3.979933110367893 0.1784459013255019
4.013377926421405 0.1826992717192167
4.046822742474916 0.18703094380346155
4.080267558528428 0.19144126055308883
4.113712374581939 0.195930511350932
4.147157190635451 0.2004989296459912
4.180602006688963 0.20514669062993957
4.214046822742475 0.20987390893980143
4.247491638795986 0.21468063639498336
4.280936454849498 0.21956685977715892
4.31438127090301 0.22453249866179584
4.3478260869565215 0.2295774033103792
4.381270903010034 0.23470135263261288
4.414715719063545 0.23990405222807668
4.448160535117057 0.24518513251697197
4.481605351170568 0.25054414696970134
4.51505016722408 0.25598057044509503
4.548494983277592 0.26149379764710945
4.581939799331104 0.2670831417097934
4.615384615384615 0.2727478329202182
4.648829431438127 0.27848701758892425
4.682274247491638 0.2842997570772195
4.7157190635451505 0.2901850269903983
4.749163879598662 0.29614171654560373
4.782608695652174 0.302168628122662
4.816053511705685 0.3082644770057419
4.849498327759197 0.3144278913231637
4.882943143812708 0.32065741219207955
4.916387959866221 0.32695149407408564
4.949832775919732 0.3333085053471011
4.983277591973244 0.33972672909806434
5.016722408026756 0.34620436414015465
5.050167224080267 0.3527395262573555
5.083612040133779 0.3593302496782292
5.117056856187291 0.3659744887797899
5.150501672240803 0.37267012002133604
5.183946488294314 0.3794149441070469
5.217391304347826 0.3862066883750685
5.250836120401337 0.3930430094097139
5.2842809364548495 0.39992149587229325
5.317725752508361 0.4068396715449792
5.351170568561873 0.41379499858100494
5.384615384615384 0.4207848809534025
5.418060200668896 0.427806668093419
5.4515050167224075 0.4348576587087109
5.48494983277592 0.4419351047704188
5.518394648829431 0.4490362156572741
5.551839464882943 0.4561581624439978
5.585284280936454 0.46329808232041786
5.618729096989966 0.4704530831269743
5.652173913043478 0.4776202479916002
5.68561872909699 0.48479664005236656
5.719063545150502 0.491979307249772
5.752508361204013 0.49916528717214076
5.785953177257525 0.5063516119372796
5.8193979933110365 0.513535313093315
5.852842809364549 0.5207134265215354
5.88628762541806 0.5278829973240271
5.919732441471572 0.5350410846790116
5.953177257525083 0.5421847666469557
5.986622073578595 0.5493111449108525
6.020066889632107 0.5564173494344336
6.053511705685619 0.563500543022588
6.08695652173913 0.5705579257688181
6.120401337792642 0.5775867393752435
6.153846153846153 0.584584271331394
6.187290969899665 0.5915478589388518
6.220735785953177 0.5984748931696834
6.254180602006689 0.6053628223475372
6.2876254180602 0.6122091556412723
6.321070234113712 0.6190114663620102
6.354515050167223 0.6257673950555687
6.3879598662207355 0.6324746523833183
6.421404682274247 0.6391310217856101
6.454849498327759 0.6457343619230308
6.488294314381271 0.6522826088918552
6.521739130434782 0.6587737782111638
6.555183946488294 0.665205966580188
6.588628762541806 0.6715773534054894
6.622073578595318 0.6778862020986397
6.655518394648829 0.6841308611460325
6.688963210702341 0.6903097649534402
6.722408026755852 0.6964214344688083
6.7558528428093645 0.7024644775876613
6.789297658862876 0.7084375893462628
6.822742474916388 0.7143395519084419
6.856187290969899 0.7201692343526475
6.889632107023411 0.7259255922664304
6.9230769230769225 0.7316076671560813
6.956521739130435 0.7372145856796553
6.989966555183946 0.742745558712014
7.023411371237458 0.7481998802508874
7.056856187290969 0.7535769261732227
7.090301003344481 0.7588761528513422
7.123745819397993 0.7640970956385642
7.157190635451505 0.7692393672340764
7.190635451505017 0.7743026559368749
7.224080267558528 0.7792867237985985
7.25752508361204 0.7841914046850159
7.290969899665551 0.789016602255833
7.3244147157190636 0.7937622878723357
7.357859531772575 0.7984284984422013
7.391304347826087 0.803015334210585
7.424749163879598 0.8075229565063371
7.45819397993311 0.8119515854519187
7.4916387959866215 0.8163014976452766
7.525083612040134 0.8205730238216026
7.558528428093645 0.824766546502553
7.591973244147157 0.8288824976401445
7.625418060200668 0.8329213562621484
7.65886287625418 0.8368836461254405
7.692307692307692 0.8407699333833519
7.725752508361204 0.8445808242726806
7.759197324414715 0.848316962825623
7.792642140468227 0.8519790286114908
7.826086956521738 0.8555677345126834
7.8595317725752505 0.8590838245390073
7.892976588628763 0.8625280716840439
7.926421404682274 0.86590127582691
7.959866220735786 0.8692042616823864
7.993311036789297 0.872437876802047
8.02675585284281 0.8756029896286818
8.060200668896321 0.8787004876059913
8.093645484949832 0.8817312753452142
8.127090301003344 0.8846962728500646
8.160535117056856 0.8875964138010665
8.193979933110368 0.8904326439001278
8.227424749163879 0.8932059192759237
8.26086956521739 0.8959172049504562
8.294314381270903 0.89856747336691
8.327759197324415 0.90115770297875
8.361204013377925 0.9036888768998026
8.394648829431437 0.9061619816148969
8.42809364548495 0.9085780057504843
8.461538461538462 0.9109379389045146
8.494983277591972 0.913242770534709
8.528428093645484 0.915493488904266
8.561872909698996 0.9176910800839153
8.595317725752508 0.9198365270091633
8.62876254180602 0.9219308085914709
8.66220735785953 0.9239748988820515
8.695652173913043 0.925969766286909
8.729096989966555 0.9279163728316817
8.762541806020067 0.929815673474831
8.795986622073578 0.9316686154676597
8.82943143812709 0.9334761377596414
8.862876254180602 0.935239170447507
8.896321070234114 0.9369586342665355
8.929765886287624 0.938635440122482
8.963210702341136 0.9402704886625883
8.996655518394649 0.9418646698841113
9.03010033444816 0.9434188627788327
9.063545150501671 0.9449339350120153
9.096989966555183 0.9464107426342984
9.130434782608695 0.9478501298250409
9.163879598662207 0.9492529286656515
9.197324414715718 0.9506199589414703
9.23076923076923 0.9519520279707986
9.264214046822742 0.9532499304597012
9.297658862876254 0.9545144483812494
9.331103678929766 0.955746350877897
9.364548494983277 0.9569463941857282
9.397993311036789 0.958115321579346
9.431438127090301 0.9592538633362139
9.464882943143813 0.9603627367193021
9.498327759197323 0.9614426459769227
9.531772575250836 0.9624942823586863
9.565217391304348 0.9635183241465449
9.59866220735786 0.9645154366999309
9.63210702341137 0.9654862725140322
9.665551839464882 0.9664314712902963
9.698996655518394 0.967351660018276
9.732441471571907 0.9682474530679862
9.765886287625417 0.9691194522919598
9.799331103678929 0.9699682471362407
9.832775919732441 0.9707944147595816
9.866220735785953 0.9715985201601463
9.899665551839464 0.9723811163090555
9.933110367892976 0.9731427442901439
9.966555183946488 0.9738839334453285
10.0 0.9746052015250217
