0 0.00582319729175188
0.0334448160535117 0.00604361747610078
0.0668896321070234 0.0062723283861197
0.100334448160535 0.00650963780515669
0.133779264214047 0.00675586462995176
0.167224080267559 0.0070113392477546
0.20066889632107 0.0072764039243489
0.234113712374582 0.00755141320314525
0.267558528428094 0.00783673431549189
0.301003344481605 0.00813274760233983
0.334448160535117 0.00843984694738273
0.367892976588629 0.00875844022177531
0.40133779264214 0.00908894974051418
0.434782608695652 0.00943181273054342
0.468227424749164 0.00978748181062337
0.501672240802676 0.0101564254829739
0.535117056856187 0.0105391286366746
0.568561872909699 0.0109360930627705
0.602006688963211 0.0113478379809977
0.635451505016722 0.0117749005780036
0.668896321070234 0.0122178365568914
0.702341137123746 0.0126772206978758
0.735785953177257 0.0131536474297817
0.769230769230769 0.0136477314120644
0.802675585284281 0.0141601081269688
0.836120401337793 0.0146914344813806
0.869565217391304 0.01524238941785
0.903010033444816 0.0158136745341945
0.936454849498328 0.0164060147110025
0.969899665551839 0.0170201587462744
1.00334448160535 0.0176568799963383
1.03678929765886 0.0183169770220796
1.07023411371237 0.0190012742394106
1.10367892976589 0.0197106225727933
1.1371237458194 0.020445900110499
1.17056856187291 0.0212080127601593
1.20401337792642 0.0219978949030183
1.23745819397993 0.0228165100451457
1.27090301003344 0.023664851463712
1.30434782608696 0.0245439428462548
1.33779264214047 0.0254548389206874
1.37123745819398 0.0263986260736116
1.40468227424749 0.0273764229542969
1.438127090301 0.028389381061477
1.47157190635451 0.0294386853098964
1.50501672240803 0.0305255545733085
1.53846153846154 0.0316512422003829
1.57190635451505 0.0328170364997332
1.60535117056856 0.0340242611900087
1.63879598662207 0.0352742758107286
1.67224080267559 0.0365684760892505
1.7056856187291 0.0379082942589802
1.73913043478261 0.0392951993236296
1.77257525083612 0.040730697262026
1.80602006688963 0.0422163311676637
1.83946488294314 0.0437536813168756
1.87290969899666 0.0453443651591794
1.90635451505017 0.0469900372230365
1.93979933110368 0.0486923889299359
1.97324414715719 0.0504531483094011
2.0066889632107 0.0522740796072005
2.04013377926421 0.0541569827787399
2.07357859531773 0.0561036928593152
2.10702341137124 0.0581160792026272
2.14046822742475 0.0601960445786946
2.17391304347826 0.0623455241220596
2.20735785953177 0.0645664841209702
2.24080267558528 0.0668609206380367
2.2742474916388 0.0692308579527183
2.30769230769231 0.07167834681589
2.34113712374582 0.0742054625066911
2.37458193979933 0.0768143026818539
2.40802675585284 0.0795069850077812
2.44147157190635 0.0822856445657698
2.47491638795987 0.0851524310209955
2.50836120401338 0.0881095055461645
2.54180602006689 0.0911590374911306
2.5752508361204 0.0943032007902661
2.60869565217391 0.0975441700999721
2.64214046822742 0.100884116659433
2.67558528428094 0.104325203868558
2.70903010033445 0.107869582578032
2.74247491638796 0.111519386087504
2.77591973244147 0.115276724849208
2.80936454849498 0.119143680875723
2.84280936454849 0.123122301852142
2.87625418060201 0.12721459495466
2.90969899665552 0.131422520379483
2.94314381270903 0.135747984587994
2.97658862876254 0.140192833276386
3.01003344481605 0.14475884408029
3.04347826086956 0.149447719027505
3.07692307692308 0.154261076754601
3.11036789297659 0.159200444505989
3.1438127090301 0.164267249936989
3.17725752508361 0.169462812745471
3.21070234113712 0.174788336159795
3.24414715719064 0.180244898313932
3.27759197324415 0.185833443543921
3.31103678929766 0.191554773643026
3.34448160535117 0.197409539116162
3.37792642140468 0.203398230477327
3.41137123745819 0.209521169636759
3.44481605351171 0.215778501427497
3.47826086956522 0.222170185323626
3.51170568561873 0.228695987405011
3.54515050167224 0.235355472625433
3.57859531772575 0.242147997442861
3.61204013377926 0.249072702872013
3.64548494983278 0.256128508020346
3.67892976588629 0.263314104169077
3.7123745819398 0.2706279494608
3.74581939799331 0.278068264254635
3.77926421404682 0.285633027208589
3.81270903010033 0.293319972146924
3.84615384615385 0.301126585767775
3.87959866220736 0.309050106242987
3.91304347826087 0.317087522758205
3.94648829431438 0.325235576036631
3.97993311036789 0.333490759884499
4.0133779264214 0.34184932379038
4.04682274247492 0.350307276603805
4.08026755852843 0.358860391311513
4.11371237458194 0.366225815005509
4.14715719063545 0.371034257490212
4.18060200668896 0.375868391296786
4.21404682274247 0.380727383048525
4.24749163879599 0.385610380113566
4.2809364548495 0.390516511119993
4.31438127090301 0.395444886500956
4.34782608695652 0.400394599069243
4.38127090301003 0.405364724620655
4.41471571906354 0.410354322565486
4.44816053511706 0.415362436587296
4.48160535117057 0.420388095328113
4.51505016722408 0.425430313099121
4.54849498327759 0.430488090615811
4.5819397993311 0.435560415756516
4.61538461538461 0.440646264343163
4.64882943143813 0.445744600943022
4.68227424749164 0.450854379690185
4.71571906354515 0.455974545125407
4.74916387959866 0.461104033052932
4.78260869565217 0.466241771412851
4.81605351170569 0.47138668116749
4.8494983277592 0.4765376772003
4.88294314381271 0.481693669225659
4.91638795986622 0.486853562707997
4.94983277591973 0.49201625978858
4.98327759197324 0.497180660218313
5.01672240802676 0.502345662294864
5.05016722408027 0.507510163802426
5.08361204013378 0.512673062952407
5.11705685618729 0.517833259323353
5.1505016722408 0.522989654798378
5.18394648829431 0.528141154498439
5.21739130434783 0.533286667709739
5.25083612040134 0.538425108803625
5.28428093645485 0.543555398147307
5.31772575250836 0.548676463003824
5.35117056856187 0.553787238419634
5.38461538461538 0.558886668098331
5.4180602006689 0.563973705258945
5.45150501672241 0.569047313477411
5.48494983277592 0.574106467509783
5.51839464882943 0.579150154095846
5.55183946488294 0.58417737274185
5.58528428093645 0.589187136481126
5.61872909698997 0.594178472611434
5.65217391304348 0.59915042340793
5.68561872909699 0.604102046810755
5.7190635451505 0.609032417086265
5.75250836120401 0.613940625461044
5.78595317725753 0.618825780727896
5.81939799331104 0.62368700982308
5.85284280936455 0.628523458374156
5.88628762541806 0.633334291217868
5.91973244147157 0.638118692887572
5.95317725752508 0.64287586806981
5.9866220735786 0.64760504202969
6.02006688963211 0.652305461004826
6.05351170568562 0.656976392567665
6.08695652173913 0.661617125956097
6.12040133779264 0.66622697237233
6.15384615384615 0.670805265250086
6.18729096989967 0.675351360490232
6.22073578595318 0.679864636665037
6.25418060200669 0.684344495191332
6.2876254180602 0.688790360472875
6.32107023411371 0.693201680012324
6.35451505016722 0.697577924493261
6.38795986622074 0.701918587832767
6.42140468227425 0.706223187205107
6.45484949832776 0.710345707964265
6.48829431438127 0.713542185828756
6.52173913043478 0.716717456373353
6.55518394648829 0.719871348103902
6.58862876254181 0.72300369698613
6.62207357859532 0.726114346416435
6.65551839464883 0.729203147188152
6.68896321070234 0.732269957453462
6.72240802675585 0.735314642681014
6.75585284280936 0.738337075609427
6.78929765886288 0.741337136196767
6.82274247491639 0.744314711566142
6.8561872909699 0.747269695947544
6.88963210702341 0.750201990616055
6.92307692307692 0.753111503826574
6.95652173913043 0.755998150745173
6.98996655518395 0.758861853377233
7.02341137123746 0.761702540492489
7.05685618729097 0.764520147547122
7.09030100334448 0.767314616603027
7.12374581939799 0.770085896244402
7.1571906354515 0.772833941491785
7.19063545150502 0.775558713713683
7.22408026755853 0.778260180535911
7.25752508361204 0.780938315748799
7.29096989966555 0.78359309921237
7.32441471571906 0.786224516759649
7.35785953177257 0.788832560098212
7.39130434782609 0.791417226710108
7.4247491638796 0.793978519750293
7.45819397993311 0.796516447943681
7.49163879598662 0.799031025480955
7.52508361204013 0.801522271913237
7.55852842809364 0.803990212045763
7.59197324414716 0.806434875830653
7.62541806020067 0.808856298258905
7.65886287625418 0.811254519251731
7.69230769230769 0.813629583551318
7.7257525083612 0.815981540611155
7.75919732441471 0.818310444486003
7.79264214046823 0.820616353721624
7.82608695652174 0.822899331244358
7.85953177257525 0.825159444250657
7.89297658862876 0.827396764096654
7.92642140468227 0.829611366187864
7.95986622073579 0.831803329869108
7.9933110367893 0.833972738314735
8.02675585284281 0.836119678419234
8.06020066889632 0.8382442406883
8.09364548494983 0.840346519130445
8.12709030100334 0.842426611149218
8.16053511705686 0.844484617436098
8.19397993311037 0.846520641864137
8.22742474916388 0.848534791382415
8.26086956521739 0.850527175911358
8.2943143812709 0.852497908238987
8.32775919732441 0.854447103918147
8.36120401337793 0.856374881164769
8.39464882943144 0.858281360757222
8.42809364548495 0.860166665936781
8.46153846153846 0.862030922309281
8.49498327759197 0.863874257747978
8.52842809364548 0.865696802297663
8.561872909699 0.867498688080066
8.59531772575251 0.86928004920058
8.62876254180602 0.871041021656338
8.66220735785953 0.87278174324567
8.69565217391304 0.874502353478971
8.72909698996656 0.876202993490988
8.76254180602007 0.877883805954577
8.79598662207358 0.879544934995912
8.82943143812709 0.881186526111199
8.8628762541806 0.882808726084882
8.89632107023411 0.884411682909375
8.92976588628762 0.885995545706315
8.96321070234114 0.887560464649357
8.99665551839465 0.889106590888512
9.03010033444816 0.890634076476037
9.06354515050167 0.892143074293883
9.09698996655518 0.893633737982693
9.1304347826087 0.895106221872364
9.16387959866221 0.896560680914171
9.19732441471572 0.897997270614435
9.23076923076923 0.899416146969759
9.26421404682274 0.900817466403798
9.29765886287625 0.902201385705579
9.33110367892977 0.903568061969358
9.36454849498328 0.904917652535995
9.39799331103679 0.906250314935858
9.4314381270903 0.907566206833221
9.46488294314381 0.908865485972171
9.49832775919732 0.910148310123989
9.53177257525084 0.911414837036007
9.56521739130435 0.912665224381916
9.59866220735786 0.913899629713523
9.63210702341137 0.915118210413929
9.66555183946488 0.91632112365212
9.69899665551839 0.917508526338945
9.73244147157191 0.918680575084486
9.76588628762542 0.919837426156765
9.79933110367893 0.920979235441811
9.83277591973244 0.922106158405035
9.86622073578595 0.923218350053914
9.89966555183946 0.924315964901953
9.93311036789298 0.925399156933914
9.96655518394649 0.926468079572286
10 0.927522885644975
