0 0.183497434293897
0.0334448160535117 0.184911890589084
0.0668896321070234 0.186334761760384
0.100334448160535 0.187766059530478
0.133779264214047 0.189205795010325
0.167224080267559 0.190653978690324
0.20066889632107 0.192110620431482
0.234113712374582 0.19357572945661
0.267558528428094 0.195049314341527
0.301003344481605 0.196531383006299
0.334448160535117 0.198021942706498
0.367892976588629 0.199521000024499
0.40133779264214 0.201028560860799
0.434782608695652 0.202544630425383
0.468227424749164 0.204069213229125
0.501672240802676 0.205602313075236
0.535117056856187 0.207143933050753
0.568561872909699 0.208694075518083
0.602006688963211 0.210252742106603
0.635451505016722 0.211819933704309
0.668896321070234 0.213395650449533
0.702341137123746 0.214979891722721
0.735785953177257 0.216572656138284
0.769230769230769 0.218173941536513
0.802675585284281 0.219783744975572
0.836120401337793 0.22140206272358
0.869565217391304 0.223028890250755
0.903010033444816 0.22466422222167
0.936454849498328 0.226308052487578
0.969899665551839 0.227960374078841
1.00334448160535 0.22962117919746
1.03678929765886 0.231290459209703
1.07023411371237 0.232968204638833
1.10367892976589 0.234654405157959
1.1371237458194 0.236349049582992
1.17056856187291 0.238052125865718
1.20401337792642 0.239763621086998
1.23745819397993 0.24148352145009
1.27090301003344 0.243211812274103
1.30434782608696 0.244948477987579
1.33779264214047 0.24669350212222
1.37123745819398 0.248446867306752
1.40468227424749 0.250208555260938
1.438127090301 0.251978546789731
1.47157190635451 0.253756821777597
1.50501672240803 0.255543359182977
1.53846153846154 0.257338137032924
1.57190635451505 0.2591411324179
1.60535117056856 0.260952321486739
1.63879598662207 0.262771679441791
1.67224080267559 0.264599180534233
1.7056856187291 0.26643479805957
1.73913043478261 0.268278504353316
1.77257525083612 0.27013027078686
1.80602006688963 0.271990067763532
1.83946488294314 0.27385786471486
1.87290969899666 0.275733630097023
1.90635451505017 0.277617331387517
1.93979933110368 0.279508935082016
1.97324414715719 0.281408406691454
2.0066889632107 0.283315710739314
2.04013377926421 0.285230810759132
2.07357859531773 0.287153669292234
2.10702341137124 0.289084247885679
2.14046822742475 0.291022507090445
2.17391304347826 0.292968406459839
2.20735785953177 0.294921904548136
2.24080267558528 0.296882958909463
2.2742474916388 0.298851526096918
2.30769230769231 0.300827561661933
2.34113712374582 0.30281102015388
2.37458193979933 0.304801855119929
2.40802675585284 0.306800019105153
2.44147157190635 0.308805463652892
2.47491638795987 0.310818139305365
2.50836120401338 0.312837995604548
2.54180602006689 0.314864981093306
2.5752508361204 0.316899043316798
2.60869565217391 0.318940128824134
2.64214046822742 0.320988183170309
2.67558528428094 0.323043150918404
2.70903010033445 0.325104975642053
2.74247491638796 0.327173599928193
2.77591973244147 0.329248965380074
2.80936454849498 0.331331012620558
2.84280936454849 0.333419681295687
2.87625418060201 0.335514910078533
2.90969899665552 0.337616636673327
2.94314381270903 0.339724797819866
2.97658862876254 0.341839329298202
3.01003344481605 0.343960165933618
3.04347826086956 0.346087241601881
3.07692307692308 0.348220489234781
3.11036789297659 0.350359840825951
3.1438127090301 0.352505227436973
3.17725752508361 0.35465657920377
3.21070234113712 0.356813825343279
3.24414715719064 0.358976894160404
3.27759197324415 0.361145713055262
3.31103678929766 0.363320208530703
3.34448160535117 0.365500306200118
3.37792642140468 0.367814242443521
3.41137123745819 0.370150714652734
3.44481605351171 0.372493283737826
3.47826086956522 0.374841855188134
3.51170568561873 0.377196333402096
3.54515050167224 0.379556621700388
3.57859531772575 0.381922622339466
3.61204013377926 0.384294236525507
3.64548494983278 0.386671364428749
3.67892976588629 0.389053905198215
3.7123745819398 0.391441756976833
3.74581939799331 0.393834816916941
3.77926421404682 0.396232981196172
3.81270903010033 0.398636145033709
3.84615384615385 0.401044202706929
3.87959866220736 0.403457047568394
3.91304347826087 0.405874572063221
3.94648829431438 0.4082966677468
3.97993311036789 0.410723225302867
4.0133779264214 0.413154134561921
4.04682274247492 0.415589284519986
4.08026755852843 0.4180285633577
4.11371237458194 0.420471858459737
4.14715719063545 0.422919056434545
4.18060200668896 0.426858828627744
4.21404682274247 0.432576402212322
4.24749163879599 0.438311991928335
4.2809364548495 0.444064114903667
4.31438127090301 0.449831270682051
4.34782608695652 0.455611942752499
4.38127090301003 0.461404600114919
4.41471571906354 0.467207698878537
4.44816053511706 0.473019683889658
4.48160535117057 0.478838990385145
4.51505016722408 0.484664045667925
4.54849498327759 0.490493270800733
4.5819397993311 0.496325082314229
4.61538461538461 0.502157893925572
4.64882943143813 0.507990118263503
4.68227424749164 0.513820168595934
4.71571906354515 0.519646460556064
4.74916387959866 0.525467413863031
4.78260869565217 0.531281454033127
4.81605351170569 0.537087014077653
4.8494983277592 0.542882536183538
4.88294314381271 0.548666473372906
4.91638795986622 0.554437291137878
4.94983277591973 0.560193469046962
4.98327759197324 0.565933502319534
5.01672240802676 0.571655903364997
5.05016722408027 0.577359203283365
5.08361204013378 0.583041953324167
5.11705685618729 0.588702726300704
5.1505016722408 0.594340117956885
5.18394648829431 0.599952748284022
5.21739130434783 0.605539262785166
5.25083612040134 0.611098333684745
5.28428093645485 0.616628661081465
5.31772575250836 0.622128974042642
5.35117056856187 0.627598031638328
5.38461538461538 0.633034623913807
5.4180602006689 0.638437572799256
5.45150501672241 0.643805732955546
5.48494983277592 0.649137992555406
5.51839464882943 0.654433273999348
5.55183946488294 0.659690534565978
5.58528428093645 0.664908766996497
5.61872909698997 0.670087000013425
5.65217391304348 0.675224298773743
5.68561872909699 0.680319765256846
5.7190635451505 0.685372538587886
5.75250836120401 0.690381795297257
5.78595317725753 0.695346749517114
5.81939799331104 0.700266653116018
5.85284280936455 0.705140795772911
5.88628762541806 0.709968504991774
5.91973244147157 0.714749146058468
5.95317725752508 0.719482121941345
5.9866220735786 0.724166873137364
6.02006688963211 0.72880287746551
6.05351170568562 0.733389649809438
6.08695652173913 0.737926741811322
6.12040133779264 0.742413741518957
6.15384615384615 0.746850272988252
6.18729096989967 0.751235995843261
6.22073578595318 0.755570604795965
6.25418060200669 0.759853829128063
6.2876254180602 0.764085432137002
6.32107023411371 0.768265210548549
6.35451505016722 0.772392993898181
6.38795986622074 0.776468643883557
6.42140468227425 0.780492053690361
6.45484949832776 0.78446314729375
6.48829431438127 0.788381878737649
6.52173913043478 0.792248231394069
6.55518394648829 0.796062217204624
6.58862876254181 0.799823875906356
6.62207357859532 0.803533274243934
6.65551839464883 0.807190505170249
6.68896321070234 0.810795687037363
6.72240802675585 0.814348962779716
6.75585284280936 0.81785049909142
6.78929765886288 0.821300485599427
6.82274247491639 0.824699134034263
6.8561872909699 0.828046677399962
6.88963210702341 0.833506825015653
6.92307692307692 0.84137653691907
6.95652173913043 0.848941682443172
6.98996655518395 0.856207688717253
7.02341137123746 0.863180522266298
7.05685618729097 0.869866618062633
7.09030100334448 0.876272811601857
7.12374581939799 0.88240627436917
7.1571906354515 0.888274452973321
7.19063545150502 0.893885012143847
7.22408026755853 0.8992457817137
7.25752508361204 0.904364707644034
7.29096989966555 0.909249807090792
7.32441471571906 0.91390912746377
7.35785953177257 0.918350709387599
7.39130434782609 0.922582553440127
7.4247491638796 0.926612590516567
7.45819397993311 0.930448655646763
7.49163879598662 0.93409846507752
7.52508361204013 0.937569596421412
7.55852842809364 0.940869471667282
7.59197324414716 0.944005342845105
7.62541806020067 0.94698428013851
7.65886287625418 0.949813162241449
7.69230769230769 0.952498668760796
7.7257525083612 0.95504727447371
7.75919732441471 0.957465245256823
7.79264214046823 0.959758635513616
7.82608695652174 0.961933286936181
7.85953177257525 0.963994828447925
7.89297658862876 0.965948677184203
7.92642140468227 0.967800040378386
7.95986622073579 0.969553918031224
7.9933110367893 0.971215106251443
8.02675585284281 0.972788201165291
8.06020066889632 0.974277603302067
8.09364548494983 0.975687522371545
8.12709030100334 0.977021982357585
8.16053511705686 0.978284826860062
8.19397993311037 0.979479724624578
8.22742474916388 0.980610175206222
8.26086956521739 0.981679514719921
8.2943143812709 0.982690921635679
8.32775919732441 0.983647422582322
8.36120401337793 0.984551898128155
8.39464882943144 0.985407088511332
8.42809364548495 0.98621559929669
8.46153846153846 0.986979906939386
8.49498327759197 0.98770236423886
8.52842809364548 0.988385205669546
8.561872909699 0.98903055257729
8.59531772575251 0.989640418232709
8.62876254180602 0.990216712734748
8.66220735785953 0.990761247759461
8.69565217391304 0.991275741150571
8.72909698996656 0.99176182134975
8.76254180602007 0.992221031665721
8.79598662207358 0.992654834382303
8.82943143812709 0.993064614706375
8.8628762541806 0.99345168455751
8.89632107023411 0.993817286201619
8.92976588628762 0.994162595731484
8.96321070234114 0.994488726397496
8.99665551839465 0.99479673179224
9.03010033444816 0.995087608892877
9.06354515050167 0.995362300965457
9.09698996655518 0.995621700335487
9.1304347826087 0.995866651029163
9.16387959866221 0.996097951289766
9.19732441471572 0.996316355973752
9.23076923076923 0.996522578831053
9.26421404682274 0.996717294674117
9.29765886287625 0.996901141440131
9.33110367892977 0.997074722150843
9.36454849498328 0.997238606774298
9.39799331103679 0.99739333399271
9.4314381270903 0.997539412880612
9.46488294314381 0.997677324497284
9.49832775919732 0.997807523397367
9.53177257525084 0.997930439063437
9.56521739130435 0.998046477264196
9.59866220735786 0.998156021341788
9.63210702341137 0.998259433431664
9.66555183946488 0.998357055618234
9.69899665551839 0.998449211029472
9.73244147157191 0.998536204873464
9.76588628762542 0.998618325419812
9.79933110367893 0.998695844928639
9.83277591973244 0.998769020529858
9.86622073578595 0.998838095055224
9.89966555183946 0.998903297825587
9.93311036789298 0.998964845395664
9.96655518394649 0.999022942258511
10 0.999077781511799
