0 0.155901702971892
0.0334448160535117 0.158121284147631
0.0668896321070234 0.160366462023696
0.100334448160535 0.162637360776321
0.133779264214047 0.164934100127331
0.167224080267559 0.167256795189358
0.20066889632107 0.169605556310048
0.234113712374582 0.171980488915381
0.267558528428094 0.174381693352215
0.301003344481605 0.176809264730201
0.334448160535117 0.179263292763184
0.367892976588629 0.181743861610242
0.40133779264214 0.184251049716502
0.434782608695652 0.186784929653886
0.468227424749164 0.189345567961937
0.501672240802676 0.191933024988891
0.535117056856187 0.194547354733153
0.568561872909699 0.19718860468536
0.602006688963211 0.199856815671184
0.635451505016722 0.202552021695082
0.668896321070234 0.205274249785154
0.702341137123746 0.20802351983931
0.735785953177257 0.210799844472936
0.769230769230769 0.213603228868257
0.802675585284281 0.216433670625597
0.836120401337793 0.219291159616739
0.869565217391304 0.222175677840599
0.903010033444816 0.225087199281419
0.936454849498328 0.228025689769695
0.969899665551839 0.230991106846063
1.00334448160535 0.23398339962835
1.03678929765886 0.237002508682024
1.07023411371237 0.240048365894259
1.10367892976589 0.24312089435184
1.1371237458194 0.246220008223136
1.17056856187291 0.249345612644365
1.20401337792642 0.252497603610377
1.23745819397993 0.255675867870182
1.27090301003344 0.258880282827448
1.30434782608696 0.262110716446194
1.33779264214047 0.265367027161898
1.37123745819398 0.268649063798247
1.40468227424749 0.271956665489738
1.438127090301 0.275289661610359
1.47157190635451 0.278647871708542
1.50501672240803 0.282031105448622
1.53846153846154 0.285439162558985
1.57190635451505 0.288871832787106
1.60535117056856 0.292328895861686
1.63879598662207 0.29581012146206
1.67224080267559 0.299315269195059
1.7056856187291 0.302844088579508
1.73913043478261 0.306396319038521
1.77257525083612 0.309971689899749
1.80602006688963 0.313569920403738
1.83946488294314 0.317190719720532
1.87290969899666 0.320833786974659
1.90635451505017 0.324498811278617
1.93979933110368 0.328185471774965
1.97324414715719 0.331893437687139
2.0066889632107 0.335622368379064
2.04013377926421 0.339371913423637
2.07357859531773 0.343141712680174
2.10702341137124 0.346931396380831
2.14046822742475 0.350740585226081
2.17391304347826 0.354568890489243
2.20735785953177 0.359882665764958
2.24080267558528 0.36678302926979
2.2742474916388 0.373738451127645
2.30769230769231 0.380746462096317
2.34113712374582 0.387804508325615
2.37458193979933 0.394909954547812
2.40802675585284 0.402060087539807
2.44147157190635 0.409252119849444
2.47491638795987 0.416483193776945
2.50836120401338 0.42375038560095
2.54180602006689 0.431050710037232
2.5752508361204 0.438381124916789
2.60869565217391 0.445738536068678
2.64214046822742 0.453119802391724
2.67558528428094 0.460521741098069
2.70903010033445 0.467941133110455
2.74247491638796 0.475374728594165
2.77591973244147 0.482819252603708
2.80936454849498 0.490271410823587
2.84280936454849 0.497727895381883
2.87625418060201 0.505185390714949
2.90969899665552 0.512640579461129
2.94314381270903 0.520090148361284
2.97658862876254 0.527530794143805
3.01003344481605 0.534959229371955
3.04347826086956 0.542372188231572
3.07692307692308 0.549766432237576
3.11036789297659 0.557138755838251
3.1438127090301 0.564485991896911
3.17725752508361 0.571805017031336
3.21070234113712 0.579092756792295
3.24414715719064 0.586346190663427
3.27759197324415 0.593562356865917
3.31103678929766 0.600738356952549
3.34448160535117 0.60787136017704
3.37792642140468 0.614958607625856
3.41137123745819 0.621997416101155
3.44481605351171 0.628985181744901
3.47826086956522 0.635919383395699
3.51170568561873 0.642797585671362
3.54515050167224 0.649617441771728
3.57859531772575 0.656376695997746
3.61204013377926 0.66307318598429
3.64548494983278 0.669704844645637
3.67892976588629 0.676269701833935
3.7123745819398 0.682765885712332
3.74581939799331 0.689191623845774
3.77926421404682 0.695545244013674
3.81270903010033 0.70182517474986
3.84615384615385 0.708029945616267
3.87959866220736 0.714158187217878
3.91304347826087 0.720208630967314
3.94648829431438 0.72618010860832
3.97993311036789 0.732071551508153
4.0133779264214 0.737881989729499
4.04682274247492 0.743610550893133
4.08026755852843 0.749256458843004
4.11371237458194 0.754819032125788
4.14715719063545 0.760297682297273
4.18060200668896 0.765691912068132
4.21404682274247 0.771001313301756
4.24749163879599 0.776225564876903
4.2809364548495 0.781364430427854
4.31438127090301 0.786417755974698
4.34782608695652 0.79138546745621
4.38127090301003 0.796267568177549
4.41471571906354 0.801064136184755
4.44816053511706 0.805775321577695
4.48160535117057 0.810401343772734
4.51505016722408 0.81494248872603
4.54849498327759 0.819399106127886
4.5819397993311 0.823771606578169
4.61538461538461 0.828060458752273
4.64882943143813 0.832266186566651
4.68227424749164 0.836389366352376
4.71571906354515 0.84043062404471
4.74916387959866 0.844390632396076
4.78260869565217 0.848270108219357
4.81605351170569 0.852069809667849
4.8494983277592 0.85579053355772
4.88294314381271 0.862437539502974
4.91638795986622 0.868953638379475
4.94983277591973 0.875205743207402
4.98327759197324 0.88120034559526
5.01672240802676 0.886944189044924
5.05016722408027 0.89244421950935
5.08361204013378 0.897707539244478
5.11705685618729 0.902741364011681
5.1505016722408 0.907552983641052
5.18394648829431 0.912149725925958
5.21739130434783 0.916538923785427
5.25083612040134 0.920727885602598
5.28428093645485 0.924723868624539
5.31772575250836 0.928534055290538
5.35117056856187 0.932165532342227
5.38461538461538 0.935625272559046
5.4180602006689 0.938920118956207
5.45150501672241 0.942056771278932
5.48494983277592 0.945041774625966
5.51839464882943 0.947881510036793
5.55183946488294 0.950582186880184
5.58528428093645 0.953149836886372
5.61872909698997 0.955590309671033
5.65217391304348 0.957909269605951
5.68561872909699 0.960112193898638
5.7190635451505 0.962204371751005
5.75250836120401 0.96419090447526
5.78595317725753 0.966076706453407
5.81939799331104 0.967866506834899
5.85284280936455 0.969564851875045
5.88628762541806 0.971176107824656
5.91973244147157 0.972704464288987
5.95317725752508 0.97415393798131
5.9866220735786 0.975528376803372
6.02006688963211 0.976831464191548
6.05351170568562 0.97806672367364
6.08695652173913 0.979237523587025
6.12040133779264 0.980347081914205
6.15384615384615 0.981398471196788
6.18729096989967 0.982394623493472
6.22073578595318 0.983338335351838
6.25418060200669 0.984232272767582
6.2876254180602 0.985078976108323
6.32107023411371 0.985880864982333
6.35451505016722 0.986640243035385
6.38795986622074 0.987359302661549
6.42140468227425 0.988040129616087
6.45484949832776 0.9886847075207
6.48829431438127 0.98929492225326
6.52173913043478 0.989872566215804
6.55518394648829 0.990419342476073
6.58862876254181 0.990936868779141
6.62207357859532 0.991426681426869
6.65551839464883 0.991890239023878
6.68896321070234 0.992328926089626
6.72240802675585 0.992744056536931
6.75585284280936 0.993136877017904
6.78929765886288 0.993508570138845
6.82274247491639 0.993860257546087
6.8561872909699 0.994193002885187
6.88963210702341 0.994507814636172
6.92307692307692 0.994805648827827
6.95652173913043 0.995087411634204
6.98996655518395 0.995353961856712
7.02341137123746 0.995606113295257
7.05685618729097 0.995844637011994
7.09030100334448 0.996070263491311
7.12374581939799 0.996283684699685
7.1571906354515 0.996485556049056
7.19063545150502 0.99667649826736
7.22408026755853 0.996857099179812
7.25752508361204 0.997027915404492
7.29096989966555 0.99718947396573
7.32441471571906 0.997342273828712
7.35785953177257 0.997486787358645
7.39130434782609 0.997623461707742
7.4247491638796 0.997752720133207
7.45819397993311 0.997874963249276
7.49163879598662 0.997990570216309
7.52508361204013 0.998099899869804
7.55852842809364 0.998203291792115
7.59197324414716 0.998301067329557
7.62541806020067 0.998393530557466
7.65886287625418 0.998480969195709
7.69230769230769 0.998563655477018
7.7257525083612 0.998641846970434
7.75919732441471 0.998715787362049
7.79264214046823 0.998785707195151
7.82608695652174 0.998851824571777
7.85953177257525 0.998914345817586
7.89297658862876 0.998973466111898
7.92642140468227 0.999029370084647
7.95986622073579 0.999082232381908
7.9933110367893 0.999132218201613
8.02675585284281 0.999179483800957
8.06020066889632 0.999224176976954
8.09364548494983 0.999266437521512
8.12709030100334 0.999306397652356
8.16053511705686 0.999344182421021
8.19397993311037 0.999379910099139
8.22742474916388 0.999413692544113
8.26086956521739 0.999445635545285
8.2943143812709 0.999475839151589
8.32775919732441 0.999504397981683
8.36120401337793 0.999531401517471
8.39464882943144 0.999556934381875
8.42809364548495 0.999581076601723
8.46153846153846 0.999603903856496
8.49498327759197 0.999625487713721
8.52842809364548 0.99964589585169
8.561872909699 0.999665192270193
8.59531772575251 0.999683437489906
8.62876254180602 0.999700688741014
8.66220735785953 0.999717000141678
8.69565217391304 0.999732422866857
8.72909698996656 0.99974700530802
8.76254180602007 0.999760793224227
8.79598662207358 0.999773829885044
8.82943143812709 0.999786156205728
8.8628762541806 0.999797810875101
8.89632107023411 0.999808830476496
8.92976588628762 0.999819249602166
8.96321070234114 0.999829100961479
8.99665551839465 0.999838415483269
9.03010033444816 0.999847222412626
9.06354515050167 0.99985554940244
9.09698996655518 0.999863422599987
9.1304347826087 0.999870866728808
9.16387959866221 0.999877905166152
9.19732441471572 0.999884560016214
9.23076923076923 0.99989085217939
9.26421404682274 0.999896801417785
9.29765886287625 0.999902426417149
9.33110367892977 0.999907744845455
9.36454849498328 0.999912773408294
9.39799331103679 0.999917527901259
9.4314381270903 0.999922023259479
9.46488294314381 0.999926273604467
9.49832775919732 0.999930292288411
9.53177257525084 0.999934091936065
9.56521739130435 0.999937684484357
9.59866220735786 0.999941081219846
9.63210702341137 0.999944292814138
9.66555183946488 0.999947329357374
9.69899665551839 0.999950200389906
9.73244147157191 0.999952914932232
9.76588628762542 0.99995548151332
9.79933110367893 0.999957908197377
9.83277591973244 0.999960202609168
9.86622073578595 0.999962371957952
9.89966555183946 0.999964423060122
9.93311036789298 0.999966362360605
9.96655518394649 0.999968195953099
10 0.999969929599212
