0.0 0.030701428150294648
0.033444816053511704 0.03143454878907457
0.06688963210702341 0.03218459436858153
0.1003344481605351 0.032951927583611776
0.13377926421404682 0.033736917549731044
0.16722408026755853 0.03453993985018772
0.2006688963210702 0.03536137657942889
0.23411371237458192 0.036206515425755585
0.26755852842809363 0.03708252869791991
0.3010033444816053 0.037978901824752935
0.33444816053511706 0.03889606719156851
0.36789297658862874 0.03983446437320041
0.4013377926421404 0.04079454015312228
0.43478260869565216 0.041776748536607004
0.46822742474916385 0.04278155075756672
0.5016722408026756 0.043809415278703565
0.5351170568561873 0.04486081778458818
0.568561872909699 0.045936241167271394
0.6020066889632106 0.04703617550402226
0.6354515050167224 0.0481611180267734
0.6688963210702341 0.04931157308284298
0.7023411371237458 0.050488052086490647
0.7357859531772575 0.05169107346085317
0.7692307692307692 0.05292116256979438
0.8026755852842808 0.05417885163919269
0.8361204013377926 0.05546467966717932
0.8695652173913043 0.05677919232282962
0.903010033444816 0.058122941832800624
0.9364548494983277 0.059496486855398406
0.9698996655518394 0.06090039234155091
1.0033444816053512 0.06233522938215373
1.0367892976588629 0.06380157504124932
1.0702341137123745 0.0653000121744949
1.1036789297658862 0.06683112923236803
1.137123745819398 0.06839552004755613
1.1705685618729096 0.06999378360597276
1.2040133779264213 0.07162652380084254
1.237458193979933 0.07329434916929586
1.2709030100334449 0.07499787261091717
1.3043478260869565 0.07673771108769291
1.3377926421404682 0.07851448530481049
1.37123745819398 0.08032881937176654
1.4046822742474916 0.08218134044325145
1.4381270903010033 0.08407267833928882
1.471571906354515 0.0860034651441203
1.5050167224080266 0.08797433478334447
1.5384615384615383 0.08998592257883382
1.57190635451505 0.0920388647809777
1.6053511705685617 0.09413379807782069
1.6387959866220736 0.09627135908069427
1.6722408026755853 0.09845218378596839
1.705685618729097 0.10067690701258343
1.7391304347826086 0.10294616181505926
1.7725752508361203 0.10526057887171798
1.806020066889632 0.10762078584790022
1.8394648829431437 0.11002740673400302
1.8729096989966554 0.11248106115821697
1.906354515050167 0.11498236367389655
1.9397993311036787 0.1175319230215551
1.9732441471571907 0.1201303413655402
2.0066889632107023 0.12277821350551064
2.040133779264214 0.1254761260629087
2.0735785953177257 0.12822465664269517
2.1070234113712374 0.1310243729706953
2.140468227424749 0.13387583200698597
2.1739130434782608 0.13677957903584256
2.2073578595317724 0.13973614673285534
2.240802675585284 0.1427460542099202
2.274247491638796 0.1458098060389076
2.3076923076923075 0.14892789125491696
2.341137123745819 0.15210078234012825
2.374581939799331 0.1553289341893739
2.4080267558528425 0.15861278305866405
2.441471571906354 0.16195274549801464
2.474916387959866 0.16534921727004423
2.508361204013378 0.168802572255925
2.5418060200668897 0.17231316135039254
2.5752508361204014 0.17588131134764406
2.608695652173913 0.17950732382007245
2.6421404682274248 0.18319147399191038
2.6755852842809364 0.18693400960997808
2.709030100334448 0.19073514981385037
2.74247491638796 0.1945950840078777
2.7759197324414715 0.19851397073761287
2.809364548494983 0.20249193657330952
2.842809364548495 0.206529075003268
2.8762541806020065 0.2106254453399101
2.9096989966555182 0.21478107164156474
2.94314381270903 0.21899594165304145
2.9765886287625416 0.2232700057681542
3.0100334448160533 0.2276031760174389
3.043478260869565 0.23199532508437923
3.0769230769230766 0.23644628535351564
3.1103678929765883 0.2409558479938648
3.1438127090301 0.24552376208111545
3.1772575250836117 0.25014973376209637
3.2107023411371234 0.25483342546502696
3.2441471571906355 0.25957445515906247
3.277591973244147 0.2643723956666332
3.311036789297659 0.26922677403205314
3.3444816053511706 0.27413707094982703
3.3779264214046822 0.2791027202560274
3.411371237458194 0.28412310848604116
3.4448160535117056 0.2891975745018895
3.4782608695652173 0.2943254091922178
3.511705685618729 0.2995058552479266
3.5451505016722407 0.30473810701626874
3.5785953177257523 0.31002131043607806
3.612040133779264 0.3153545630566166
3.6454849498327757 0.32073691414232985
3.6789297658862874 0.3264688706218122
3.712374581939799 0.3325328504777546
3.7458193979933108 0.33865283227122367
3.7792642140468224 0.34482725854684276
3.812709030100334 0.3510545026480613
3.846153846153846 0.35733286985228024
3.8795986622073575 0.36366059868027906
3.913043478260869 0.3700358623800253
3.9464882943143813 0.3764567705842155
3.979933110367893 0.38309912647725763
4.013377926421405 0.3902270933463512
4.046822742474916 0.39740224876206115
4.080267558528428 0.4046217906843752
4.113712374581939 0.41188284197304353
4.147157190635451 0.41918245461313175
4.180602006688963 0.4265176141922242
4.214046822742475 0.4338852446161731
4.247491638795986 0.4412822130488416
4.280936454849498 0.4487053350599234
4.31438127090301 0.4561513799636193
4.3478260869565215 0.4636170763297634
4.381270903010034 0.4710991176478897
4.414715719063545 0.478594168123752
4.448160535117057 0.4860988685869622
4.481605351170568 0.49360984248768075
4.51505016722408 0.5011237019597241
4.548494983277592 0.5086370539270055
4.581939799331104 0.5161465062299575
4.615384615384615 0.5236486737484334
4.648829431438127 0.5311401844976292
4.682274247491638 0.5386176856737277
4.7157190635451505 0.5460778496263036
4.749163879598662 0.5535173797350098
4.782608695652174 0.560933016168684
4.816053511705685 0.5683215415057761
4.849498327759197 0.5756797861958952
4.882943143812708 0.5830046338432797
4.916387959866221 0.5902930262941322
4.949832775919732 0.5975419685109755
4.983277591973244 0.6047485332185181
5.016722408026756 0.6119098653068965
5.050167224080267 0.6190231859796391
5.083612040133779 0.626085796635193
5.117056856187291 0.6330950824724111
5.150501672240803 0.640048515811976
5.183946488294314 0.6469436591273132
5.217391304347826 0.653778167780145
5.250836120401337 0.6605497924573923
5.2842809364548495 0.6672563813076987
5.317725752508361 0.67389588177734
5.351170568561873 0.6804663421467604
5.384615384615384 0.6869659127703771
5.418060200668896 0.6933928470236341
5.4515050167224075 0.6997455019625556
5.48494983277592 0.7060223387022397
5.518394648829431 0.7122219225218241
5.551839464882943 0.7183429227044869
5.585284280936454 0.7243841121219375
5.618729096989966 0.7303443665737055
5.652173913043478 0.7362226638922287
5.68561872909699 0.7420180828253959
5.719063545150502 0.747729801708707
5.752508361204013 0.753357096939658
5.785953177257525 0.7588993412672966
5.8193979933110365 0.7643560019101263
5.852842809364549 0.7698591135673388
5.88628762541806 0.7755460630698175
5.919732441471572 0.7811324355798145
5.953177257525083 0.7866180249097845
5.986622073578595 0.7920027359833481
6.020066889632107 0.7972865809898391
6.053511705685619 0.8024696754198488
6.08695652173913 0.8075522340023972
6.120401337792642 0.8125345665636531
6.153846153846153 0.8174170738263399
6.187290969899665 0.8222002431681071
6.220735785953177 0.8268846443562387
6.254180602006689 0.8314709252751231
6.2876254180602 0.8359598076619178
6.321070234113712 0.8403520828648336
6.354515050167223 0.844648607637446
6.3879598662207355 0.8488502999814063
6.421404682274247 0.852958135048901
6.454849498327759 0.8569731411151988
6.488294314381271 0.8608963956306102
6.521739130434782 0.8647290213602206
6.555183946488294 0.868472182618802
6.588628762541806 0.8721270816073827
6.622073578595318 0.875694954857078
6.655518394648829 0.8791770697849376
6.688963210702341 0.8825747213657492
6.722408026755852 0.8858892289229885
6.7558528428093645 0.889121933041376
6.789297658862876 0.8922784823781472
6.822742474916388 0.8954096408739862
6.856187290969899 0.8984601427210585
6.889632107023411 0.9014314672303806
6.9230769230769225 0.9043251019067539
6.956521739130435 0.907142539881838
6.989966555183946 0.9098852774843237
7.023411371237458 0.9125548119452449
7.056856187290969 0.9151526392360766
7.090301003344481 0.9176802520369424
7.123745819397993 0.9201391378319457
7.157190635451505 0.9225307771283989
7.190635451505017 0.924856641796495
7.224080267558528 0.9271181935257956
7.25752508361204 0.9293168823947515
7.290969899665551 0.9314541455493628
7.3244147157190636 0.9335314059869908
7.357859531772575 0.9355500714412726
7.391304347826087 0.9375115333640547
7.424749163879598 0.9394171660002368
7.45819397993311 0.9412683255514263
7.4916387959866215 0.9430663494243265
7.525083612040134 0.944812555559809
7.558528428093645 0.9465082418386833
7.591973244147157 0.9481546855602303
7.625418060200668 0.9497531429896495
7.65886287625418 0.9513048489706467
7.692307692307692 0.9528110165994846
7.725752508361204 0.9542728369569188
7.759197324414715 0.955691478894543
7.792642140468227 0.957068088872179
7.826086956521738 0.9584037908430582
7.8595317725752505 0.9596996861836593
7.892976588628763 0.9609568536651807
7.926421404682274 0.9621763494637466
7.959866220735786 0.9633592072065646
7.993311036789297 0.9645064380513703
8.02675585284281 0.9656190307966129
8.060200668896321 0.9666979520199518
8.093645484949832 0.9677441462427483
8.127090301003344 0.9687585361183555
8.160535117056856 0.9697428851326472
8.193979933110368 0.9707025954578558
8.227424749163879 0.9716327556681011
8.26086956521739 0.9725342199076736
8.294314381270903 0.9734078211285808
8.327759197324415 0.9742543713914502
8.361204013377925 0.9750746621781919
8.394648829431437 0.9758694647149605
8.42809364548495 0.976639530304046
8.461538461538462 0.9773855906634099
8.494983277591972 0.978108358272667
8.528428093645484 0.9788085267243923
8.561872909698996 0.9794867710797128
8.595317725752508 0.9801437482272082
8.62876254180602 0.9807800972442243
8.66220735785953 0.9813964397597613
8.695652173913043 0.9819933803181639
8.729096989966555 0.982571506742903
8.762541806020067 0.9831313904997886
8.795986622073578 0.9836735870590148
8.82943143812709 0.9841986362554783
8.862876254180602 0.9847070958228737
8.896321070234114 0.985200509149189
8.929765886287624 0.9856782344264896
8.963210702341136 0.9861407557381588
8.996655518394649 0.9865885431668567
9.03010033444816 0.9870220531392365
9.063545150501671 0.9874417287661896
9.096989966555183 0.9878480001783764
9.130434782608695 0.9882412848568248
9.163879598662207 0.9886219879584035
9.197324414715718 0.988990502636011
9.23076923076923 0.9893472103533334
9.264214046822742 0.9896924811940566
9.297658862876254 0.9900266741654318
9.331103678929766 0.9903501374961149
9.364548494983277 0.9906632089282188
9.397993311036789 0.9909662160035311
9.431438127090301 0.9912594763438654
9.464882943143813 0.9915432979255323
9.498327759197323 0.9918179793479197
9.531772575250836 0.9920838100961937
9.565217391304348 0.9923410707981345
9.59866220735786 0.9925900334751357
9.63210702341137 0.9928309617874009
9.665551839464882 0.9930641112733815
9.698996655518394 0.9932897295835085
9.732441471571907 0.9935080567082711
9.765886287625417 0.9937193252007094
9.799331103678929 0.9939237603933847
9.832775919732441 0.9941215806099059
9.866220735785953 0.9943129973710819
9.899665551839464 0.9944982155957868
9.933110367892976 0.9946774337966141
9.966555183946488 0.994850844270415
10.0 0.9950186332838
