0.0 0.04219758680482783
0.033444816053511704 0.04331336572735377
0.06688963210702341 0.04445749770696637
0.1003344481605351 0.045630636549414
0.13377926421404682 0.04683344741646671
0.16722408026755853 0.048066606810735074
0.2006688963210702 0.04933080254557177
0.23411371237458192 0.05062673369913811
0.26755852842809363 0.05195511055168607
0.3010033444816053 0.05331665450507536
0.33444816053511706 0.05471209798351297
0.36789297658862874 0.056142184314473056
0.4013377926421404 0.057607667588724085
0.43478260869565216 0.05910931249836122
0.46822742474916385 0.06064789415171366
0.5016722408026756 0.06222419786396971
0.5351170568561873 0.06383901892233608
0.568561872909699 0.06549316232452494
0.6020066889632106 0.06718744248933899
0.6354515050167224 0.06892268293810615
0.6688963210702341 0.07069971594569663
0.7023411371237458 0.07251938215984233
0.7357859531772575 0.0743825301874648
0.7692307692307692 0.07629001614671203
0.8026755852842808 0.0782427031833987
0.8361204013377926 0.08024146095054467
0.8695652173913043 0.08228716504971186
0.903010033444816 0.08438069643284789
0.9364548494983277 0.08652294076336081
0.9698996655518394 0.08871478773516964
1.0033444816053512 0.09095713034850249
1.0367892976588629 0.09325086414124838
1.0702341137123745 0.09559688637470949
1.1036789297658862 0.09799609517265008
1.137123745819398 0.10044938861259495
1.1705685618729096 0.10295766376839698
1.2040133779264213 0.10552181570316746
1.237458193979933 0.10814273641174896
1.2709030100334449 0.11082131371200424
1.3043478260869565 0.11355843008430165
1.3377926421404682 0.11635496145869365
1.37123745819398 0.11921177594941325
1.4046822742474916 0.12212973253645427
1.4381270903010033 0.12510967969415307
1.471571906354515 0.1281524539668551
1.5050167224080266 0.1312588784919275
1.5384615384615383 0.13442976147057048
1.57190635451505 0.137665894587084
1.6053511705685617 0.1409680513774646
1.6387959866220736 0.14433698554843852
1.6722408026755853 0.14777342924828007
1.705685618729097 0.15127809129102412
1.7391304347826086 0.1548516553359485
1.7725752508361203 0.15849477802448747
1.806020066889632 0.16220808707702924
1.8394648829431437 0.1659921793523568
1.8729096989966554 0.16984761887280705
1.906354515050167 0.17377493481854664
1.9397993311036787 0.17777461949469747
1.9732441471571907 0.18184712627538321
2.0066889632107023 0.18599286752911343
2.040133779264214 0.1902122125302717
2.0735785953177257 0.1945054853618234
2.1070234113712374 0.1988729628147101
2.140468227424749 0.20331487228974574
2.1739130434782608 0.20783138970817294
2.2073578595317724 0.21242263743737466
2.240802675585284 0.21708868223856226
2.274247491638796 0.22182953324357485
2.3076923076923075 0.22664513996822344
2.341137123745819 0.23153539036989076
2.374581939799331 0.23650010895735682
2.4080267558528425 0.24153905496104888
2.441471571906354 0.24665192057212051
2.474916387959866 0.25183832925893124
2.508361204013378 0.25709783416963694
2.5418060200668897 0.26242991662969195
2.5752508361204014 0.26783398474312436
2.608695652173913 0.2733093721064459
2.6421404682274248 0.2788553366440238
2.6755852842809364 0.2844710595736464
2.709030100334448 0.29015564451086995
2.74247491638796 0.2959081167205314
2.7759197324414715 0.30172742252355134
2.809364548494983 0.30761242886683077
2.842809364548495 0.3135619230636659
2.8762541806020065 0.3195746127116599
2.9096989966555182 0.32564912579460636
2.94314381270903 0.3317840109742553
2.9765886287625416 0.3379777380772426
3.0100334448160533 0.3442286987817812
3.043478260869565 0.35053520750796846
3.0769230769230766 0.35689550251476954
3.1103678929765883 0.36330774720588976
3.1438127090301 0.3697700316458575
3.1772575250836117 0.37628037428670635
3.2107023411371234 0.38283672390467444
3.2441471571906355 0.38943696174534287
3.277591973244147 0.3960789038746101
3.311036789297659 0.40276030373186633
3.3444816053511706 0.4094788548806782
3.3779264214046822 0.41623219395125477
3.411371237458194 0.4230179037679203
3.4448160535117056 0.4298335166538005
3.4782608695652173 0.4366765179039258
3.511705685618729 0.44354434941699217
3.5451505016722407 0.4504344134750948
3.5785953177257523 0.4573440766598722
3.612040133779264 0.4642706738926865
3.6454849498327757 0.471211512585708
3.6789297658862874 0.4781638768900957
3.712374581939799 0.4851250320268636
3.7458193979933108 0.4920922286855049
3.7792642140468224 0.4990627074750224
3.812709030100334 0.5060337034116764
3.846153846153846 0.5130024504275292
3.8795986622073575 0.5199661858837259
3.913043478260869 0.5269221550724181
3.9464882943143813 0.5338676156913036
3.979933110367893 0.5407998422749152
4.013377926421405 0.5477161305670706
4.046822742474916 0.5546138018192418
4.080267558528428 0.5614902070000727
4.113712374581939 0.5683427309018051
4.147157190635451 0.5751687961300131
4.180602006688963 0.5819658669637381
4.214046822742475 0.5887314530739068
4.247491638795986 0.5954631130887386
4.280936454849498 0.6021584579957606
4.31438127090301 0.6088151543709789
4.3478260869565215 0.6154309274267425
4.381270903010034 0.6220035638708566
4.414715719063545 0.6285309145705228
4.448160535117057 0.6350108970157504
4.481605351170568 0.6414414975779276
4.51505016722408 0.6478207735602978
4.548494983277592 0.6541468550381258
4.581939799331104 0.6604179464873652
4.615384615384615 0.666632328201632
4.648829431438127 0.6727883574982587
4.682274247491638 0.6788844697151284
4.7157190635451505 0.6849191790008765
4.749163879598662 0.6908910789018798
4.782608695652174 0.6967988427502425
4.816053511705685 0.7026412238577128
4.849498327759197 0.7084170555211382
4.882943143812708 0.7141252508456762
4.916387959866221 0.7197648023925293
4.949832775919732 0.7253347816584507
4.983277591973244 0.7308343383947046
5.016722408026756 0.7362626997735127
5.050167224080267 0.7416191694103238
5.083612040133779 0.7469031262504865
5.117056856187291 0.7521140233290747
5.150501672240803 0.7572513864127542
5.183946488294314 0.7623148125326327
5.217391304347826 0.7673039684170723
5.250836120401337 0.7722185888333981
5.2842809364548495 0.7770584748473751
5.317725752508361 0.7818234920092002
5.351170568561873 0.7865135684746105
5.384615384615384 0.7911286930695134
5.418060200668896 0.7956689133063274
5.4515050167224075 0.8001343333599727
5.48494983277592 0.8045251120111808
5.518394648829431 0.8088414605644934
5.551839464882943 0.8130836407480169
5.585284280936454 0.8172519626016668
5.618729096989966 0.8213467823603015
5.652173913043478 0.8253685003377963
5.68561872909699 0.8293175588177626
5.719063545150502 0.8331944399562506
5.752508361204013 0.8369996637014249
5.785953177257525 0.8407337857348479
5.8193979933110365 0.8443973954386403
5.852842809364549 0.8479911138924566
5.88628762541806 0.8515155919038536
5.919732441471572 0.8549715080753143
5.953177257525083 0.8583595669108425
5.986622073578595 0.8616804969647499
6.020066889632107 0.8649350490349356
6.053511705685619 0.8681239944026736
6.08695652173913 0.8712481231206457
6.120401337792642 0.8743082423506794
6.153846153846153 0.8773051747524092
6.187290969899665 0.8802397569238292
6.220735785953177 0.8831128378944805
6.254180602006689 0.8859252776718073
6.2876254180602 0.8886779458410085
6.321070234113712 0.8913717202185333
6.354515050167223 0.8940074855591853
6.3879598662207355 0.8965861323166561
6.421404682274247 0.8991085554571419
6.454849498327759 0.9015756533255795
6.488294314381271 0.903988326563902
6.521739130434782 0.9063474770806128
6.555183946488294 0.908654007070869
6.588628762541806 0.9109088180861774
6.622073578595318 0.9131128101527319
6.655518394648829 0.9152668809373403
6.688963210702341 0.9173719249598394
6.722408026755852 0.9194288328508353
6.7558528428093645 0.9214384906535688
6.789297658862876 0.9234017791686633
6.822742474916388 0.9253195733404868
6.856187290969899 0.927192741683837
6.889632107023411 0.9290221457496384
6.9230769230769225 0.9308086396283299
6.956521739130435 0.9325530694896211
6.989966555183946 0.9342562731572874
7.023411371237458 0.9359190797176777
7.056856187290969 0.9375423091606246
7.090301003344481 0.9391267720514441
7.123745819397993 0.9406732692327396
7.157190635451505 0.9421825915547344
7.190635451505017 0.9436555196328749
7.224080267558528 0.9450928236314785
7.25752508361204 0.946495263072213
7.290969899665551 0.9478635866662289
7.3244147157190636 0.9491985321687872
7.357859531772575 0.9505008262552581
7.391304347826087 0.9517711844173941
7.424749163879598 0.95301031087881
7.45819397993311 0.9542188985286404
7.4916387959866215 0.9553976288723628
7.525083612040134 0.9565471719988257
7.558528428093645 0.9576681865625355
7.591973244147157 0.9587613197803007
7.625418060200668 0.9598272074413573
7.65886287625418 0.9608664739301374
7.692307692307692 0.9618797322608632
7.725752508361204 0.9628675841232014
7.759197324414715 0.9638306199382185
7.792642140468227 0.964769418923929
7.826086956521738 0.9656845491697481
7.8595317725752505 0.9665765677191929
7.892976588628763 0.9674460206602049
7.926421404682274 0.9682934432224957
7.959866220735786 0.9691193598813433
7.993311036789297 0.969924284467298
8.02675585284281 0.9707087202812734
8.060200668896321 0.9714731602145407
8.093645484949832 0.9722180868731432
8.127090301003344 0.9729439727063042
8.160535117056856 0.9736512801383919
8.193979933110368 0.974340461704052
8.227424749163879 0.9750119601861287
8.26086956521739 0.9756662087560146
8.294314381270903 0.9763036311160981
8.327759197324415 0.9769246416439863
8.361204013377925 0.9775296455382071
8.394648829431437 0.978119038965111
8.42809364548495 0.9786932092067032
8.461538461538462 0.9792525348091639
8.494983277591972 0.9797973857318218
8.528428093645484 0.9803281234963648
8.561872909698996 0.9808451013360815
8.595317725752508 0.9813486643449499
8.62876254180602 0.9818391496263915
8.66220735785953 0.9823168864415293
8.695652173913043 0.9827821963567974
8.729096989966555 0.9832353933907608
8.762541806020067 0.9836767841600136
8.795986622073578 0.9841066680240379
8.82943143812709 0.9845253372289117
8.862876254180602 0.9849330770497614
8.896321070234114 0.9853301659318721
8.929765886287624 0.9857168756303648
8.963210702341136 0.9860934713483676
8.996655518394649 0.9864602118736079
9.03010033444816 0.9868173497133678
9.063545150501671 0.9871651312277397
9.096989966555183 0.9875037967611399
9.130434782608695 0.9878335807720275
9.163879598662207 0.9881547119607968
9.197324414715718 0.9884674133958071
9.23076923076923 0.988771902637518
9.264214046822742 0.9890683918607116
9.297658862876254 0.9893570879747767
9.331103678929766 0.9896381927420409
9.364548494983277 0.9899119028941384
9.397993311036789 0.9901784102464036
9.431438127090301 0.9904379018102851
9.464882943143813 0.9906905599037782
9.498327759197323 0.9909365622598736
9.531772575250836 0.9911760821330295
9.565217391304348 0.9914092884036659
9.59866220735786 0.9916363456806954
9.63210702341137 0.9918574144020927
9.665551839464882 0.9920726509335218
9.698996655518394 0.9922822076650253
9.732441471571907 0.9924862331058008
9.765886287625417 0.9926848719770697
9.799331103678929 0.9928782653030627
9.832775919732441 0.9930665505001416
9.866220735785953 0.9932498614640708
9.899665551839464 0.9934283286554655
9.933110367892976 0.9936020791834357
9.966555183946488 0.9937712368874482
10.0 0.9939359224174308
