0 0.0339033065300884
0.0334448160535117 0.0347067118305056
0.0668896321070234 0.0355284552571841
0.100334448160535 0.0363689218838434
0.133779264214047 0.0372285032676584
0.167224080267559 0.0381075974795833
0.20066889632107 0.0390066091303053
0.234113712374582 0.0399259493915512
0.267558528428094 0.0408660360124595
0.301003344481605 0.0418272933307247
0.334448160535117 0.0428101522782038
0.367892976588629 0.0438150503806723
0.40133779264214 0.0448424317514009
0.434782608695652 0.0458927470782172
0.468227424749164 0.0469664536037064
0.501672240802676 0.0480640150981931
0.535117056856187 0.049185901825139
0.568561872909699 0.0503325904985795
0.602006688963211 0.0515045642322126
0.635451505016722 0.0527023124797462
0.668896321070234 0.0539263309660975
0.702341137123746 0.0551771216090326
0.735785953177257 0.0564551924308224
0.769230769230769 0.0577610574594863
0.802675585284281 0.0590952366191851
0.836120401337793 0.0604582556093177
0.869565217391304 0.0618506457718699
0.903010033444816 0.0632729439465591
0.936454849498328 0.0647256923133096
0.969899665551839 0.0662094382215939
1.00334448160535 0.0677247340061667
1.03678929765886 0.0692721367887199
1.07023411371237 0.0708522082649824
1.10367892976589 0.0724655144767901
1.1371237458194 0.0741126255686503
1.17056856187291 0.0757941155283278
1.20401337792642 0.0775105619109847
1.23745819397993 0.0792625455464071
1.27090301003344 0.081050650228863
1.30434782608696 0.0828754623891398
1.33779264214047 0.084737570748323
1.37123745819398 0.0866375659528877
1.40468227424749 0.0885760401906888
1.438127090301 0.0905535867874525
1.47157190635451 0.0925707997833891
1.50501672240803 0.0946282734895687
1.53846153846154 0.0967266020237233
1.57190635451505 0.0988663788251657
1.60535117056856 0.101048196148542
1.63879598662207 0.103272644536169
1.67224080267559 0.105540312268735
1.7056856187291 0.107851784794191
1.73913043478261 0.110207644134683
1.77257525083612 0.112608468271435
1.80602006688963 0.115054830507523
1.83946488294314 0.117547298808553
1.87290969899666 0.12008643512127
1.90635451505017 0.122672794670228
1.93979933110368 0.12530692523267
1.97324414715719 0.127989366391852
2.0066889632107 0.130720648769109
2.04013377926421 0.133501293235009
2.07357859531773 0.136331810100063
2.10702341137124 0.139212698285462
2.14046822742475 0.142144444474464
2.17391304347826 0.14512752224509
2.20735785953177 0.148162391184884
2.24080267558528 0.151249495988586
2.2742474916388 0.15438926553966
2.30769230769231 0.157582111976689
2.34113712374582 0.160828429745772
2.37458193979933 0.164128594640151
2.40802675585284 0.167482962828362
2.44147157190635 0.170891869872356
2.47491638795987 0.17435562973709
2.50836120401338 0.177874533793227
2.54180602006689 0.181448849814647
2.5752508361204 0.185078820972619
2.60869565217391 0.188764664828544
2.64214046822742 0.192506572327296
2.67558528428094 0.196304706793295
2.70903010033445 0.200159202931529
2.74247491638796 0.204070165835833
2.77591973244147 0.208037670006841
2.80936454849498 0.212061758382091
2.84280936454849 0.216142441380865
2.87625418060201 0.2202796959664
2.90969899665552 0.224473464728202
2.94314381270903 0.228723654987238
2.97658862876254 0.233030137926844
3.01003344481605 0.237392747752241
3.04347826086956 0.241811280881589
3.07692307692308 0.246285495171522
3.11036789297659 0.250815109180168
3.1438127090301 0.25539980147063
3.17725752508361 0.260039209957907
3.21070234113712 0.264732931302263
3.24414715719064 0.269480520351969
3.27759197324415 0.274281489638346
3.31103678929766 0.279135308925973
3.34448160535117 0.284041404820875
3.37792642140468 0.28899916043939
3.41137123745819 0.29400791514038
3.44481605351171 0.299066964323296
3.47826086956522 0.304175559294513
3.51170568561873 0.309332907204215
3.54515050167224 0.314538171055949
3.57859531772575 0.319790469790829
3.61204013377926 0.325088878448167
3.64548494983278 0.330432428404143
3.67892976588629 0.335820107689909
3.7123745819398 0.34125086139032
3.74581939799331 0.346723592124241
3.77926421404682 0.352237160607174
3.81270903010033 0.357790386296653
3.84615384615385 0.363382048120668
3.87959866220736 0.369010885289033
3.91304347826087 0.374675598187422
3.94648829431438 0.380374849353466
3.97993311036789 0.386107264534034
4.0133779264214 0.391871433822574
4.04682274247492 0.396601323939484
4.08026755852843 0.400120582376083
4.11371237458194 0.403650178593724
4.14715719063545 0.407189776044848
4.18060200668896 0.410739034109705
4.21404682274247 0.414297608218311
4.24749163879599 0.41786514997577
4.2809364548495 0.421441307290873
4.31438127090301 0.425025724507882
4.34782608695652 0.428618042541396
4.38127090301003 0.432217899014203
4.41471571906354 0.435824928398011
4.44816053511706 0.439438762156944
4.48160535117057 0.443059028893687
4.51505016722408 0.446685354498175
4.54849498327759 0.450317362298681
4.5819397993311 0.453954673215199
4.61538461538461 0.457596905914972
4.64882943143813 0.461243676970054
4.68227424749164 0.464894601016748
4.71571906354515 0.4685492909168
4.74916387959866 0.472207357920192
4.78260869565217 0.475868411829402
4.81605351170569 0.479532061164974
4.8494983277592 0.483197913332264
4.88294314381271 0.486865574789193
4.91638795986622 0.49053465121487
4.94983277591973 0.494204747678926
4.98327759197324 0.497875468811408
5.01672240802676 0.501546418973071
5.05016722408027 0.505217202425919
5.08361204013378 0.508887423503837
5.11705685618729 0.512556686783156
5.1505016722408 0.516224597252998
5.18394648829431 0.519890760485238
5.21739130434783 0.52355478280394
5.25083612040134 0.527216271454099
5.28428093645485 0.530874834769546
5.31772575250836 0.534530082339859
5.35117056856187 0.538181625176128
5.38461538461538 0.541829075875431
5.4180602006689 0.54547204878387
5.45150501672241 0.549110160158025
5.48494983277592 0.552743028324677
5.51839464882943 0.556370273838675
5.55183946488294 0.559991519638794
5.58528428093645 0.563606391201461
5.61872909698997 0.567214516692222
5.65217391304348 0.570815527114805
5.68561872909699 0.574409056457682
5.7190635451505 0.577994741837987
5.75250836120401 0.581572223642689
5.78595317725753 0.585141145666908
5.81939799331104 0.588701155249254
5.85284280936455 0.592090837640462
5.88628762541806 0.593840961102264
5.91973244147157 0.595588704424039
5.95317725752508 0.597334026604712
5.9866220735786 0.599076886883849
6.02006688963211 0.600817244745183
6.05351170568562 0.602555059920096
6.08695652173913 0.604290292391043
6.12040133779264 0.606022902394928
6.15384615384615 0.607752850426429
6.18729096989967 0.609480097241269
6.22073578595318 0.611204603859431
6.25418060200669 0.612926331568328
6.2876254180602 0.614645241925909
6.32107023411371 0.616361296763719
6.35451505016722 0.6180744581899
6.38795986622074 0.619784688592134
6.42140468227425 0.621491950640542
6.45484949832776 0.623196207290511
6.48829431438127 0.624897421785479
6.52173913043478 0.626595557659653
6.55518394648829 0.62829057874068
6.58862876254181 0.629982449152249
6.62207357859532 0.631671133316648
6.65551839464883 0.633356595957253
6.68896321070234 0.635038802100966
6.72240802675585 0.636717717080591
6.75585284280936 0.638393306537155
6.78929765886288 0.640065536422166
6.82274247491639 0.641734372999815
6.8561872909699 0.64339978284912
6.88963210702341 0.645061732866012
6.92307692307692 0.646720190265356
6.95652173913043 0.648375122582918
6.98996655518395 0.650026497677274
7.02341137123746 0.651674283731654
7.05685618729097 0.653318449255732
7.09030100334448 0.654958963087353
7.12374581939799 0.656595794394207
7.1571906354515 0.65822891267543
7.19063545150502 0.659858287763165
7.22408026755853 0.661483889824045
7.25752508361204 0.663105689360629
7.29096989966555 0.664723657212776
7.32441471571906 0.666337764558956
7.35785953177257 0.667947982917507
7.39130434782609 0.669554284147832
7.4247491638796 0.671156640451535
7.45819397993311 0.672755024373499
7.49163879598662 0.67434940880291
7.52508361204013 0.675939766974219
7.55852842809364 0.677526072468045
7.59197324414716 0.679108299212024
7.62541806020067 0.680686421481596
7.65886287625418 0.682260413900741
7.69230769230769 0.68383025144265
7.7257525083612 0.685395909430349
7.75919732441471 0.686957363537256
7.79264214046823 0.688514589787691
7.82608695652174 0.690067564557325
7.85953177257525 0.691616264573573
7.89297658862876 0.693160666915938
7.92642140468227 0.694700749016292
7.95986622073579 0.696236488659109
7.9933110367893 0.69776786398164
8.02675585284281 0.69929485347404
8.06020066889632 0.700817435979429
8.09364548494983 0.70233559069392
8.12709030100334 0.703849297166574
8.16053511705686 0.705358535299319
8.19397993311037 0.706863285346806
8.22742474916388 0.708363527916222
8.26086956521739 0.70985924396705
8.2943143812709 0.711350414810774
8.32775919732441 0.712837022110544
8.36120401337793 0.71431904788078
8.39464882943144 0.71579647448674
8.42809364548495 0.717269284644028
8.46153846153846 0.718737461418064
8.49498327759197 0.720200988223499
8.52842809364548 0.721659848823592
8.561872909699 0.723114027329528
8.59531772575251 0.724563508199709
8.62876254180602 0.726008276238979
8.66220735785953 0.727448316597825
8.69565217391304 0.728883614771515
8.72909698996656 0.730314156599211
8.76254180602007 0.731739928263021
8.79598662207358 0.733160916287028
8.82943143812709 0.73457710753626
8.8628762541806 0.735988489215633
8.89632107023411 0.73739504886884
8.92976588628762 0.738796774377217
8.96321070234114 0.740193653958553
8.99665551839465 0.741585676165874
9.03010033444816 0.742972829886182
9.06354515050167 0.74435510433916
9.09698996655518 0.745732489075839
9.1304347826087 0.747104973977232
9.16387959866221 0.748472549252923
9.19732441471572 0.749835205439637
9.23076923076923 0.751192933399762
9.26421404682274 0.752545724319842
9.29765886287625 0.753893569709044
9.33110367892977 0.755236461397576
9.36454849498328 0.756574391535096
9.39799331103679 0.757907352589066
9.4314381270903 0.759235337343098
9.46488294314381 0.760558338895255
9.49832775919732 0.761876350656327
9.53177257525084 0.763189366348081
9.56521739130435 0.764497380001483
9.59866220735786 0.76580038595489
9.63210702341137 0.767098378852217
9.66555183946488 0.768391353641081
9.69899665551839 0.769679305570912
9.73244147157191 0.770962230191049
9.76588628762542 0.772240123348808
9.79933110367893 0.773512981187522
9.83277591973244 0.774780800144566
9.86622073578595 0.776043576949356
9.89966555183946 0.777301308621325
9.93311036789298 0.778553992467885
9.96655518394649 0.77980162608236
10 0.781044207341904
