0.0 0.010398585896690031
0.033444816053511704 0.010801351622747356
0.06688963210702341 0.011219540702569352
0.1003344481605351 0.011653729800709906
0.13377926421404682 0.012104516043023877
0.16722408026755853 0.012572517655531329
0.2006688963210702 0.013058374616146803
0.23411371237458192 0.013562749318902261
0.26755852842809363 0.014086327250218578
0.3010033444816053 0.014629817676701065
0.33444816053511706 0.015193954343847623
0.36789297658862874 0.01577949618496439
0.4013377926421404 0.01638722803948288
0.43478260869565216 0.017017961379763073
0.46822742474916385 0.017672535045349172
0.5016722408026756 0.018351815983518746
0.5351170568561873 0.01905669999482971
0.568561872909699 0.0197881124822243
0.6020066889632106 0.020547009202093396
0.6354515050167224 0.021334377015538482
0.6688963210702341 0.022151234637890666
0.7023411371237458 0.02299863338435783
0.7357859531772575 0.023877657909470055
0.7692307692307692 0.02478942693778043
0.8026755852842808 0.025735093983053313
0.8361204013377926 0.026715848052933238
0.8695652173913043 0.027732914335836807
0.903010033444816 0.028787554866545016
0.9364548494983277 0.02988106916669549
0.9698996655518394 0.031014794856083012
1.0033444816053512 0.03219010823037181
1.0367892976588629 0.03340842480050567
1.0702341137123745 0.034671199788771354
1.1036789297658862 0.03597992857612834
1.137123745819398 0.037336147095062944
1.1705685618729096 0.03874143216186072
1.2040133779264213 0.04019740174181536
1.237458193979933 0.041705715140508755
1.2709030100334449 0.043268073113907325
1.3043478260869565 0.0448862178896231
1.3377926421404682 0.046561933091289656
1.37123745819398 0.04829704355760345
1.4046822742474916 0.050093415047183655
1.4381270903010033 0.051952953820011506
1.471571906354515 0.05387760608582577
1.5050167224080266 0.055869357309481865
1.5384615384615383 0.057930231362927215
1.57190635451505 0.06006228951311409
1.6053511705685617 0.06226762923486861
1.6387959866220736 0.0645483828374627
1.6722408026755853 0.06690671589340579
1.705685618729097 0.0693448254577901
1.7391304347826086 0.07186493806639381
1.7725752508361203 0.0744693075006794
1.806020066889632 0.07716021230782971
1.8394648829431437 0.07993995306404891
1.8729096989966554 0.0828108493695285
1.906354515050167 0.08577523656375394
1.9397993311036787 0.08883546215020953
1.9732441471571907 0.09199388192004307
2.0066889632107023 0.09525285576488651
2.040133779264214 0.09861474316980455
2.0735785953177257 0.10208189837826996
2.1070234113712374 0.10565666522215598
2.140468227424749 0.10934137161099779
2.1739130434782608 0.11313832367621798
2.2073578595317724 0.1170497995676455
2.240802675585284 0.12107804290148765
2.274247491638796 0.12522525586094707
2.3076923076923075 0.12949359195291724
2.341137123745819 0.13388514842663904
2.374581939799331 0.1384019583628599
2.4080267558528425 0.1430459824449021
2.441471571906354 0.14781910042611582
2.474916387959866 0.15272310231144778
2.508361204013378 0.1577596792742988
2.5418060200668897 0.16293041433344443
2.5752508361204014 0.16823677281853927
2.608695652173913 0.17368009265658874
2.6421404682274248 0.17926157451572827
2.6755852842809364 0.18498227184665594
2.709030100334448 0.19084308086609145
2.74247491638796 0.19684473053063278
2.7759197324414715 0.20298777255330414
2.809364548494983 0.20927257151888728
2.842809364548495 0.21569929515773867
2.8762541806020065 0.22226790484116676
2.9096989966555182 0.22897814636450767
2.94314381270903 0.2358295410867282
2.9765886287625416 0.2428213774976474
3.0100334448160533 0.24979718974318532
3.043478260869565 0.2563912954814539
3.0769230769230766 0.26309842442483017
3.1103678929765883 0.26991732228794985
3.1438127090301 0.27684655441790423
3.1772575250836117 0.28388450298448936
3.2107023411371234 0.29102936468586726
3.2441471571906355 0.2982791490039678
3.277591973244147 0.3047474992728868
3.311036789297659 0.31125381521349027
3.3444816053511706 0.31783553769209233
3.3779264214046822 0.3244908658194228
3.411371237458194 0.3312178888702202
3.4448160535117056 0.3380145872278132
3.4782608695652173 0.34487883364875604
3.511705685618729 0.35180839485229937
3.5451505016722407 0.35880093343797875
3.5785953177257523 0.3658540101330254
3.612040133779264 0.3729650863696596
3.6454849498327757 0.38013152719062654
3.6789297658862874 0.38735060447958847
3.712374581939799 0.394619500511212
3.7458193979933108 0.40193531181399345
3.7792642140468224 0.4092950533370693
3.812709030100334 0.4166956629104733
3.846153846153846 0.42413400598654366
3.8795986622073575 0.43160688064846936
3.913043478260869 0.4391110228703069
3.9464882943143813 0.44664311201121787
3.979933110367893 0.45419977652518023
4.013377926421405 0.46177759986604044
4.046822742474916 0.46937312656649044
4.080267558528428 0.4769828684684189
4.113712374581939 0.48460331108106874
4.147157190635451 0.49223092004259206
4.180602006688963 0.4998621476598856
4.214046822742475 0.5074934395010732
4.247491638795986 0.5151212410146347
4.280936454849498 0.5227420041490121
4.31438127090301 0.5303521939465055
4.3478260869565215 0.5379482950854615
4.381270903010034 0.5455268183450966
4.414715719063545 0.553084306967819
4.448160535117057 0.5606173428946137
4.481605351170568 0.5681225528498864
4.51505016722408 0.5755966142531795
4.548494983277592 0.5830362609362977
4.581939799331104 0.590438288645666
4.615384615384615 0.5973980128982401
4.648829431438127 0.603236088172699
4.682274247491638 0.6090449084750034
4.7157190635451505 0.6148229868868696
4.749163879598662 0.6205688702847695
4.782608695652174 0.6262811406417024
4.816053511705685 0.6319584162502568
4.849498327759197 0.6375993528652482
4.882943143812708 0.643202644764506
4.916387959866221 0.6487670257266835
4.949832775919732 0.654291269925248
4.983277591973244 0.6597741927380997
5.016722408026756 0.6652146514725513
5.050167224080267 0.6706115460056743
5.083612040133779 0.6759638193402878
5.117056856187291 0.6812704580771285
5.150501672240803 0.6865304928039904
5.183946488294314 0.6917429984028605
5.217391304347826 0.6969070942763153
5.250836120401337 0.7020219444946477
5.2842809364548495 0.7070867578654093
5.317725752508361 0.7121007879272363
5.351170568561873 0.7170633328700118
5.384615384615384 0.7219737353835718
5.418060200668896 0.7268313824373199
5.4515050167224075 0.7316357049932408
5.48494983277592 0.7363861776549311
5.518394648829431 0.7410823182553608
5.551839464882943 0.7457236873861808
5.585284280936454 0.7503098878714537
5.618729096989966 0.7548405641887606
5.652173913043478 0.7593154018406738
5.68561872909699 0.7637341266796284
5.719063545150502 0.7680965041892401
5.752508361204013 0.7724023387251321
5.785953177257525 0.776651472718328
5.8193979933110365 0.7807639685896517
5.852842809364549 0.7847643248497895
5.88628762541806 0.788711440794384
5.919732441471572 0.7926053017631244
5.953177257525083 0.7964459225618244
5.986622073578595 0.8002333466541248
6.020066889632107 0.8039676453390744
6.053511705685619 0.8076489169167261
6.08695652173913 0.8112772858438168
6.120401337792642 0.8148529018815392
6.153846153846153 0.8183759392373448
6.187290969899665 0.8216979807643724
6.220735785953177 0.8248872227890541
6.254180602006689 0.8280313583320638
6.2876254180602 0.8311305980719311
6.321070234113712 0.8341851679803308
6.354515050167223 0.8371953087189427
6.3879598662207355 0.8401612750397005
6.421404682274247 0.8430833351892522
6.454849498327759 0.8459617703184104
6.488294314381271 0.8487968738973218
6.521739130434782 0.8515889511370462
6.555183946488294 0.8543383184181838
6.588628762541806 0.8570453027271528
6.622073578595318 0.8597102411006723
6.655518394648829 0.8623334800789596
6.688963210702341 0.86491537516812
6.722408026755852 0.8674562903121525
6.7558528428093645 0.8699565973749697
6.789297658862876 0.8724166756327791
6.822742474916388 0.874836911277145
6.856187290969899 0.8772176969290076
6.889632107023411 0.8795594311639072
6.9230769230769225 0.8818625180486208
6.956521739130435 0.8841200821790955
6.989966555183946 0.886319060738947
7.023411371237458 0.8884815741331363
7.056856187290969 0.8906080279913424
7.090301003344481 0.8926988311372152
7.123745819397993 0.8947543952201965
7.157190635451505 0.8967751343585096
7.190635451505017 0.898761464793309
7.224080267558528 0.9007138045539648
7.25752508361204 0.9026325731344355
7.290969899665551 0.9045181911806655
7.3244147157190636 0.9063710801889301
7.357859531772575 0.9081916622150323
7.391304347826087 0.9099803595942447
7.424749163879598 0.9117375946718742
7.45819397993311 0.9134637895443198
7.4916387959866215 0.9151593658104745
7.525083612040134 0.916824744333324
7.558528428093645 0.9184603450115727
7.591973244147157 0.9200665865611319
7.625418060200668 0.9216438863062867
7.65886287625418 0.92319265998036
7.692307692307692 0.9247133215356812
7.725752508361204 0.9262062829626622
7.759197324414715 0.9276719541177835
7.792642140468227 0.9291107425602838
7.826086956521738 0.930523053397346
7.8595317725752505 0.9319092891375711
7.892976588628763 0.933269849552527
7.926421404682274 0.9346051315461601
7.959866220735786 0.9359155290318555
7.993311036789297 0.9372014328169311
8.02675585284281 0.9384632304943518
8.060200668896321 0.9397013063414491
8.093645484949832 0.9409160412254355
8.127090301003344 0.942107812515497
8.160535117056856 0.9432769940012597
8.193979933110368 0.944423955817416
8.227424749163879 0.9455490643743084
8.26086956521739 0.946652682294265
8.294314381270903 0.9477351683534844
8.327759197324415 0.948796877429273
8.361204013377925 0.9498381604524405
8.394648829431437 0.9508593643646556
8.42809364548495 0.9518608320805791
8.461538461538462 0.9528429024545865
8.494983277591972 0.9538059102518952
8.528428093645484 0.9547501861239237
8.561872909698996 0.955676056587703
8.595317725752508 0.9565838440091726
8.62876254180602 0.9574738665901942
8.66220735785953 0.958346438359118
8.695652173913043 0.9592018691647469
8.729096989966555 0.960040464673539
8.762541806020067 0.9608625263699037
8.795986622073578 0.9616683515594383
8.82943143812709 0.9624582333749682
8.862876254180602 0.9632324607852497
8.896321070234114 0.9639913186062005
8.929765886287624 0.9647350875145285
8.963210702341136 0.965464044063634
8.996655518394649 0.9661784607016592
9.03010033444816 0.9668786057915694
9.063545150501671 0.9675647436331507
9.096989966555183 0.9682371344868133
9.130434782608695 0.9688960345990906
9.163879598662207 0.9695416962297366
9.197324414715718 0.9701743676803154
9.23076923076923 0.9707942933241902
9.264214046822742 0.9714017136378187
9.297658862876254 0.9719968652332652
9.331103678929766 0.9725799808918412
9.364548494983277 0.9731512895987975
9.397993311036789 0.9737110165789811
9.431438127090301 0.9742593833333864
9.464882943143813 0.9747966076765244
9.498327759197323 0.9753229037745412
9.531772575250836 0.9758384821840151
9.565217391304348 0.9763435498913732
9.59866220735786 0.9768383103528602
9.63210702341137 0.977322963535004
9.665551839464882 0.9777977059555195
9.698996655518394 0.9782627307245971
9.732441471571907 0.9787182275865248
9.765886287625417 0.9791643829615934
9.799331103678929 0.9796013799882397
9.832775919732441 0.9800293985653813
9.866220735785953 0.9804486153949016
9.899665551839464 0.9808592040242429
9.933110367892976 0.9812613348890722
9.966555183946488 0.9816551753559793
10.0 0.9820408897651769
