0.0 0.15590170297189238
0.033444816053511704 0.15812128414763071
0.06688963210702341 0.1603664620236956
0.1003344481605351 0.1626373607763209
0.13377926421404682 0.16493410012733115
0.16722408026755853 0.16725679518935802
0.2006688963210702 0.16960555631004837
0.23411371237458192 0.1719804889153809
0.26755852842809363 0.17438169335221523
0.3010033444816053 0.17680926473020137
0.33444816053511706 0.17926329276318437
0.36789297658862874 0.1817438616102422
0.4013377926421404 0.18425104971650236
0.43478260869565216 0.18678492965388635
0.46822742474916385 0.1893455679619374
0.5016722408026756 0.19193302498889084
0.5351170568561873 0.1945473547331533
0.568561872909699 0.1971886046853597
0.6020066889632106 0.19985681567118388
0.6354515050167224 0.20255202169508224
0.6688963210702341 0.20527424978515438
0.7023411371237458 0.20802351983931022
0.7357859531772575 0.21079984447293618
0.7692307692307692 0.21360322886825722
0.8026755852842808 0.21643367062559687
0.8361204013377926 0.21929115961673878
0.8695652173913043 0.2221756778405988
0.903010033444816 0.22508719928141865
0.9364548494983277 0.2280256897696952
0.9698996655518394 0.2309911068460634
1.0033444816053512 0.2339833996283504
1.0367892976588629 0.2370025086820245
1.0702341137123745 0.24004836589425924
1.1036789297658862 0.24312089435183992
1.137123745819398 0.24622000822313592
1.1705685618729096 0.24934561264436503
1.2040133779264213 0.25249760361037715
1.237458193979933 0.2556758678701823
1.2709030100334449 0.25888028282744846
1.3043478260869565 0.26211071644619427
1.3377926421404682 0.2653670271618983
1.37123745819398 0.268649063798247
1.4046822742474916 0.27195666548973835
1.4381270903010033 0.2752896616103585
1.471571906354515 0.27864787170854166
1.5050167224080266 0.28203110544862253
1.5384615384615383 0.28543916255898505
1.57190635451505 0.28887183278710576
1.6053511705685617 0.29232889586168603
1.6387959866220736 0.29581012146205987
1.6722408026755853 0.2993152691950588
1.705685618729097 0.30284408857950834
1.7391304347826086 0.30639631903852144
1.7725752508361203 0.3099716898997493
1.806020066889632 0.31356992040373766
1.8394648829431437 0.31719071972053164
1.8729096989966554 0.3208337869746593
1.906354515050167 0.3244988112786165
1.9397993311036787 0.3281854717749646
1.9732441471571907 0.33189343768713936
2.0066889632107023 0.33562236837906356
2.040133779264214 0.3393719134236375
2.0735785953177257 0.34314171268017396
2.1070234113712374 0.3469313963808311
2.140468227424749 0.35074058522608104
2.1739130434782608 0.35456889048924256
2.2073578595317724 0.35988266576495814
2.240802675585284 0.3667830292697904
2.274247491638796 0.3737384511276453
2.3076923076923075 0.3807464620963171
2.341137123745819 0.38780450832561536
2.374581939799331 0.39490995454781225
2.4080267558528425 0.40206008753980677
2.441471571906354 0.40925211984944354
2.474916387959866 0.4164831937769449
2.508361204013378 0.4237503856009499
2.5418060200668897 0.43105071003723183
2.5752508361204014 0.4383811249167889
2.608695652173913 0.44573853606867764
2.6421404682274248 0.45311980239172356
2.6755852842809364 0.46052174109806904
2.709030100334448 0.4679411331104548
2.74247491638796 0.4753747285941649
2.7759197324414715 0.48281925260370845
2.809364548494983 0.49027141082358683
2.842809364548495 0.4977278953818829
2.8762541806020065 0.5051853907149485
2.9096989966555182 0.5126405794611291
2.94314381270903 0.5200901483612835
2.9765886287625416 0.5275307941438045
3.0100334448160533 0.5349592293719553
3.043478260869565 0.5423721882315722
3.0769230769230766 0.549766432237576
3.1103678929765883 0.5571387558382515
3.1438127090301 0.5644859918969111
3.1772575250836117 0.5718050170313365
3.2107023411371234 0.5790927567922951
3.2441471571906355 0.5863461906634272
3.277591973244147 0.5935623568659165
3.311036789297659 0.600738356952549
3.3444816053511706 0.6078713601770399
3.3779264214046822 0.614958607625856
3.411371237458194 0.6219974161011547
3.4448160535117056 0.6289851817449006
3.4782608695652173 0.6359193833956991
3.511705685618729 0.6427975856713619
3.5451505016722407 0.6496174417717283
3.5785953177257523 0.6563766959977463
3.612040133779264 0.6630731859842899
3.6454849498327757 0.6697048446456372
3.6789297658862874 0.6762697018339346
3.712374581939799 0.6827658857123319
3.7458193979933108 0.6891916238457736
3.7792642140468224 0.695545244013674
3.812709030100334 0.7018251747498596
3.846153846153846 0.7080299456162669
3.8795986622073575 0.7141581872178784
3.913043478260869 0.7202086309673138
3.9464882943143813 0.72618010860832
3.979933110367893 0.7320715515081533
4.013377926421405 0.737881989729499
4.046822742474916 0.7436105508931334
4.080267558528428 0.7492564588430044
4.113712374581939 0.7548190321257877
4.147157190635451 0.7602976822972735
4.180602006688963 0.7656919120681321
4.214046822742475 0.7710013133017563
4.247491638795986 0.7762255648769032
4.280936454849498 0.7813644304278538
4.31438127090301 0.7864177559746982
4.3478260869565215 0.7913854674562101
4.381270903010034 0.7962675681775487
4.414715719063545 0.8010641361847549
4.448160535117057 0.8057753215776947
4.481605351170568 0.8104013437727341
4.51505016722408 0.8149424887260296
4.548494983277592 0.8193991061278862
4.581939799331104 0.8237716065781691
4.615384615384615 0.8280604587522732
4.648829431438127 0.8322661865666509
4.682274247491638 0.8363893663523765
4.7157190635451505 0.8404306240447097
4.749163879598662 0.8443906323960759
4.782608695652174 0.8482701082193569
4.816053511705685 0.852069809667849
4.849498327759197 0.8557905335577203
4.882943143812708 0.8624375395029743
4.916387959866221 0.8689536383794751
4.949832775919732 0.8752057432074019
4.983277591973244 0.8812003455952595
5.016722408026756 0.8869441890449241
5.050167224080267 0.8924442195093497
5.083612040133779 0.8977075392444777
5.117056856187291 0.9027413640116814
5.150501672240803 0.9075529836410516
5.183946488294314 0.9121497259259581
5.217391304347826 0.9165389237854271
5.250836120401337 0.9207278856025976
5.2842809364548495 0.9247238686245386
5.317725752508361 0.9285340552905387
5.351170568561873 0.9321655323422272
5.384615384615384 0.9356252725590457
5.418060200668896 0.9389201189562073
5.4515050167224075 0.9420567712789322
5.48494983277592 0.9450417746259656
5.518394648829431 0.9478815100367934
5.551839464882943 0.9505821868801844
5.585284280936454 0.9531498368863721
5.618729096989966 0.9555903096710331
5.652173913043478 0.9579092696059514
5.68561872909699 0.9601121938986383
5.719063545150502 0.9622043717510048
5.752508361204013 0.9641909044752596
5.785953177257525 0.9660767064534074
5.8193979933110365 0.9678665068348995
5.852842809364549 0.9695648518750449
5.88628762541806 0.9711761078246557
5.919732441471572 0.9727044642889874
5.953177257525083 0.9741539379813104
5.986622073578595 0.9755283768033718
6.020066889632107 0.9768314641915476
6.053511705685619 0.9780667236736401
6.08695652173913 0.9792375235870251
6.120401337792642 0.9803470819142054
6.153846153846153 0.9813984711967882
6.187290969899665 0.9823946234934717
6.220735785953177 0.9833383353518381
6.254180602006689 0.9842322727675819
6.2876254180602 0.9850789761083231
6.321070234113712 0.9858808649823333
6.354515050167223 0.9866402430353852
6.3879598662207355 0.987359302661549
6.421404682274247 0.9880401296160866
6.454849498327759 0.9886847075206997
6.488294314381271 0.9892949222532595
6.521739130434782 0.9898725662158044
6.555183946488294 0.9904193424760731
6.588628762541806 0.9909368687791409
6.622073578595318 0.9914266814268691
6.655518394648829 0.9918902390238777
6.688963210702341 0.9923289260896264
6.722408026755852 0.9927440565369313
6.7558528428093645 0.9931368770179042
6.789297658862876 0.9935085701388453
6.822742474916388 0.9938602575460873
6.856187290969899 0.9941930028851871
6.889632107023411 0.9945078146361719
6.9230769230769225 0.9948056488278267
6.956521739130435 0.9950874116342039
6.989966555183946 0.995353961856712
7.023411371237458 0.9956061132952571
7.056856187290969 0.995844637011994
7.090301003344481 0.9960702634913111
7.123745819397993 0.9962836846996849
7.157190635451505 0.9964855560490561
7.190635451505017 0.9966764982673605
7.224080267558528 0.9968570991798122
7.25752508361204 0.9970279154044918
7.290969899665551 0.9971894739657299
7.3244147157190636 0.9973422738287123
7.357859531772575 0.997486787358645
7.391304347826087 0.9976234617077424
7.424749163879598 0.9977527201332074
7.45819397993311 0.9978749632492762
7.4916387959866215 0.997990570216309
7.525083612040134 0.9980998998698037
7.558528428093645 0.9982032917921154
7.591973244147157 0.998301067329557
7.625418060200668 0.9983935305574656
7.65886287625418 0.9984809691957087
7.692307692307692 0.9985636554770183
7.725752508361204 0.9986418469704342
7.759197324414715 0.9987157873620491
7.792642140468227 0.9987857071951515
7.826086956521738 0.9988518245717771
7.8595317725752505 0.9989143458175855
7.892976588628763 0.998973466111898
7.926421404682274 0.9990293700846467
7.959866220735786 0.9990822323819075
7.993311036789297 0.9991322182016126
8.02675585284281 0.9991794838009569
8.060200668896321 0.9992241769769535
8.093645484949832 0.9992664375215122
8.127090301003344 0.9993063976523555
8.160535117056856 0.999344182421021
8.193979933110368 0.9993799100991388
8.227424749163879 0.9994136925441133
8.26086956521739 0.9994456355452849
8.294314381270903 0.9994758391515886
8.327759197324415 0.9995043979816833
8.361204013377925 0.9995314015174706
8.394648829431437 0.9995569343818754
8.42809364548495 0.9995810766017231
8.461538461538462 0.9996039038564964
8.494983277591972 0.9996254877137212
8.528428093645484 0.9996458958516896
8.561872909698996 0.9996651922701933
8.595317725752508 0.9996834374899057
8.62876254180602 0.9997006887410141
8.66220735785953 0.9997170001416782
8.695652173913043 0.9997324228668573
8.729096989966555 0.9997470053080202
8.762541806020067 0.9997607932242273
8.795986622073578 0.9997738298850442
8.82943143812709 0.9997861562057284
8.862876254180602 0.9997978108751011
8.896321070234114 0.9998088304764964
8.929765886287624 0.9998192496021655
8.963210702341136 0.9998291009614787
8.996655518394649 0.9998384154832691
9.03010033444816 0.9998472224126259
9.063545150501671 0.9998555494024404
9.096989966555183 0.9998634225999872
9.130434782608695 0.9998708667288081
9.163879598662207 0.9998779051661524
9.197324414715718 0.9998845600162137
9.23076923076923 0.9998908521793902
9.264214046822742 0.9998968014177854
9.297658862876254 0.9999024264171492
9.331103678929766 0.999907744845455
9.364548494983277 0.999912773408294
9.397993311036789 0.9999175279012585
9.431438127090301 0.9999220232594794
9.464882943143813 0.9999262736044673
9.498327759197323 0.9999302922884109
9.531772575250836 0.9999340919360649
9.565217391304348 0.9999376844843569
9.59866220735786 0.9999410812198462
9.63210702341137 0.9999442928141375
9.665551839464882 0.9999473293573742
9.698996655518394 0.9999502003899058
9.732441471571907 0.9999529149322324
9.765886287625417 0.9999554815133205
9.799331103678929 0.9999579081973772
9.832775919732441 0.9999602026091675
9.866220735785953 0.9999623719579517
9.899665551839464 0.9999644230601217
9.933110367892976 0.9999663623606045
9.966555183946488 0.9999681959530988
10.0 0.9999699295992119
