0.0 0.01941357758456425
0.033444816053511704 0.01993338146419036
0.06688963210702341 0.02046682679109208
0.1003344481605351 0.02101425620666183
0.13377926421404682 0.02157602011677813
0.16722408026755853 0.022152476821288732
0.2006688963210702 0.022743992642940185
0.23411371237458192 0.02335094205555152
0.26755852842809363 0.023973707811216598
0.3010033444816053 0.02461268106630638
0.33444816053511706 0.025268261506028483
0.36789297658862874 0.025940857467286697
0.4013377926421404 0.026630886059568325
0.43478260869565216 0.0273387732835713
0.46822742474916385 0.02806495414726711
0.5016722408026756 0.028809872779078545
0.5351170568561873 0.029573982537834137
0.568561872909699 0.03035774611914312
0.6020066889632106 0.031161635657816215
0.6354515050167224 0.03198613282593872
0.6688963210702341 0.032831728926182406
0.7023411371237458 0.03369892497992297
0.7357859531772575 0.03458823180970875
0.7692307692307692 0.0355001701156055
0.8026755852842808 0.03643527054492
0.8361204013377926 0.03739407375478361
0.8695652173913043 0.03837713046705364
0.903010033444816 0.03938500151496805
0.9364548494983277 0.04041825788096509
0.9698996655518394 0.04147748072505623
1.0033444816053512 0.042563261403116566
1.0367892976588629 0.04367620147443265
1.0702341137123745 0.044816912697823764
1.1036789297658862 0.04598601701562776
1.137123745819398 0.04718414652481868
1.1705685618729096 0.04841194343449884
1.2040133779264213 0.049670060008983954
1.237458193979933 0.050959158495676206
1.2709030100334449 0.05227991103689653
1.3043478260869565 0.05363299956482471
1.3377926421404682 0.05501911567867331
1.37123745819398 0.05643896050320052
1.4046822742474916 0.057893244527645514
1.4381270903010033 0.059382687424151835
1.471571906354515 0.06090801784472453
1.5050167224080266 0.06246997319575165
1.5384615384615383 0.06406929938910438
1.57190635451505 0.06570675056881757
1.6053511705685617 0.06738308881234101
1.6387959866220736 0.06909908380534317
1.6722408026755853 0.07085551248904244
1.705685618729097 0.07265315867903792
1.7391304347826086 0.07449281265461077
1.7725752508361203 0.0763752707174709
1.806020066889632 0.07830133471892885
1.8394648829431437 0.080271811554485
1.8729096989966554 0.08228751262484112
1.906354515050167 0.08434925326235951
1.9397993311036787 0.0864578521220186
1.9732441471571907 0.08861413053594312
2.0066889632107023 0.09081891183062103
2.040133779264214 0.09307302060596123
2.0735785953177257 0.09537728197539078
2.1070234113712374 0.09773252076624486
2.140468227424749 0.10013956067976208
2.1739130434782608 0.10259922341006414
2.2073578595317724 0.10511232772157421
2.240802675585284 0.10767968848440955
2.274247491638796 0.11030211566737415
2.3076923076923075 0.11298041328827563
2.341137123745819 0.11571537832139729
2.374581939799331 0.1185077995620712
2.4080267558528425 0.12135845644842277
2.441471571906354 0.12426811784049059
2.474916387959866 0.1272375407570673
2.508361204013378 0.13026746907075873
2.5418060200668897 0.13335863216191898
2.5752508361204014 0.13651174353228998
2.608695652173913 0.13972749937935008
2.6421404682274248 0.1430065771325667
2.6755852842809364 0.1463496339529417
2.709030100334448 0.1497573051974435
2.74247491638796 0.15323020285013175
2.7759197324414715 0.1567689139219992
2.809364548494983 0.1603739988217824
2.842809364548495 0.16404598970022374
2.8762541806020065 0.16778538877050642
2.9096989966555182 0.17159266660782346
2.94314381270903 0.17546826043129007
2.9765886287625416 0.1794125723716538
3.0100334448160533 0.1834259677285071
3.043478260869565 0.18750877322095566
3.0769230769230766 0.19166127523594287
3.1103678929765883 0.19588371807867538
3.1438127090301 0.2001763022298345
3.1772575250836117 0.20453918261449167
3.2107023411371234 0.20897246688787235
3.2441471571906355 0.2134762137433278
3.277591973244147 0.218050431248079
3.311036789297659 0.22269507521248696
3.3444816053511706 0.22741004759877878
3.3779264214046822 0.23219519497531466
3.411371237458194 0.23705030702262
3.4448160535117056 0.24197511509752054
3.4782608695652173 0.24696929086180952
3.511705685618729 0.25203244498194377
3.5451505016722407 0.2571641259062982
3.5785953177257523 0.2623638187265225
3.612040133779264 0.26763094412951227
3.6454849498327757 0.27296485744645776
3.6789297658862874 0.278364847805334
3.712374581939799 0.2838301373930743
3.7458193979933108 0.28935988083350056
3.7792642140468224 0.2949531646868821
3.812709030100334 0.3006090070767527
3.846153846153846 0.30632635744933384
3.8795986622073575 0.3121040964705941
3.913043478260869 0.31794103606561097
3.9464882943143813 0.32383591960450847
3.979933110367893 0.3297874222388032
4.013377926421405 0.3357941513915232
4.046822742474916 0.34185464740395116
4.080267558528428 0.3479673843413084
4.113712374581939 0.3541307709591173
4.147157190635451 0.36034315183138577
4.180602006688963 0.36660280864112266
4.214046822742475 0.37290796163305395
4.247491638795986 0.37925677122773
4.280936454849498 0.3856473397955418
4.31438127090301 0.3920777135884598
4.3478260869565215 0.39854588482661635
4.381270903010034 0.40504979393614265
4.414715719063545 0.4115873319339707
4.448160535117057 0.4181563429546205
4.481605351170568 0.4247546269133033
4.51505016722408 0.43137994229901305
4.548494983277592 0.4380300090906254
4.581939799331104 0.44470251178841674
4.615384615384615 0.451395102552814
4.648829431438127 0.4581054044416527
4.682274247491638 0.4648310147366886
4.7157190635451505 0.47156950834966066
4.749163879598662 0.47831844129776574
4.782608695652174 0.4850753542380491
4.816053511705685 0.49183777604988915
4.849498327759197 0.498603227454506
4.882943143812708 0.5053692246602124
4.916387959866221 0.512133283021998
4.949832775919732 0.5188929207039465
4.983277591973244 0.5256456623329825
5.016722408026756 0.5323890426324764
5.050167224080267 0.5391206100243598
5.083612040133779 0.5458379301885585
5.117056856187291 0.5525385895687855
5.150501672240803 0.5592201988140275
5.183946488294314 0.5658803961453848
5.217391304347826 0.5725168506383416
5.250836120401337 0.5791272654109629
5.2842809364548495 0.5857093807090253
5.317725752508361 0.5922609768796067
5.351170568561873 0.5987798772252348
5.384615384615384 0.6052639507313021
5.418060200668896 0.6117111146600753
5.4515050167224075 0.618119337005295
5.48494983277592 0.6244866388020337
5.518394648829431 0.6308110962871634
5.551839464882943 0.6370908429064952
5.585284280936454 0.6433240711653465
5.618729096989966 0.6495090343200062
5.652173913043478 0.6556440479082568
5.68561872909699 0.6617274911178156
5.719063545150502 0.6677578079922211
5.752508361204013 0.6737335084743656
5.785953177257525 0.6796531692885048
5.8193979933110365 0.6855154346621918
5.852842809364549 0.6913190168901773
5.88628762541806 0.697062696742871
5.919732441471572 0.7027453237224852
5.953177257525083 0.708365816170477
5.986622073578595 0.7139231612303595
6.020066889632107 0.7194164146703662
6.053511705685619 0.7248447005708446
6.08695652173913 0.7302072108815786
6.120401337792642 0.7355032048545582
6.153846153846153 0.7407320083579643
6.187290969899665 0.745893013077366
6.220735785953177 0.7509856756103094
6.254180602006689 0.7560095164606246
6.2876254180602 0.760964118938885
6.321070234113712 0.7658491279755328
6.354515050167223 0.7706642488532154
6.3879598662207355 0.7754092458648955
6.421404682274247 0.7800839409042656
6.454849498327759 0.7846882119949522
6.488294314381271 0.7892219917649078
6.521739130434782 0.7936852658722959
6.555183946488294 0.7980780713890332
6.588628762541806 0.8024004951480181
6.622073578595318 0.8066526720598977
6.655518394648829 0.8108347834050452
6.688963210702341 0.8149470551062249
6.722408026755852 0.8189897559872016
6.7558528428093645 0.8229631960223389
6.789297658862876 0.8268677245819926
6.822742474916388 0.8307037286782722
6.856187290969899 0.8344716312154947
6.889632107023411 0.838171889249414
6.9230769230769225 0.8418049922590559
6.956521739130435 0.8453714604347391
6.989966555183946 0.8488718429856134
7.023411371237458 0.8523067164697983
7.056856187290969 0.8556766831499645
7.090301003344481 0.8589823693769513
7.123745819397993 0.8622244240037873
7.157190635451505 0.8654035168322455
7.190635451505017 0.868520337093841
7.224080267558528 0.8715755919669691
7.25752508361204 0.8745700051316602
7.290969899665551 0.8775043153632432
7.3244147157190636 0.8803792751660058
7.357859531772575 0.8831956494477581
7.391304347826087 0.8859542142360366
7.424749163879598 0.8886557554365143
7.45819397993311 0.8913010676340313
7.4916387959866215 0.8938909529365101
7.525083612040134 0.8964262198618806
7.558528428093645 0.8989076822680201
7.591973244147157 0.901336158325577
7.625418060200668 0.9037124695334574
7.65886287625418 0.9060374397766303
7.692307692307692 0.9083118944258293
7.725752508361204 0.910536659478633
7.759197324414715 0.912712560741334
7.792642140468227 0.914840423050932
7.826086956521738 0.9169210695365271
7.8595317725752505 0.9189553209193276
7.892976588628763 0.9209439948504469
7.926421404682274 0.9228879052856087
7.959866220735786 0.9247878618958532
7.993311036789297 0.9266446695132958
8.02675585284281 0.928459127610976
8.060200668896321 0.9302320298157974
8.093645484949832 0.9319641634535577
8.127090301003344 0.9336563091250462
8.160535117056856 0.93530924031218
8.193979933110368 0.9369237230131504
8.227424749163879 0.9385005154055441
8.26086956521739 0.9400403675364076
8.294314381270903 0.9415440210382315
8.327759197324415 0.9430122088698372
8.361204013377925 0.944445655081155
8.394648829431437 0.945845074600905
8.42809364548495 0.9472111730461951
8.461538461538462 0.9485446465530729
8.494983277591972 0.9498461816270879
8.528428093645484 0.9511164550129338
8.561872909698996 0.9523561335822632
8.595317725752508 0.9535658742387917
8.62876254180602 0.954746323839824
8.66220735785953 0.9558981191333643
8.695652173913043 0.9570218867099909
8.729096989966555 0.9581182429687
8.762541806020067 0.9591877940959547
8.795986622073578 0.9602311360571841
8.82943143812709 0.961248854600023
8.862876254180602 0.9622415252685848
8.896321070234114 0.9632097134281034
8.929765886287624 0.9641539742992933
8.963210702341136 0.9650748530018036
8.996655518394649 0.9659728846061687
9.03010033444816 0.9668485941936775
9.063545150501671 0.96770249692361
9.096989966555183 0.9685350981073101
9.130434782608695 0.9693468932885891
9.163879598662207 0.9701383683299709
9.197324414715718 0.97090999950432
9.23076923076923 0.9716622535914045
9.264214046822742 0.972395587978975
9.297658862876254 0.9731104507679549
9.331103678929766 0.9738072808813595
9.364548494983277 0.9744865081765812
9.397993311036789 0.9751485535606902
9.431438127090301 0.9757938291084267
9.464882943143813 0.9764227381825714
9.498327759197323 0.9770356755563991
9.531772575250836 0.9776330275379355
9.565217391304348 0.9782151720957553
9.59866220735786 0.9787824789860726
9.63210702341137 0.9793353098808868
9.665551839464882 0.9798740184969645
9.698996655518394 0.9803989507254502
9.732441471571907 0.9809104447619081
9.765886287625417 0.9814088312366146
9.799331103678929 0.9818944333449272
9.832775919732441 0.9823675669775721
9.866220735785953 0.9828285408506962
9.899665551839464 0.9832776566355489
9.933110367892976 0.9837152090876596
9.966555183946488 0.9841414861753909
10.0 0.9845567692077557
