0.0 0.032661454151987665
0.033444816053511704 0.033404510848353
0.06688963210702341 0.03416387524934801
0.1003344481605351 0.03493987783693422
0.13377926421404682 0.03573285453160686
0.16722408026755853 0.03654314672254718
0.2006688963210702 0.037371101294721314
0.23411371237458192 0.03821707065273171
0.26755852842809363 0.0390814127412205
0.3010033444816053 0.0399644910616167
0.33444816053511706 0.040866674685012455
0.36789297658862874 0.041788338260946085
0.4013377926421404 0.042729862021863074
0.43478260869565216 0.04369163178301789
0.46822742474916385 0.04467403893757332
0.5016722408026756 0.04567748044664633
0.5351170568561873 0.046702358824041966
0.568561872909699 0.0477490821154101
0.6020066889632106 0.04881806387155231
0.6354515050167224 0.04990972311559954
0.6688963210702341 0.0510244843037737
0.7023411371237458 0.052162777279440055
0.7357859531772575 0.05332503722015016
0.7692307692307692 0.05451170457736933
0.8026755852842808 0.05572322500857532
0.8361204013377926 0.05696004930141002
0.8695652173913043 0.0582226332895597
0.903010033444816 0.05951143776003385
0.9364548494983277 0.06082692835150842
0.9698996655518394 0.0621695754433938
1.0033444816053512 0.0635398540352843
1.0367892976588629 0.06493824361644267
1.0702341137123745 0.06636522802496904
1.1036789297658862 0.06782129529630257
1.137123745819398 0.0693069375007013
1.1705685618729096 0.07082265056934535
1.2040133779264213 0.07236893410870789
1.237458193979933 0.07394629120283915
1.2709030100334449 0.07555522820321042
1.3043478260869565 0.07719625450576645
1.3377926421404682 0.07886988231483963
1.37123745819398 0.0805766263935824
1.4046822742474916 0.08231700380058113
1.4381270903010033 0.08409153361232093
1.471571906354515 0.08590073663117938
1.5050167224080266 0.08774513507863728
1.5384615384615383 0.08962525227340395
1.57190635451505 0.09154161229416931
1.6053511705685617 0.09349473962670733
1.6387959866220736 0.09548515879507231
1.6722408026755853 0.09751339397664605
1.705685618729097 0.099579968600814
1.7391304347826086 0.10168540493106988
1.7725752508361203 0.10383022363036926
1.806020066889632 0.1060149433095812
1.8394648829431437 0.10824008005891006
1.8729096989966554 0.11050614696219228
1.906354515050167 0.11281365359400178
1.9397993311036787 0.11516310549953264
1.9732441471571907 0.11755500365726236
2.0066889632107023 0.11998984392443768
2.040133779264214 0.12246811646546557
2.0735785953177257 0.12499030516333264
2.1070234113712374 0.12755688701422352
2.140468227424749 0.13016833150555457
2.1739130434782608 0.13282509997768868
2.2073578595317724 0.1355276449696488
2.240802675585284 0.13827640954920287
2.274247491638796 0.14148890627660166
2.3076923076923075 0.14483108778842532
2.341137123745819 0.1482385848775169
2.374581939799331 0.15171202892553506
2.4080267558528425 0.15525202608543406
2.441471571906354 0.15885915560820224
2.474916387959866 0.16253396814181037
2.508361204013378 0.16627698400517424
2.5418060200668897 0.17008869144018565
2.5752508361204014 0.17396954484512425
2.608695652173913 0.1779199629930156
2.6421404682274248 0.1819403272387624
2.6755852842809364 0.18603097971913485
2.709030100334448 0.19019222154995907
2.74247491638796 0.1944243110251017
2.7759197324414715 0.19872746182209147
2.809364548494983 0.20310184121946753
2.842809364548495 0.20754756833117097
2.8762541806020065 0.21206471236352684
2.9096989966555182 0.21665329090056848
2.94314381270903 0.22131326822365843
2.9765886287625416 0.22604455367153578
3.0100334448160533 0.23084700004708608
3.043478260869565 0.23572040207726683
3.0769230769230766 0.24066449493274256
3.1103678929765883 0.2456789528138762
3.1438127090301 0.2507633876097875
3.1772575250836117 0.25591734763722984
3.2107023411371234 0.26114031646603864
3.2441471571906355 0.2664317118378815
3.277591973244147 0.2717908846849753
3.311036789297659 0.2772171182553419
3.3444816053511706 0.2827096273510355
3.3779264214046822 0.28826755768560225
3.411371237458194 0.29388998536682365
3.4448160535117056 0.299575916510535
3.4782608695652173 0.3053242869910246
3.511705685618729 0.3111339623331785
3.5451505016722407 0.3170037377511671
3.5785953177257523 0.3229323383380497
3.612040133779264 0.3289184194102268
3.6454849498327757 0.3349605670101721
3.6789297658862874 0.3410572985703538
3.712374581939799 0.347207063740694
3.7458193979933108 0.35340824538131765
3.7792642140468224 0.359659160721727
3.812709030100334 0.3659580626868822
3.846153846153846 0.3723031413900065
3.8795986622073575 0.37869252579123386
3.913043478260869 0.38512428552052314
3.9464882943143813 0.39159643286253676
3.979933110367893 0.39810692490046656
4.013377926421405 0.40465366581506124
4.046822742474916 0.4112345093343867
4.080267558528428 0.417847261329145
4.113712374581939 0.4244896825476619
4.147157190635451 0.43115949148398963
4.180602006688963 0.4378543673718873
4.214046822742475 0.44457195329683447
4.247491638795986 0.4513098594176068
4.280936454849498 0.4580656662884045
4.31438127090301 0.4648369282719785
4.3478260869565215 0.47162117703374323
4.381270903010034 0.47841592510642567
4.414715719063545 0.4852186695144247
4.448160535117057 0.49202689544674855
4.481605351170568 0.4988380799671207
4.51505016722408 0.50564969574966
4.548494983277592 0.5124592148283894
4.581939799331104 0.5192641123487662
4.615384615384615 0.5260618703094022
4.648829431438127 0.5328499812822077
4.682274247491638 0.5396259520993004
4.7157190635451505 0.5463873074952037
4.749163879598662 0.5531315936930996
4.782608695652174 0.559856381924198
4.816053511705685 0.5665592718696401
4.849498327759197 0.5732378950147681
4.882943143812708 0.5798899179060449
4.916387959866221 0.5865130453014242
4.949832775919732 0.5931050232055115
4.983277591973244 0.5996636417814541
5.016722408026756 0.6061867381321117
5.050167224080267 0.6126721989437178
5.083612040133779 0.6191179629859174
5.117056856187291 0.6255220234627509
5.150501672240803 0.6318824302098861
5.183946488294314 0.6381972917340963
5.217391304347826 0.6444647770917229
5.250836120401337 0.6506831176035741
5.2842809364548495 0.6568506084044429
5.317725752508361 0.6629656098261185
5.351170568561873 0.6690265486134801
5.384615384615384 0.6750319189739252
5.418060200668896 0.680980283461052
5.4515050167224075 0.6868702736941347
5.48494983277592 0.6927005909155475
5.518394648829431 0.6984700063888507
5.551839464882943 0.7041773616408062
5.585284280936454 0.7098215685510776
5.618729096989966 0.7154016092938492
5.652173913043478 0.7209165361360176
5.68561872909699 0.7263654710970028
5.719063545150502 0.7317476054755698
5.752508361204013 0.7370621992493599
5.785953177257525 0.7423085803531011
5.8193979933110365 0.7474861438416873
5.852842809364549 0.7525943509445097
5.88628762541806 0.7576327280175633
5.919732441471572 0.7626008653999735
5.953177257525083 0.7674984161816458
5.986622073578595 0.7723250948887967
6.020066889632107 0.7770806760941121
6.053511705685619 0.7817649929582723
6.08695652173913 0.7863779357095018
6.120401337792642 0.7909194500677463
6.153846153846153 0.7953895356199432
6.187290969899665 0.7997882441527367
6.220735785953177 0.8041156779488234
6.254180602006689 0.8083719880529462
6.2876254180602 0.8125573725133599
6.321070234113712 0.8166720746043828
6.354515050167223 0.8207163810354359
6.3879598662207355 0.8246906201517353
6.421404682274247 0.8285951601315638
6.454849498327759 0.8324304071848053
6.488294314381271 0.836196803757167
6.521739130434782 0.8398948267442651
6.555183946488294 0.8435249857194878
6.588628762541806 0.8470878211792876
6.622073578595318 0.850583902809308
6.655518394648829 0.8540138277744792
6.688963210702341 0.8573782190359764
6.722408026755852 0.8606777236976809
6.7558528428093645 0.8639130113845396
6.789297658862876 0.8670847726549853
6.822742474916388 0.8701937174493475
6.856187290969899 0.8732405735759582
6.889632107023411 0.8762260852364484
6.9230769230769225 0.8791510115915175
6.956521739130435 0.8820161253682651
6.989966555183946 0.8848222115099826
7.023411371237458 0.887570065869127
7.056856187290969 0.8902604939440226
7.090301003344481 0.8928943096596856
7.123745819397993 0.8954723341930045
7.157190635451505 0.8979953948423789
7.190635451505017 0.9004643239417793
7.224080267558528 0.9028799578190735
7.25752508361204 0.9052431357983465
7.290969899665551 0.9075546992458443
7.3244147157190636 0.9098154906590656
7.357859531772575 0.9120263527984487
7.391304347826087 0.9141881278610143
7.424749163879598 0.9163016566952575
7.45819397993311 0.9183677780565155
7.4916387959866215 0.9203873279019842
7.525083612040134 0.9223611387245063
7.558528428093645 0.924290038924205
7.591973244147157 0.9261748522170103
7.625418060200668 0.9280163970790852
7.65886287625418 0.9298154862261343
7.692307692307692 0.9315729261265645
7.725752508361204 0.9332895165474386
7.759197324414715 0.9349660501321639
7.792642140468227 0.9366033120088425
7.826086956521738 0.9383730217564322
7.8595317725752505 0.940166463709072
7.892976588628763 0.9419109445743749
7.926421404682274 0.9436076148331983
7.959866220735786 0.9452576087433063
7.993311036789297 0.9468620438920642
8.02675585284281 0.948422020802682
8.060200668896321 0.9499386225912683
8.093645484949832 0.9514129146720252
8.127090301003344 0.9528459445079781
8.160535117056856 0.9542387414046932
8.193979933110368 0.9555923163445197
8.227424749163879 0.9569076618589563
8.26086956521739 0.9581857519368288
8.294314381270903 0.9594275419660342
8.327759197324415 0.9606339687066927
8.361204013377925 0.9618059502936297
8.394648829431437 0.9629443862661832
8.42809364548495 0.9640501576234238
8.461538461538462 0.9651241269029435
8.494983277591972 0.9661671382814563
8.528428093645484 0.9671800176955323
8.561872909698996 0.968163572980856
8.595317725752508 0.9691185940284882
8.62876254180602 0.9700458529566733
8.66220735785953 0.9709461042968148
8.695652173913043 0.9718200851923094
8.729096989966555 0.9726685156089954
8.762541806020067 0.9734920985560475
8.795986622073578 0.9742915203162038
8.82943143812709 0.9750674506842819
8.862876254180602 0.9758205432129953
8.896321070234114 0.9765514354651452
8.929765886287624 0.9772607492713126
8.963210702341136 0.977949090992235
8.996655518394649 0.9786170517851013
9.03010033444816 0.9792652078730457
9.063545150501671 0.9798941208171723
9.096989966555183 0.9805043377904855
9.130434782608695 0.9810963918531466
9.163879598662207 0.9816708022285104
9.197324414715718 0.9822280745794485
9.23076923076923 0.9827687012844877
9.264214046822742 0.9832931617133397
9.297658862876254 0.9838019225014231
9.331103678929766 0.9842954378230163
9.364548494983277 0.9847741496627077
9.397993311036789 0.9852384880848347
9.431438127090301 0.9856888715006368
9.464882943143813 0.9861257069328673
9.498327759197323 0.9865493902776343
9.531772575250836 0.9869603065632655
9.565217391304348 0.9873588302060079
9.59866220735786 0.9877453252623982
9.63210702341137 0.9881201456781585
9.665551839464882 0.9884836355334804
9.698996655518394 0.9888361292845905
9.732441471571907 0.9891779520014953
9.765886287625417 0.989509419601821
9.799331103678929 0.9898308390806775
9.832775919732441 0.9901425087364875
9.866220735785953 0.9904447183927335
9.899665551839464 0.9907377496155854
9.933110367892976 0.9910218759273819
9.966555183946488 0.991297363015949
10.0 0.9915644689397431
