0 0.0386931329821679
0.204081632653061 0.0440677382135542
0.408163265306122 0.0501499476058191
0.612244897959184 0.0570215466204332
0.816326530612245 0.0647704946503799
1.02040816326531 0.0734904183426746
1.22448979591837 0.0832797512872661
1.42857142857143 0.0942404414446947
1.63265306122449 0.106476147020432
1.83673469387755 0.120089848126563
2.04081632653061 0.135180818444736
2.24489795918367 0.151840931234035
2.44897959183673 0.170150319955988
2.6530612244898 0.19017247677764
2.85714285714286 0.211948951212767
3.06122448979592 0.235493901705824
3.26530612244898 0.26078884627852
3.46938775510204 0.287778041097535
3.6734693877551 0.316364970908105
3.87755102040816 0.346410444234295
4.08163265306122 0.37773273303806
4.28571428571429 0.410110072395367
4.48979591836735 0.443285643835975
4.69387755102041 0.476974924141388
4.89795918367347 0.510875021474107
5.10204081632653 0.544675383734237
5.30612244897959 0.578069091657686
5.51020408163265 0.610763873699102
5.71428571428571 0.642492015796951
5.91836734693878 0.673018479682376
6.12244897959184 0.702146761719034
6.3265306122449 0.72972228091272
6.53061224489796 0.755633337351082
6.73469387755102 0.779809894994584
6.93877551020408 0.802220592278224
7.14285714285714 0.822868462153841
7.3469387755102 0.841785854968861
7.55102040816327 0.85902901694178
7.75510204081633 0.874672702070747
7.95918367346939 0.888805104028537
8.16326530612245 0.901523301808149
8.36734693877551 0.912929329020259
8.57142857142857 0.923126907737417
8.77551020408163 0.932218835781101
8.97959183673469 0.940304980797344
9.18367346938776 0.947480813175496
9.38775510204082 0.953836399910294
9.59183673469388 0.959455779873467
9.79591836734694 0.964416644927051
10 0.968790258640184
