0 0.0177146271843528
0.204081632653061 0.0209161097790292
0.408163265306122 0.0246816434406881
0.612244897959184 0.0291049352488483
0.816326530612245 0.034293069541809
1.02040816326531 0.0403675690369026
1.22448979591837 0.0474651879417868
1.42857142857143 0.0557382602726263
1.63265306122449 0.065354374430094
1.83673469387755 0.0764950901963315
2.04081632653061 0.0893533640820901
2.24489795918367 0.104129315581815
2.44897959183673 0.121023968343823
2.6530612244898 0.140230660098579
2.85714285714286 0.161923960307079
3.06122448979592 0.186246189463732
3.26530612244898 0.213292011118607
3.46938775510204 0.243092053219739
3.6734693877551 0.275597054885909
3.87755102040816 0.31066452417325
4.08163265306122 0.348050184257273
4.28571428571429 0.387406418236968
4.48979591836735 0.428289375078697
4.69387755102041 0.470175354979077
4.89795918367347 0.51248568897268
5.10204081632653 0.554617853360071
5.30612244897959 0.59597938344001
5.51020408163265 0.636020600066127
5.71428571428571 0.674262397862453
5.91836734693878 0.71031629612714
6.12244897959184 0.743895350721264
6.3265306122449 0.77481599953264
6.53061224489796 0.802992131678263
6.73469387755102 0.828423428084944
6.93877551020408 0.851180275252891
7.14285714285714 0.871387390745997
7.3469387755102 0.889207870958161
7.55102040816327 0.904828837307857
7.75510204081633 0.918449340016998
7.95918367346939 0.930270753361129
8.16326530612245 0.940489591544131
8.36734693877551 0.949292486716508
8.57142857142857 0.956852979129693
8.77551020408163 0.963329747141243
8.97959183673469 0.968865926385252
9.18367346938776 0.97358921252943
9.38775510204082 0.977612496158931
9.59183673469388 0.981034832243024
9.79591836734694 0.983942595241577
10 0.986410711938472
