0 0.019884441886871
0.204081632653061 0.0232556661856183
0.408163265306122 0.0271825988777173
0.612244897959184 0.0317510748201092
0.816326530612245 0.03705810862555
1.02040816326531 0.0432125982017769
1.22448979591837 0.0503357762357824
1.42857142857143 0.0585612736788754
1.63265306122449 0.0680346247845745
1.83673469387755 0.078912008681655
2.04081632653061 0.0913579930492883
2.24489795918367 0.105542029255877
2.44897959183673 0.121633456563516
2.6530612244898 0.139794819792559
2.85714285714286 0.160173405669588
3.06122448979592 0.182891071558657
3.26530612244898 0.208032682772817
3.46938775510204 0.235633783119536
3.6734693877551 0.265668467701652
3.87755102040816 0.298038750349406
4.08163265306122 0.332566938665966
4.28571428571429 0.368992554155157
4.48979591836735 0.406975083821171
4.69387755102041 0.446103290910582
4.89795918367347 0.485910991127216
5.10204081632653 0.525898249074963
5.30612244897959 0.565556066101404
5.51020408163265 0.604392025999671
5.71428571428571 0.641954194647256
5.91836734693878 0.6778508788262
6.12244897959184 0.711764556585257
6.3265306122449 0.743459217845692
6.53061224489796 0.772781285482476
6.73469387755102 0.799655040776017
6.93877551020408 0.824073945695906
7.14285714285714 0.846089417965464
7.3469387755102 0.865798522891632
7.55102040816327 0.883331785381027
7.75510204081633 0.898841988461564
7.95918367346939 0.912494486198839
8.16326530612245 0.924459267931009
8.36734693877551 0.934904790090414
8.57142857142857 0.943993444515077
8.77551020408163 0.951878448883178
8.97959183673469 0.958701911102464
9.18367346938776 0.964593819828107
9.38775510204082 0.969671734417998
9.59183673469388 0.974040979274596
9.79591836734694 0.977795182503482
10 0.981017032646137
