0 0.0200271626614989
0.0334448160535117 0.0205586072480801
0.0668896321070234 0.0211038506494028
0.100334448160535 0.0216632348390576
0.133779264214047 0.0222371093905257
0.167224080267559 0.0228258315984932
0.20066889632107 0.0234297665993489
0.234113712374582 0.0240492874906597
0.267558528428094 0.0246847754494067
0.301003344481605 0.0253366198487498
0.334448160535117 0.0260052183730776
0.367892976588629 0.0266909771310827
0.40133779264214 0.0273943107665913
0.434782608695652 0.0281156425668574
0.468227424749164 0.0288554045680196
0.501672240802676 0.0296140376574002
0.535117056856187 0.0303919916723111
0.568561872909699 0.0311897254950131
0.602006688963211 0.0320077071434585
0.635451505016722 0.0328464138574279
0.668896321070234 0.0337063321796544
0.702341137123746 0.0345879580315091
0.735785953177257 0.0354917967828024
0.769230769230769 0.0364183633152354
0.802675585284281 0.0373681820790168
0.836120401337793 0.0383417871421371
0.869565217391304 0.0393397222317752
0.903010033444816 0.0403625407672875
0.936454849498328 0.0414108058842096
0.969899665551839 0.0424850904486795
1.00334448160535 0.0435859770616677
1.03678929765886 0.04471405805238
1.07023411371237 0.0458699354601734
1.10367892976589 0.0470542210043075
1.1371237458194 0.048267536040828
1.17056856187291 0.0495105115058606
1.20401337792642 0.0507837878445697
1.23745819397993 0.0520880149250171
1.27090301003344 0.0534238519361334
1.30434782608696 0.0547919672689982
1.33779264214047 0.0561930383806025
1.37123745819398 0.0576277516392503
1.40468227424749 0.0590968021507395
1.438127090301 0.0606008935644464
1.47157190635451 0.0621407378584212
1.50501672240803 0.0637170551025912
1.53846153846154 0.0653305731991576
1.57190635451505 0.0669820275992581
1.60535117056856 0.0686721609949662
1.63879598662207 0.0704017229856872
1.67224080267559 0.0721714697180128
1.7056856187291 0.0739821634980944
1.73913043478261 0.0758345723755979
1.77257525083612 0.0777294696983121
1.80602006688963 0.0796676336364899
1.83946488294314 0.0816498466760167
1.87290969899666 0.0836768950795198
1.90635451505017 0.0857495683145517
1.93979933110368 0.0878686584480105
1.97324414715719 0.09003495950599
2.0066889632107 0.0922492667982913
2.04013377926421 0.0945123762068676
2.07357859531773 0.096825083437525
2.10702341137124 0.0991881832342549
2.14046822742475 0.101602468555634
2.17391304347826 0.104068729712798
2.20735785953177 0.106587753468561
2.24080267558528 0.109160322097348
2.2742474916388 0.111787212405683
2.30769230769231 0.114469194713074
2.34113712374582 0.117207031793248
2.37458193979933 0.120001477775789
2.40802675585284 0.12285327700836
2.44147157190635 0.125763162879812
2.47491638795987 0.128731856604623
2.50836120401338 0.131760065969242
2.54180602006689 0.134848484041091
2.5752508361204 0.137997787841097
2.60869565217391 0.141208636980837
2.64214046822742 0.144481672265514
2.67558528428094 0.147817514264194
2.70903010033445 0.151216761848903
2.74247491638796 0.154679990704397
2.77591973244147 0.158207751810587
2.80936454849498 0.161800569899851
2.84280936454849 0.165458941891643
2.87625418060201 0.169183335307032
2.90969899665552 0.172974186666028
2.94314381270903 0.176831899870777
2.97658862876254 0.18075684457791
3.01003344481605 0.184749354563568
3.04347826086956 0.188809726084857
3.07692307692308 0.19293821624166
3.11036789297659 0.19713504134302
3.1438127090301 0.201400375282438
3.17725752508361 0.205734347926702
3.21070234113712 0.210137043523012
3.24414715719064 0.214608499129378
3.27759197324415 0.219148703073426
3.31103678929766 0.223757593444917
3.34448160535117 0.228435056627426
3.37792642140468 0.23318092587476
3.41137123745819 0.237994979937804
3.44481605351171 0.242876941747569
3.47826086956522 0.24782647716029
3.51170568561873 0.252843193770477
3.54515050167224 0.257926639797811
3.57859531772575 0.263076303053808
3.61204013377926 0.268291609994113
3.64548494983278 0.273571924862225
3.67892976588629 0.278916548930363
3.7123745819398 0.284324719843066
3.74581939799331 0.289795611068918
3.77926421404682 0.295328331465659
3.81270903010033 0.30092192496365
3.84615384615385 0.306575370372446
3.87959866220736 0.312287581314911
3.91304347826087 0.318057406292978
3.94648829431438 0.323883628888816
3.97993311036789 0.32976496810473
4.0133779264214 0.335700078844744
4.04682274247492 0.341687552540303
4.08026755852843 0.347725917922094
4.11371237458194 0.353813641939439
4.14715719063545 0.359949130828199
4.18060200668896 0.366130731327542
4.21404682274247 0.37235673204539
4.24749163879599 0.378625364971724
4.2809364548495 0.384934807138355
4.31438127090301 0.391283182423128
4.34782608695652 0.397668563495927
4.38127090301003 0.404088973903213
4.41471571906354 0.410542390287203
4.44816053511706 0.417026744735208
4.48160535117057 0.423539927254021
4.51505016722408 0.430079788363665
4.54849498327759 0.436644141804249
4.5819397993311 0.443230767349133
4.61538461538461 0.449837413717059
4.64882943143813 0.456461801575462
4.68227424749164 0.463101626626674
4.71571906354515 0.469754562768339
4.74916387959866 0.476418265318994
4.78260869565217 0.483090374299393
4.81605351170569 0.48976851775993
4.8494983277592 0.496450315144213
4.88294314381271 0.503133380678701
4.91638795986622 0.509815326778161
4.94983277591973 0.516493767456624
4.98327759197324 0.523166321733482
5.01672240802676 0.529830617024415
5.05016722408027 0.536484292506889
5.08361204013378 0.54312500245011
5.11705685618729 0.549750419499521
5.1505016722408 0.556358237906119
5.18394648829431 0.562946176691206
5.21739130434783 0.569511982737476
5.25083612040134 0.576053433797723
5.28428093645485 0.582568341412902
5.31772575250836 0.589054553731665
5.35117056856187 0.595509958224047
5.38461538461538 0.601932484282453
5.4180602006689 0.608320105703649
5.45150501672241 0.614670843046046
5.48494983277592 0.620982765857126
5.51839464882943 0.627253994766485
5.55183946488294 0.633482703440572
5.58528428093645 0.639667120395809
5.61872909698997 0.645805530667424
5.65217391304348 0.651896277331928
5.68561872909699 0.657937762881801
5.7190635451505 0.663928450451539
5.75250836120401 0.669866864894819
5.78595317725753 0.675751593713129
5.81939799331104 0.681581287836737
5.85284280936455 0.687354662259452
5.88628762541806 0.693070496529108
5.91973244147157 0.698727635096217
5.95317725752508 0.70432498752368
5.9866220735786 0.709861528560879
6.02006688963211 0.715336298085877
6.05351170568562 0.720748400919805
6.08695652173913 0.726097006517866
6.12040133779264 0.731381348541673
6.15384615384615 0.736600724317887
6.18729096989967 0.741754494188395
6.22073578595318 0.746842080757416
6.25418060200669 0.751862968041112
6.2876254180602 0.756816700525406
6.32107023411371 0.761702882137813
6.35451505016722 0.766521175139132
6.38795986622074 0.771271298940921
6.42140468227425 0.775953028854659
6.45484949832776 0.78056619477849
6.48829431438127 0.785110679827395
6.52173913043478 0.789586418912588
6.55518394648829 0.793993397275815
6.58862876254181 0.798331648984155
6.62207357859532 0.802601255390771
6.65551839464883 0.806802343566918
6.68896321070234 0.810935084710381
6.72240802675585 0.814999692535291
6.75585284280936 0.818996421648143
6.78929765886288 0.822925565914592
6.82274247491639 0.826787456821432
6.8561872909699 0.830582461837956
6.88963210702341 0.834310982780642
6.92307692307692 0.837973454184947
6.95652173913043 0.841570341687723
6.98996655518395 0.845102140423573
7.02341137123746 0.84856937343823
7.05685618729097 0.851972590121842
7.09030100334448 0.855312364664788
7.12374581939799 0.858589294538479
7.1571906354515 0.861803999003361
7.19063545150502 0.864957117646132
7.22408026755853 0.868049308947988
7.25752508361204 0.87108124888552
7.29096989966555 0.874053629565686
7.32441471571906 0.876967157896116
7.35785953177257 0.879822554291802
7.39130434782609 0.882620551419101
7.4247491638796 0.885361892977781
7.45819397993311 0.888047332521707
7.49163879598662 0.890677632318614
7.52508361204013 0.893253562249284
7.55852842809364 0.895775898746312
7.59197324414716 0.898245423772523
7.62541806020067 0.900662923838992
7.65886287625418 0.903029189062531
7.69230769230769 0.905345012262374
7.7257525083612 0.907611188095739
7.75919732441471 0.909828512231855
7.79264214046823 0.911997780563941
7.82608695652174 0.914119788458598
7.85953177257525 0.916195330041987
7.89297658862876 0.91822519752211
7.92642140468227 0.920210180546485
7.95986622073579 0.922151065594433
7.9933110367893 0.924048635403185
8.02675585284281 0.925903668426962
8.06020066889632 0.927716938328177
8.09364548494983 0.929489213499853
8.12709030100334 0.931221256618382
8.16053511705686 0.932913824225669
8.19397993311037 0.93456766633977
8.22742474916388 0.93618352609306
8.26086956521739 0.937762139397001
8.2943143812709 0.939304234632575
8.32775919732441 0.940810532365437
8.36120401337793 0.942281745084863
8.39464882943144 0.943718576965556
8.42809364548495 0.945121723651405
8.46153846153846 0.946491872060292
8.49498327759197 0.947829700209039
8.52842809364548 0.949135877057645
8.561872909699 0.950411062371927
8.59531772575251 0.95165590660373
8.62876254180602 0.952871050787888
8.66220735785953 0.954057126455113
8.69565217391304 0.955214755560034
8.72909698996656 0.956344550423623
8.76254180602007 0.957447113689254
8.79598662207358 0.958523038291668
8.82943143812709 0.959572907438157
8.8628762541806 0.960597294601269
8.89632107023411 0.96159676352238
8.92976588628762 0.962571868225505
8.96321070234114 0.963523153040715
8.99665551839465 0.964451152636588
9.03010033444816 0.965356392061105
9.06354515050167 0.966239386790449
9.09698996655518 0.967100642785182
9.1304347826087 0.967940656553282
9.16387959866221 0.968759915219567
9.19732441471572 0.969558896601022
9.23076923076923 0.9703380692876
9.26421404682274 0.971097892728058
9.29765886287625 0.971838817320425
9.33110367892977 0.972561284506708
9.36454849498328 0.973265726871469
9.39799331103679 0.97395256824392
9.4314381270903 0.974622223803187
9.46488294314381 0.975275100186439
9.49832775919732 0.975911595599572
9.53177257525084 0.976532099930144
9.56521739130435 0.977136994862318
9.59866220735786 0.977726653993523
9.63210702341137 0.978301442952605
9.66555183946488 0.978861719519234
9.69899665551839 0.979407833744341
9.73244147157191 0.979940128071391
9.76588628762542 0.980458937458283
9.79933110367893 0.98096458949971
9.83277591973244 0.98145740454979
9.86622073578595 0.981937695844827
9.89966555183946 0.982405769626031
9.93311036789298 0.982861925262075
9.96655518394649 0.983306455371339
10 0.983739645943731
