0 0.0193442084395811
0.204081632653061 0.0227374112332505
0.408163265306122 0.0267096105353411
0.612244897959184 0.0313534848262132
0.816326530612245 0.0367742610115292
1.02040816326531 0.0430905555601193
1.22448979591837 0.0504349231642234
1.42857142857143 0.0589539467427468
1.63265306122449 0.0688076586199737
1.83673469387755 0.0801680385275437
2.04081632653061 0.0932162967680298
2.24489795918367 0.108138631487729
2.44897959183673 0.125120163023117
2.6530612244898 0.144336815112305
2.85714285714286 0.165945053359185
3.06122448979592 0.190069623178749
3.26530612244898 0.216789758344437
3.46938775510204 0.246124740694103
3.6734693877551 0.27802013226539
3.87755102040816 0.31233638598011
4.08163265306122 0.348841751894635
4.28571428571429 0.387211308465063
4.48979591836735 0.427033473003896
4.69387755102041 0.467824476865748
4.89795918367347 0.509050140880952
5.10204081632653 0.550153081268482
5.30612244897959 0.590582502837034
5.51020408163265 0.629823252069238
5.71428571428571 0.667420942477293
5.91836734693878 0.703000689079972
6.12244897959184 0.736278099746077
6.3265306122449 0.767062385736466
6.53061224489796 0.795252502136107
6.73469387755102 0.820827931368481
6.93877551020408 0.843836021507766
7.14285714285714 0.864377733572582
7.3469387755102 0.882593349047955
7.55102040816327 0.898649266468558
7.75510204081633 0.912726580418073
7.95918367346939 0.925011758268345
8.16326530612245 0.935689443204843
8.36734693877551 0.944937221894306
8.57142857142857 0.952922089420806
8.77551020408163 0.95979830302374
8.97959183673469 0.965706318994686
9.18367346938776 0.970772535982265
9.38775510204082 0.975109609386516
9.59183673469388 0.978817146288842
9.79591836734694 0.98198263286216
10 0.984682483522944
