0 0.0204596651253342
0.0334448160535117 0.0210121708362092
0.0668896321070234 0.0215792680678266
0.100334448160535 0.0221613242124248
0.133779264214047 0.0227587149313651
0.167224080267559 0.02337182428693
0.20066889632107 0.0240010448730154
0.234113712374582 0.0246467779444716
0.267558528428094 0.0253094335448337
0.301003344481605 0.0259894306321647
0.334448160535117 0.0266871972027215
0.367892976588629 0.0274031704121343
0.40133779264214 0.028137796693775
0.434782608695652 0.0288915318739708
0.468227424749164 0.0296648412837011
0.501672240802676 0.0304581998663982
0.535117056856187 0.0312720922814494
0.568561872909699 0.0321070130029818
0.602006688963211 0.032963466413487
0.635451505016722 0.033841966891823
0.668896321070234 0.0347430388951099
0.702341137123746 0.0356672170340095
0.735785953177257 0.0366150461408619
0.769230769230769 0.0375870813301222
0.802675585284281 0.0385838880505231
0.836120401337793 0.0396060421283592
0.869565217391304 0.0406541298012677
0.903010033444816 0.0417287477418554
0.936454849498328 0.0428305030704945
0.969899665551839 0.0439600133565854
1.00334448160535 0.0451179066075621
1.03678929765886 0.0463048212448849
1.07023411371237 0.0475214060662455
1.10367892976589 0.0487683201931798
1.1371237458194 0.0500462330032628
1.17056856187291 0.0513558240460315
1.20401337792642 0.0526977829417627
1.23745819397993 0.0540728092622027
1.27090301003344 0.055481612392331
1.30434782608696 0.0569249113722117
1.33779264214047 0.0584034347179704
1.37123745819398 0.0599179202209131
1.40468227424749 0.0614691147237865
1.438127090301 0.0630577738731634
1.47157190635451 0.0646846618469221
1.50501672240803 0.0663505510557777
1.53846153846154 0.0680562218178127
1.57190635451505 0.0698024620049477
1.60535117056856 0.0715900666602902
1.63879598662207 0.0734198375852957
1.67224080267559 0.0752925828956804
1.7056856187291 0.0772091165450307
1.73913043478261 0.0791702578150635
1.77257525083612 0.0811768307715077
1.80602006688963 0.0832296636845958
1.83946488294314 0.0853295884131789
1.87290969899666 0.0874774397515077
1.90635451505017 0.0896740547377588
1.93979933110368 0.0919202719234262
1.97324414715719 0.094216930602744
2.0066889632107 0.0965648700013641
2.04013377926421 0.0989649284235717
2.07357859531773 0.101417942357391
2.10702341137124 0.103924745537007
2.14046822742475 0.106486167962028
2.17391304347826 0.109103034873173
2.20735785953177 0.111776165684117
2.24080267558528 0.11450637286929
2.2742474916388 0.117294460807584
2.30769230769231 0.120141224582013
2.34113712374582 0.123047448735548
2.37458193979933 0.12601390598346
2.40802675585284 0.129041355882683
2.44147157190635 0.132130543458872
2.47491638795987 0.135282197791989
2.50836120401338 0.138497030561459
2.54180602006689 0.141775734552115
2.5752508361204 0.145118982122357
2.60869565217391 0.148527423636165
2.64214046822742 0.15200168586081
2.67558528428094 0.155542370332364
2.70903010033445 0.159150051691302
2.74247491638796 0.162825275990762
2.77591973244147 0.166568558980257
2.80936454849498 0.170380384367885
2.84280936454849 0.174261202064338
2.87625418060201 0.178211426412263
2.90969899665552 0.182231434404788
2.94314381270903 0.186321563897264
2.97658862876254 0.190482111816573
3.01003344481605 0.194713332372531
3.04347826086956 0.199015435276241
3.07692307692308 0.203388583970422
3.11036789297659 0.207832893877013
3.1438127090301 0.212348430667563
3.17725752508361 0.2169352085621
3.21070234113712 0.221593188662414
3.24414715719064 0.226322277325814
3.27759197324415 0.231122324585626
3.31103678929766 0.235993122624788
3.34448160535117 0.240934404309071
3.37792642140468 0.24594584178648
3.41137123745819 0.251027045159519
3.44481605351171 0.256177561236981
3.47826086956522 0.261396872371972
3.51170568561873 0.266684395392821
3.54515050167224 0.272039480633484
3.57859531772575 0.277461411069938
3.61204013377926 0.28294940156893
3.64548494983278 0.28850259825529
3.67892976588629 0.29412007800376
3.7123745819398 0.299800848061102
3.74581939799331 0.305543845803897
3.77926421404682 0.311347938637143
3.81270903010033 0.3172119240384
3.84615384615385 0.323134529751788
3.87959866220736 0.329114414135711
3.91304347826087 0.335150166667703
3.94648829431438 0.341240308609242
3.97993311036789 0.347383293832856
4.0133779264214 0.353577509813222
4.04682274247492 0.359821278783378
4.08026755852843 0.366112859056494
4.11371237458194 0.372450446513005
4.14715719063545 0.378832176252223
4.18060200668896 0.385256124406837
4.21404682274247 0.391720310118012
4.24749163879599 0.39822269766808
4.2809364548495 0.404761198767091
4.31438127090301 0.411333674988795
4.34782608695652 0.41793794035091
4.38127090301003 0.424571764033826
4.41471571906354 0.43123287323125
4.44816053511706 0.437918956125612
4.48160535117057 0.444627664980449
4.51505016722408 0.451356619341369
4.54849498327759 0.458103409336673
4.5819397993311 0.464865599068162
4.61538461538461 0.471640730082193
4.64882943143813 0.478426324910663
4.68227424749164 0.485219890671154
4.71571906354515 0.492018922715254
4.74916387959866 0.498820908313707
4.78260869565217 0.505623330366948
4.81605351170569 0.512423671129355
4.8494983277592 0.519219415935542
4.88294314381271 0.526008056916966
4.91638795986622 0.532787096697194
4.94983277591973 0.539554052054272
4.98327759197324 0.546306457538841
5.01672240802676 0.55304186903686
5.05016722408027 0.559757867266092
5.08361204013378 0.566452061195882
5.11705685618729 0.573122091380133
5.1505016722408 0.57976563319386
5.18394648829431 0.586380399964192
5.21739130434783 0.592964145987243
5.25083612040134 0.599514669422849
5.28428093645485 0.606029815059781
5.31772575250836 0.612507476944703
5.35117056856187 0.618945600868781
5.38461538461538 0.625342186706584
5.4180602006689 0.631695290602563
5.45150501672241 0.638003027001162
5.48494983277592 0.64426357051728
5.51839464882943 0.650475157644573
5.55183946488294 0.656636088299732
5.58528428093645 0.662744727201643
5.61872909698997 0.668799505084965
5.65217391304348 0.67479891974838
5.68561872909699 0.680741536938381
5.7190635451505 0.686625991070113
5.75250836120401 0.692450985787379
5.78595317725753 0.69821529436447
5.81939799331104 0.703917759953046
5.85284280936455 0.709557295677754
5.88628762541806 0.715132884584765
5.91973244147157 0.720643579447828
5.95317725752508 0.726088502436812
5.9866220735786 0.731466844654063
6.02006688963211 0.736777865544216
6.05351170568562 0.742020892183354
6.08695652173913 0.747195318453638
6.12040133779264 0.752300604109721
6.15384615384615 0.757336273743409
6.18729096989967 0.762301915653127
6.22073578595318 0.76719718062485
6.25418060200669 0.772021780631176
6.2876254180602 0.77677548745523
6.32107023411371 0.78145813124608
6.35451505016722 0.786069599012254
6.38795986622074 0.790609833059922
6.42140468227425 0.795078829382138
6.45484949832776 0.799476636005455
6.48829431438127 0.803803351300052
6.52173913043478 0.808059122259331
6.55518394648829 0.812244142754788
6.58862876254181 0.816358651771727
6.62207357859532 0.820402931631167
6.65551839464883 0.824377306203112
6.68896321070234 0.828282139116044
6.72240802675585 0.83211783196732
6.75585284280936 0.835884822538882
6.78929765886288 0.839583583022407
6.82274247491639 0.843214618257828
6.8561872909699 0.846778463988847
6.88963210702341 0.850275685138835
6.92307692307692 0.853706874110253
6.95652173913043 0.857072649110478
6.98996655518395 0.860373652506662
7.02341137123746 0.863610549212043
7.05685618729097 0.866784025105838
7.09030100334448 0.869894785488681
7.12374581939799 0.872943553575294
7.1571906354515 0.875931069025902
7.19063545150502 0.878858086517679
7.22408026755853 0.881725374357322
7.25752508361204 0.884533713135667
7.29096989966555 0.887283894425063
7.32441471571906 0.889976719520089
7.35785953177257 0.892612998221987
7.39130434782609 0.895193547667085
7.4247491638796 0.897719191199318
7.45819397993311 0.900190757286811
7.49163879598662 0.902609078482404
7.52508361204013 0.904974990427843
7.55852842809364 0.907289330901293
7.59197324414716 0.909552938907707
7.62541806020067 0.911766653811515
7.65886287625418 0.913931314511005
7.69230769230769 0.916047758653705
7.7257525083612 0.918116821892014
7.75919732441471 0.920139337178258
7.79264214046823 0.922116134098309
7.82608695652174 0.924048038242868
7.85953177257525 0.92593587061546
7.89297658862876 0.927780447076151
7.92642140468227 0.929582577820016
7.95986622073579 0.931343066889301
7.9933110367893 0.933062711718257
8.02675585284281 0.934742302709588
8.06020066889632 0.936382622841458
8.09364548494983 0.937984447303984
8.12709030100334 0.939548543164163
8.16053511705686 0.941075669058158
8.19397993311037 0.942566574909907
8.22742474916388 0.944022001674986
8.26086956521739 0.945442681108712
8.2943143812709 0.946829335557454
8.32775919732441 0.948182677772139
8.36120401337793 0.949503410742983
8.39464882943144 0.950792227554457
8.42809364548495 0.952049811259547
8.46153846153846 0.953276834772381
8.49498327759197 0.954473960778306
8.52842809364548 0.955641841660543
8.561872909699 0.956781119442544
8.59531772575251 0.957892425745238
8.62876254180602 0.958976381758331
8.66220735785953 0.960033598224883
8.69565217391304 0.961064675438412
8.72909698996656 0.962070203251766
8.76254180602007 0.963050761097078
8.79598662207358 0.964006918016099
8.82943143812709 0.964939232700262
8.8628762541806 0.965848253539835
8.89632107023411 0.966734518681556
8.92976588628762 0.967598556094164
8.96321070234114 0.968440883641265
8.99665551839465 0.969262009160992
9.03010033444816 0.970062430551946
9.06354515050167 0.970842635864925
9.09698996655518 0.971603103399972
9.1304347826087 0.972344301808288
9.16387959866221 0.973066690198594
9.19732441471572 0.973770718247515
9.23076923076923 0.97445682631362
9.26421404682274 0.975125445554738
9.29765886287625 0.975776998048196
9.33110367892977 0.976411896913664
9.36454849498328 0.977030546438274
9.39799331103679 0.977633342203727
9.4314381270903 0.978220671215111
9.46488294314381 0.978792912031148
9.49832775919732 0.979350434895637
9.53177257525084 0.979893601869854
9.56521739130435 0.980422766965672
9.59866220735786 0.980938276279219
9.63210702341137 0.981440468124856
9.66555183946488 0.981929673169301
9.69899665551839 0.982406214565728
9.73244147157191 0.982870408087685
9.76588628762542 0.983322562262663
9.79933110367893 0.983762978505205
9.83277591973244 0.984191951249401
9.86622073578595 0.984609768080665
9.89966555183946 0.985016709866673
9.93311036789298 0.985413050887365
9.96655518394649 0.985799058963913
10 0.986174995586577
