0 0.0915835765253099
0.005005005005005 0.0919556785825143
0.01001001001001 0.0923291388223629
0.015015015015015 0.0927039609523783
0.02002002002002 0.0930801486799295
0.025025025025025 0.0934577057121319
0.03003003003003 0.093836635755746
0.035035035035035 0.0942169425170756
0.04004004004004 0.0945986297018654
0.045045045045045 0.0949817010151973
0.05005005005005 0.0953661601613864
0.0550550550550551 0.0957520108438754
0.0600600600600601 0.0961392567651292
0.0650650650650651 0.0965279016265281
0.0700700700700701 0.0969179491282597
0.0750750750750751 0.0973094029692109
0.0800800800800801 0.097702266846859
0.0850850850850851 0.0980965444571607
0.0900900900900901 0.098492239494442
0.0950950950950951 0.0988893556512859
0.1001001001001 0.0992878966184202
0.105105105105105 0.0996878660846041
0.11011011011011 0.100089267736513
0.115115115115115 0.100492105258625
0.12012012012012 0.100896382333104
0.125125125125125 0.101302102639682
0.13013013013013 0.101709269855543
0.135135135135135 0.102117887655204
0.14014014014014 0.102527959710395
0.145145145145145 0.10293948968994
0.15015015015015 0.103352481259635
0.155155155155155 0.103766938082125
0.16016016016016 0.104182863816784
0.165165165165165 0.10460026211959
0.17017017017017 0.105019136643
0.175175175175175 0.105439491035824
0.18018018018018 0.105861328943103
0.185185185185185 0.106284654005975
0.19019019019019 0.106709469861554
0.195195195195195 0.107135780142796
0.2002002002002 0.107563588478373
0.205205205205205 0.107992898492541
0.21021021021021 0.108423713805007
0.215215215215215 0.108856038030801
0.22022022022022 0.109289874780139
0.225225225225225 0.109725227658291
0.23023023023023 0.110162100265444
0.235235235235235 0.110600496196571
0.24024024024024 0.11104041904129
0.245245245245245 0.111481872383728
0.25025025025025 0.111924859802382
0.255255255255255 0.112369384869984
0.26026026026026 0.112815451153355
0.265265265265265 0.113263062213268
0.27027027027027 0.113712221604306
0.275275275275275 0.114162932874718
0.28028028028028 0.114615199566277
0.285285285285285 0.115069025214135
0.29029029029029 0.115524413346678
0.295295295295295 0.115981367485381
0.3003003003003 0.11643989114466
0.305305305305305 0.116899987831724
0.31031031031031 0.117361661046428
0.315315315315315 0.117824914281123
0.32032032032032 0.118289751020504
0.325325325325325 0.118756174741464
0.33033033033033 0.119224188912934
0.335335335335335 0.119693796995739
0.34034034034034 0.120165002442438
0.345345345345345 0.120637808697173
0.35035035035035 0.121112219195511
0.355355355355355 0.12158823736429
0.36036036036036 0.122065866621463
0.365365365365365 0.122545110375936
0.37037037037037 0.123025972027415
0.375375375375375 0.12350845496624
0.38038038038038 0.123992562573232
0.385385385385385 0.124478298219525
0.39039039039039 0.124965665266409
0.395395395395395 0.125454667065165
0.4004004004004 0.125945306956902
0.405405405405405 0.126437588272391
0.41041041041041 0.126931514331903
0.415415415415415 0.127427088445041
0.42042042042042 0.127924313910572
0.425425425425425 0.128423194016262
0.43043043043043 0.128923732038707
0.435435435435435 0.129425931243161
0.44044044044044 0.129929794883369
0.445445445445445 0.130435326201397
0.45045045045045 0.130942528427454
0.455455455455455 0.13145140477973
0.46046046046046 0.131961958464213
0.465465465465465 0.132474192674521
0.47047047047047 0.132988110591724
0.475475475475475 0.133503715384171
0.48048048048048 0.134021010207314
0.485485485485485 0.134539998203526
0.49049049049049 0.135060682501931
0.495495495495495 0.135583066218219
0.500500500500501 0.136107152454469
0.505505505505506 0.136632944298971
0.510510510510511 0.137160444826043
0.515515515515516 0.137689657095848
0.520520520520521 0.138220584154217
0.525525525525526 0.13875322903246
0.530530530530531 0.139287594747188
0.535535535535536 0.139823684300123
0.540540540540541 0.14036150067792
0.545545545545546 0.140901046851973
0.550550550550551 0.141442325778235
0.555555555555556 0.14198534039703
0.560560560560561 0.142530093632862
0.565565565565566 0.143076588394228
0.570570570570571 0.143624827573431
0.575575575575576 0.144174814046389
0.580580580580581 0.144726550672441
0.585585585585586 0.145280040294164
0.590590590590591 0.145835285737171
0.595595595595596 0.146392289809928
0.600600600600601 0.146951055303556
0.605605605605606 0.147511584991636
0.610610610610611 0.148073881630021
0.615615615615616 0.148637947956635
0.620620620620621 0.14920378669128
0.625625625625626 0.14977140053544
0.630630630630631 0.150340792172085
0.635635635635636 0.150911964265472
0.640640640640641 0.151484919460949
0.645645645645646 0.152059660384756
0.650650650650651 0.152636189643827
0.655655655655656 0.153214509825588
0.660660660660661 0.15379462349776
0.665665665665666 0.154376533208158
0.670670670670671 0.154960241484488
0.675675675675676 0.155545750834148
0.680680680680681 0.156133063744024
0.685685685685686 0.156722182680291
0.690690690690691 0.157313110088204
0.695695695695696 0.157905848391901
0.700700700700701 0.158500399994196
0.705705705705706 0.159096767276372
0.710710710710711 0.159694952597984
0.715715715715716 0.160294958296645
0.720720720720721 0.160896786687827
0.725725725725726 0.161500440064649
0.730730730730731 0.162105920697679
0.735735735735736 0.162713230834718
0.740740740740741 0.163322372700597
0.745745745745746 0.163933348496972
0.750750750750751 0.164546160402111
0.755755755755756 0.165160810570689
0.760760760760761 0.165777301133578
0.765765765765766 0.166395634197639
0.770770770770771 0.167015811845513
0.775775775775776 0.16763783613541
0.780780780780781 0.168261709100898
0.785785785785786 0.168887432750698
0.790790790790791 0.169515009068468
0.795795795795796 0.170144440012596
0.800800800800801 0.170775727515988
0.805805805805806 0.171408873485856
0.810810810810811 0.172043879803507
0.815815815815816 0.172680748324132
0.820820820820821 0.173319480876595
0.825825825825826 0.17396007926322
0.830830830830831 0.174602545259578
0.835835835835836 0.175246880614277
0.840840840840841 0.175893087048749
0.845845845845846 0.176541166257035
0.850850850850851 0.177191119905576
0.855855855855856 0.177842949632999
0.860860860860861 0.178496657049903
0.865865865865866 0.179152243738646
0.870870870870871 0.179809711253136
0.875875875875876 0.180469061118613
0.880880880880881 0.181130294831439
0.885885885885886 0.181793413858883
0.890890890890891 0.182458419638912
0.895895895895896 0.183125313579972
0.900900900900901 0.18379409706078
0.905905905905906 0.184464771430108
0.910910910910911 0.185137338006574
0.915915915915916 0.185811798078423
0.920920920920921 0.186488152903322
0.925925925925926 0.187166403708139
0.930930930930931 0.187846551688739
0.935935935935936 0.188528598009766
0.940940940940941 0.189212543804432
0.945945945945946 0.189898390174305
0.950950950950951 0.1905861381891
0.955955955955956 0.191275788886463
0.960960960960961 0.191967343271761
0.965965965965966 0.192660802317875
0.970970970970971 0.193356166964982
0.975975975975976 0.19405343812035
0.980980980980981 0.194752616658124
0.985985985985986 0.195453703419119
0.990990990990991 0.196156699210608
0.995995995995996 0.196861604806114
1.001001001001 0.197568420945201
1.00600600600601 0.198277148333263
1.01101101101101 0.19898778764132
1.01601601601602 0.199700339505804
1.02102102102102 0.200414804528358
1.02602602602603 0.201131183275626
1.03103103103103 0.201849476279045
1.03603603603604 0.202569684034644
1.04104104104104 0.20329180700283
1.04604604604605 0.204015845608192
1.05105105105105 0.204741800239291
1.05605605605606 0.205469671248458
1.06106106106106 0.206199458951589
1.06606606606607 0.206931163627944
1.07107107107107 0.207664785519944
1.07607607607608 0.20840032483297
1.08108108108108 0.209137781735162
1.08608608608609 0.209877156357216
1.09109109109109 0.21061844879219
1.0960960960961 0.211361659095299
1.1011011011011 0.212106787283723
1.10610610610611 0.212853833336403
1.11111111111111 0.213602797193849
1.11611611611612 0.214353678757945
1.12112112112112 0.215106477891749
1.12612612612613 0.215861194419303
1.13113113113113 0.216617828125439
1.13613613613614 0.217376378755583
1.14114114114114 0.218136846015569
1.14614614614615 0.218899229571445
1.15115115115115 0.219663529049282
1.15615615615616 0.220429744034987
1.16116116116116 0.221197874074116
1.16616616616617 0.221967918671685
1.17117117117117 0.222739877291986
1.17617617617618 0.223513749358398
1.18118118118118 0.22428953425321
1.18618618618619 0.225067231317432
1.19119119119119 0.225846839850617
1.1961961961962 0.226628359110678
1.2012012012012 0.22741178831371
1.20620620620621 0.228197126633812
1.21121121121121 0.228984373202909
1.21621621621622 0.229773527110574
1.22122122122122 0.23056458740386
1.22622622622623 0.231357553087118
1.23123123123123 0.232152423121831
1.23623623623624 0.232949196426439
1.24124124124124 0.233747871876174
1.24624624624625 0.234548448302885
1.25125125125125 0.235350924494878
1.25625625625626 0.236155299196745
1.26126126126126 0.236961571109203
1.26626626626627 0.23776973888893
1.27127127127127 0.238579801148402
1.27627627627628 0.239391756455737
1.28128128128128 0.240205603334532
1.28628628628629 0.241021340263708
1.29129129129129 0.241838965677355
1.2962962962963 0.242658477964578
1.3013013013013 0.243479875469344
1.30630630630631 0.244303156490328
1.31131131131131 0.245128319280772
1.31631631631632 0.245955362048328
1.32132132132132 0.246784282954919
1.32632632632633 0.247615080116589
1.33133133133133 0.248447751603365
1.33633633633634 0.249282295439114
1.34134134134134 0.250118709601404
1.34634634634635 0.250956992021367
1.35135135135135 0.25179714058356
1.35635635635636 0.252639153125837
1.36136136136136 0.253483027439212
1.36636636636637 0.254328761267731
1.37137137137137 0.255176352308342
1.37637637637638 0.256025798210771
1.38138138138138 0.256877096577394
1.38638638638639 0.257730244963118
1.39139139139139 0.258585240875254
1.3963963963964 0.259442081773407
1.4014014014014 0.260300765069352
1.40640640640641 0.261161288126922
1.41141141141141 0.262023648261893
1.41641641641642 0.262887842741878
1.42142142142142 0.263753868786212
1.42642642642643 0.26462172356585
1.43143143143143 0.26549140420326
1.43643643643644 0.266362907772322
1.44144144144144 0.267236231298228
1.44644644644645 0.268111371757379
1.45145145145145 0.268988326077298
1.45645645645646 0.269867091136528
1.46146146146146 0.270747663764545
1.46646646646647 0.271630040741666
1.47147147147147 0.272514218798965
1.47647647647648 0.273400194618186
1.48148148148148 0.274287964831662
1.48648648648649 0.275177526022233
1.49149149149149 0.27606887472317
1.4964964964965 0.276962007418098
1.5015015015015 0.277856920540927
1.50650650650651 0.278753610475774
1.51151151151151 0.279652073556904
1.51651651651652 0.280552306068655
1.52152152152152 0.281454304245382
1.52652652652653 0.282358064271393
1.53153153153153 0.283263582280891
1.53653653653654 0.284170854357917
1.54154154154154 0.285079876536299
1.54654654654655 0.285990644799599
1.55155155155155 0.28690315508107
1.55655655655656 0.2878174032636
1.56156156156156 0.288733385179682
1.56656656656657 0.289651096611363
1.57157157157157 0.290570533290211
1.57657657657658 0.29149169089728
1.58158158158158 0.292414565063079
1.58658658658659 0.293339151367535
1.59159159159159 0.294265445339977
1.5965965965966 0.295193442459102
1.6016016016016 0.296123138152958
1.60660660660661 0.297054527798926
1.61161161161161 0.297987606723702
1.61661661661662 0.298922370203283
1.62162162162162 0.299858813462959
1.62662662662663 0.300796931677303
1.63163163163163 0.30173671997017
1.63663663663664 0.302678173414688
1.64164164164164 0.303621287033268
1.64664664664665 0.304566055797599
1.65165165165165 0.30551247462866
1.65665665665666 0.306460538396729
1.66166166166166 0.307410241921394
1.66666666666667 0.308361579971568
1.67167167167167 0.309314547265509
1.67667667667668 0.31026913847084
1.68168168168168 0.311225348204575
1.68668668668669 0.312183171033143
1.69169169169169 0.313142601472421
1.6966966966967 0.314103633987766
1.7017017017017 0.315066262994052
1.70670670670671 0.316030482855708
1.71171171171171 0.31699628788676
1.71671671671672 0.317963672350879
1.72172172172172 0.318932630461427
1.72672672672673 0.319903156381508
1.73173173173173 0.320875244224023
1.73673673673674 0.321848888051731
1.74174174174174 0.322824081877303
1.74674674674675 0.32380081966339
1.75175175175175 0.324779095322693
1.75675675675676 0.325758902718023
1.76176176176176 0.326740235662386
1.76676676676677 0.327723087919051
1.77177177177177 0.328707453201632
1.77677677677678 0.329693325174171
1.78178178178178 0.330680697451223
1.78678678678679 0.331669563597947
1.79179179179179 0.332659917130194
1.7967967967968 0.333651751514606
1.8018018018018 0.334645060168711
1.80680680680681 0.335639836461029
1.81181181181181 0.336636073711173
1.81681681681682 0.337633765189957
1.82182182182182 0.338632904119513
1.82682682682683 0.339633483673395
1.83183183183183 0.340635496976708
1.83683683683684 0.341638937106219
1.84184184184184 0.342643797090489
1.84684684684685 0.343650069909994
1.85185185185185 0.34465774849726
1.85685685685686 0.345666825736996
1.86186186186186 0.346677294466226
1.86686686686687 0.347689147474438
1.87187187187187 0.348702377503719
1.87687687687688 0.349716977248907
1.88188188188188 0.350732939357739
1.88688688688689 0.351750256431003
1.89189189189189 0.352768921022698
1.8968968968969 0.353788925640189
1.9019019019019 0.354810262744373
1.90690690690691 0.355832924749844
1.91191191191191 0.356856904025062
1.91691691691692 0.357882192892527
1.92192192192192 0.358908783628953
1.92692692692693 0.359936668465446
1.93193193193193 0.360965839587691
1.93693693693694 0.36199628913613
1.94194194194194 0.363028009206159
1.94694694694695 0.364060991848312
1.95195195195195 0.365095229068462
1.95695695695696 0.366130712828015
1.96196196196196 0.367167435044114
1.96696696696697 0.368205387589843
1.97197197197197 0.369244562294433
1.97697697697698 0.370284950943475
1.98198198198198 0.371326545279135
1.98698698698699 0.372369337000368
1.99199199199199 0.37341331776314
1.996996996997 0.374458479180654
2.002002002002 0.375504812823572
2.00700700700701 0.376552310220248
2.01201201201201 0.37760096285696
2.01701701701702 0.378650762178148
2.02202202202202 0.379701699586649
2.02702702702703 0.380753766443943
2.03203203203203 0.381806954070397
2.03703703703704 0.382861253745512
2.04204204204204 0.383916656708178
2.04704704704705 0.384973154156925
2.05205205205205 0.386030737250182
2.05705705705706 0.387089397106537
2.06206206206206 0.388149124805002
2.06706706706707 0.389209911385278
2.07207207207207 0.390271747848026
2.07707707707708 0.391334625155135
2.08208208208208 0.392398534230006
2.08708708708709 0.393463465957821
2.09209209209209 0.394529411185833
2.0970970970971 0.395596360723642
2.1021021021021 0.396664305343488
2.10710710710711 0.397733235780538
2.11211211211211 0.398803142733183
2.11711711711712 0.399874016863326
2.12212212212212 0.400945848796689
2.12712712712713 0.402018629123107
2.13213213213213 0.40309234839684
2.13713713713714 0.404166997136871
2.14214214214214 0.405242565827223
2.14714714714715 0.406319044917266
2.15215215215215 0.407396424822039
2.15715715715716 0.408474695922558
2.16216216216216 0.409553848566146
2.16716716716717 0.41063387306675
2.17217217217217 0.411714759705269
2.17717717717718 0.412796498729883
2.18218218218218 0.413879080356381
2.18718718718719 0.414962494768498
2.19219219219219 0.416046732118251
2.1971971971972 0.417131782526273
2.2022022022022 0.41821763608216
2.20720720720721 0.419304282844811
2.21221221221221 0.420391712842775
2.21721721721722 0.421479916074598
2.22222222222222 0.422568882509179
2.22722722722723 0.423658602086114
2.23223223223223 0.424749064716063
2.23723723723724 0.425840260281098
2.24224224224224 0.426932178635069
2.24724724724725 0.428024809603964
2.25225225225225 0.429118142986275
2.25725725725726 0.430212168553364
2.26226226226226 0.431306876049835
2.26726726726727 0.432402255193899
2.27227227227227 0.433498295677756
2.27727727727728 0.434594987167965
2.28228228228228 0.435692319305821
2.28728728728729 0.436790281707739
2.29229229229229 0.437888863965634
2.2972972972973 0.438988055647303
2.3023023023023 0.440087846296813
2.30730730730731 0.441188225434889
2.31231231231231 0.442289182559301
2.31731731731732 0.44339070714526
2.32232232232232 0.444492788645805
2.32732732732733 0.445595416492206
2.33233233233233 0.446698580094355
2.33733733733734 0.447802268841167
2.34234234234234 0.448906472100981
2.34734734734735 0.45001117922196
2.35235235235235 0.4511163795325
2.35735735735736 0.452222062341629
2.36236236236236 0.453328216939418
2.36736736736737 0.454434832597391
2.37237237237237 0.45554189856893
2.37737737737738 0.456649404089694
2.38238238238238 0.457757338378025
2.38738738738739 0.458865690635368
2.39239239239239 0.459974450046686
2.3973973973974 0.461083605780874
2.4024024024024 0.462193146991182
2.40740740740741 0.463303062815635
2.41241241241241 0.464413342377452
2.41741741741742 0.46552397478547
2.42242242242242 0.466634949134566
2.42742742742743 0.467746254506086
2.43243243243243 0.468857879968269
2.43743743743744 0.469969814576672
2.44244244244244 0.471082047374602
2.44744744744745 0.472194567393544
2.45245245245245 0.47330736365359
2.45745745745746 0.474420425163873
2.46246246246246 0.475533740922997
2.46746746746747 0.47664729991947
2.47247247247247 0.477761091132141
2.47747747747748 0.478875103530631
2.48248248248248 0.47998932607577
2.48748748748749 0.481103747720035
2.49249249249249 0.482218357407985
2.4974974974975 0.483333144076698
2.5025025025025 0.484448096656212
2.50750750750751 0.485563204069961
2.51251251251251 0.486678455235219
2.51751751751752 0.487793839063534
2.52252252252252 0.488909344461171
2.52752752752753 0.490024960329556
2.53253253253253 0.491140675565713
2.53753753753754 0.492256479062707
2.54254254254254 0.493372359710088
2.54754754754755 0.494488306394329
2.55255255255255 0.495604307999275
2.55755755755756 0.496720353406579
2.56256256256256 0.497836431496149
2.56756756756757 0.498952531146592
2.57257257257257 0.500068641235653
2.57757757757758 0.501184750640662
2.58258258258258 0.502300848238977
2.58758758758759 0.503416922908426
2.59259259259259 0.50453296352775
2.5975975975976 0.505648958977049
2.6026026026026 0.506764898138222
2.60760760760761 0.507880769895412
2.61261261261261 0.508996563135448
2.61761761761762 0.510112266748288
2.62262262262262 0.51122786962746
2.62762762762763 0.512343360670507
2.63263263263263 0.513458728779423
2.63763763763764 0.514573962861102
2.64264264264264 0.515689051827773
2.64764764764765 0.516803984597442
2.65265265265265 0.517918750094332
2.65765765765766 0.519033337249323
2.66266266266266 0.520147735000391
2.66766766766767 0.521261932293044
2.67267267267267 0.522375918080764
2.67767767767768 0.523489681325437
2.68268268268268 0.524603210997798
2.68768768768769 0.525716496077859
2.69269269269269 0.526829525555346
2.6976976976977 0.527942288430136
2.7027027027027 0.529054773712686
2.70770770770771 0.530166970424467
2.71271271271271 0.531278867598393
2.71771771771772 0.532390454279256
2.72272272272272 0.53350171952415
2.72772772772773 0.534612652402903
2.73273273273273 0.535723241998501
2.73773773773774 0.536833477407516
2.74274274274274 0.537943347740533
2.74774774774775 0.539052842122568
2.75275275275275 0.540161949693495
2.75775775775776 0.541270659608465
2.76276276276276 0.54237896103833
2.76776776776777 0.543486843170057
2.77277277277277 0.544594295207144
2.77777777777778 0.545701306370044
2.78278278278278 0.546807865896572
2.78778778778779 0.54791396304232
2.79279279279279 0.54901958708107
2.7977977977978 0.550124727305204
2.8028028028028 0.551229373026111
2.80780780780781 0.552333513574594
2.81281281281281 0.553437138301278
2.81781781781782 0.554540236577011
2.82282282282282 0.555642797793266
2.82782782782783 0.556744811362543
2.83283283283283 0.557846266718768
2.83783783783784 0.558947153317687
2.84284284284284 0.560047460637264
2.84784784784785 0.561147178178071
2.85285285285285 0.562246295463683
2.85785785785786 0.563344802041066
2.86286286286286 0.564442687480962
2.86786786786787 0.565539941378279
2.87287287287287 0.566636553352471
2.87787787787788 0.567732513047921
2.88288288288288 0.568827810134322
2.88788788788789 0.569922434307051
2.89289289289289 0.571016375287548
2.8978978978979 0.572109622823686
2.9029029029029 0.573202166690146
2.90790790790791 0.57429399668878
2.91291291291291 0.575385102648986
2.91791791791792 0.576475474428064
2.92292292292292 0.577565101911585
2.92792792792793 0.578653975013745
2.93293293293293 0.579742083677729
2.93793793793794 0.580829417876062
2.94294294294294 0.581915967610961
2.94794794794795 0.58300172291469
2.95295295295295 0.584086673849906
2.95795795795796 0.585170810510003
2.96296296296296 0.586254123019456
2.96796796796797 0.587336601534165
2.97297297297297 0.588418236241789
2.97797797797798 0.589499017362086
2.98298298298298 0.590578935147239
2.98798798798799 0.591657979882197
2.99299299299299 0.592736141884994
2.997997997998 0.593813411507079
3.003003003003 0.594889779133637
3.00800800800801 0.59596523518391
3.01301301301301 0.597039770111517
3.01801801801802 0.598113374404761
3.02302302302302 0.599186038586951
3.02802802802803 0.600257753216702
3.03303303303303 0.601328508888251
3.03803803803804 0.602398296231751
3.04304304304304 0.603467105913579
3.04804804804805 0.604534928636632
3.05305305305305 0.605601755140622
3.05805805805806 0.606667576202369
3.06306306306306 0.607732382636089
3.06806806806807 0.608796165293684
3.07307307307307 0.609858915065023
3.07807807807808 0.610920622878225
3.08308308308308 0.611981279699934
3.08808808808809 0.613040876535599
3.09309309309309 0.61409940442974
3.0980980980981 0.615156854466223
3.1031031031031 0.616213217768524
3.10810810810811 0.617268485499988
3.11311311311311 0.618322648864098
3.11811811811812 0.619375699104723
3.12312312312312 0.620427627506378
3.12812812812813 0.621478425394475
3.13313313313313 0.622528084135566
3.13813813813814 0.623576595137594
3.14314314314314 0.62462394985013
3.14814814814815 0.625670139764615
3.15315315315315 0.626715156414596
3.15815815815816 0.627758991375955
3.16316316316316 0.628801636267141
3.16816816816817 0.629843082749398
3.17317317317317 0.630883322526983
3.17817817817818 0.63192234734739
3.18318318318318 0.632960149001569
3.18818818818819 0.633996719324132
3.19319319319319 0.635032050193573
3.1981981981982 0.636066133532466
3.2032032032032 0.637098961307677
3.20820820820821 0.638130525530561
3.21321321321321 0.639160818257162
3.21821821821822 0.640189831588402
3.22322322322322 0.641217557670282
3.22822822822823 0.642243988694061
3.23323323323323 0.643269116896447
3.23823823823824 0.644292934559775
3.24324324324324 0.645315434012189
3.24824824824825 0.646336607627815
3.25325325325325 0.647356447826931
3.25825825825826 0.648374947076144
3.26326326326326 0.649392097888543
3.26826826826827 0.650407892823876
3.27327327327327 0.651422324488696
3.27827827827828 0.652435385536527
3.28328328328328 0.653447068668008
3.28828828828829 0.65445736663105
3.29329329329329 0.65546627222098
3.2982982982983 0.656473778280681
3.3033033033033 0.657479877700735
3.30830830830831 0.658484563419559
3.31331331331331 0.659487828423536
3.31831831831832 0.660489665747149
3.32332332332332 0.661490068473106
3.32832832832833 0.662489029732463
3.33333333333333 0.663486542704745
3.33833833833834 0.664482600618064
3.34334334334334 0.66547719674923
3.34834834834835 0.666470324423867
3.35335335335335 0.667461977016517
3.35835835835836 0.668452147950744
3.36336336336336 0.669440830699237
3.36836836836837 0.670428018783908
3.37337337337337 0.671413705775985
3.37837837837838 0.672397885296106
3.38338338338338 0.673380551014406
3.38838838838839 0.674361696650602
3.39339339339339 0.675341315974077
3.3983983983984 0.676319402803958
3.4034034034034 0.67729595100919
3.40840840840841 0.678270954508613
3.41341341341341 0.679244407271027
3.41841841841842 0.680216303315261
3.42342342342342 0.681186636710238
3.42842842842843 0.682155401575031
3.43343343343343 0.683122592078924
3.43843843843844 0.684088202441463
3.44344344344344 0.685052226932509
3.44844844844845 0.686014659872288
3.45345345345345 0.686975495631429
3.45845845845846 0.687934728631016
3.46346346346346 0.688892353342616
3.46846846846847 0.689848364288323
3.47347347347347 0.690802756040786
3.47847847847848 0.691755523223244
3.48348348348348 0.692706660509544
3.48848848848849 0.693656162624176
3.49349349349349 0.694604024342285
3.4984984984985 0.695550240489693
3.5035035035035 0.696494805942912
3.50850850850851 0.697437715629159
3.51351351351351 0.698378964526362
3.51851851851852 0.699318547663169
3.52352352352352 0.70025646011895
3.52852852852853 0.701192697023795
3.53353353353353 0.702127253558518
3.53853853853854 0.703060124954645
3.54354354354354 0.703991306494411
3.54854854854855 0.704920793510746
3.55355355355355 0.705848581387265
3.55855855855856 0.706774665558245
3.56356356356356 0.707699041508615
3.56856856856857 0.708621704773926
3.57357357357357 0.70954265094033
3.57857857857858 0.710461875644554
3.58358358358358 0.711379374573867
3.58858858858859 0.712295143466047
3.59359359359359 0.713209178109351
3.5985985985986 0.71412147434247
3.6036036036036 0.71503202805449
3.60860860860861 0.715940835184855
3.61361361361361 0.716847891723312
3.61861861861862 0.717753193709868
3.62362362362362 0.718656737234737
3.62862862862863 0.719558518438289
3.63363363363363 0.720458533510989
3.63863863863864 0.721356778693344
3.64364364364364 0.722253250275838
3.64864864864865 0.72314794459887
3.65365365365365 0.724040858052686
3.65865865865866 0.724931987077313
3.66366366366366 0.725821328162489
3.66866866866867 0.726708877847584
3.67367367367367 0.727594632721532
3.67867867867868 0.728478589422747
3.68368368368368 0.729360744639044
3.68868868868869 0.73024109510756
3.69369369369369 0.731119637614663
3.6986986986987 0.731996368995869
3.7037037037037 0.732871286135751
3.70870870870871 0.733744385967847
3.71371371371371 0.734615665474568
3.71871871871872 0.735485121687098
3.72372372372372 0.736352751685298
3.72872872872873 0.737218552597607
3.73373373373373 0.738082521600936
3.73873873873874 0.738944655920565
3.74374374374374 0.739804952830035
3.74874874874875 0.74066340965104
3.75375375375375 0.741520023753316
3.75875875875876 0.742374792554529
3.76376376376376 0.743227713520154
3.76876876876877 0.744078784163367
3.77377377377377 0.744928002044919
3.77877877877878 0.745775364773017
3.78378378378378 0.7466208700032
3.78878878878879 0.747464515438219
3.79379379379379 0.748306298827901
3.7987987987988 0.749146217969031
3.8038038038038 0.749984270705213
3.80880880880881 0.750820454926741
3.81381381381381 0.751654768570466
3.81881881881882 0.752487209619658
3.82382382382382 0.753317776103869
3.82882882882883 0.754146466098793
3.83383383383383 0.754973277726127
3.83883883883884 0.755798209153425
3.84384384384384 0.756621258593955
3.84884884884885 0.757442424306555
3.85385385385385 0.758261704595479
3.85885885885886 0.759079097810255
3.86386386386386 0.759894602345529
3.86886886886887 0.760708216640912
3.87387387387387 0.76151993918083
3.87887887887888 0.762329768494366
3.88388388388388 0.7631377031551
3.88888888888889 0.763943741780956
3.89389389389389 0.764747883034036
3.8988988988989 0.765550125620462
3.9039039039039 0.766350468290213
3.90890890890891 0.767148909836959
3.91391391391391 0.767945449097895
3.91891891891892 0.768740084953575
3.92392392392392 0.769532816327745
3.92892892892893 0.770323642187168
3.93393393393393 0.771112561541459
3.93893893893894 0.771899573442907
3.94394394394394 0.772684676986306
3.94894894894895 0.773467871308778
3.95395395395395 0.774249155589596
3.95895895895896 0.775028529050009
3.96396396396396 0.775805990953062
3.96896896896897 0.776581540603416
3.97397397397397 0.777355177347169
3.97897897897898 0.778126900571672
3.98398398398398 0.778896709705349
3.98898898898899 0.77966460421751
3.99399399399399 0.780430583618167
3.998998998999 0.781194647457849
4.004004004004 0.781956795327415
4.00900900900901 0.782717026857862
4.01401401401401 0.783475341720143
4.01901901901902 0.78423173962497
4.02402402402402 0.784986220322629
4.02902902902903 0.785738783602784
4.03403403403403 0.786489429294286
4.03903903903904 0.78723815726498
4.04404404404404 0.787984967421511
4.04904904904905 0.788729859709127
4.05405405405405 0.789472834111483
4.05905905905906 0.790213890650447
4.06406406406406 0.790953029385902
4.06906906906907 0.791690250415543
4.07407407407407 0.792425553874684
4.07907907907908 0.793158939936058
4.08408408408408 0.79389040880961
4.08908908908909 0.794619960742304
4.09409409409409 0.795347596017917
4.0990990990991 0.796073314956839
4.1041041041041 0.796797117915867
4.10910910910911 0.797519005288005
4.11411411411411 0.798238977502258
4.11911911911912 0.798957035023427
4.12412412412412 0.799673178351905
4.12912912912913 0.800387408023473
4.13413413413413 0.801099724609089
4.13913913913914 0.801810128714687
4.14414414414414 0.802518620980965
4.14914914914915 0.803225202083182
4.15415415415415 0.803929872730948
4.15915915915916 0.804632633668012
4.16416416416416 0.805333485672061
4.16916916916917 0.806032429554505
4.17417417417417 0.806729466160269
4.17917917917918 0.807424596367585
4.18418418418418 0.80811782108778
4.18918918918919 0.808809141265065
4.19419419419419 0.809498557876327
4.1991991991992 0.810186071930915
4.2042042042042 0.810871684470433
4.20920920920921 0.811555396568522
4.21421421421421 0.812237209330655
4.21921921921922 0.812917123893924
4.22422422422422 0.813595141426822
4.22922922922923 0.814271263129038
4.23423423423423 0.814945490231243
4.23923923923924 0.815617823994874
4.24424424424424 0.816288265711924
4.24924924924925 0.816956816704732
4.25425425425425 0.817623478325765
4.25925925925926 0.818288251957406
4.26426426426426 0.818951139011747
4.26926926926927 0.819612140930368
4.27427427427427 0.820271259184128
4.27927927927928 0.820928495272954
4.28428428428428 0.821583850725623
4.28928928928929 0.822237327099553
4.29429429429429 0.822888925980588
4.2992992992993 0.823538648982787
4.3043043043043 0.824186497748207
4.30930930930931 0.824832473946698
4.31431431431431 0.82547657927568
4.31931931931932 0.826118815459939
4.32432432432432 0.826759184251412
4.32932932932933 0.827397687428971
4.33433433433433 0.828034326798216
4.33933933933934 0.828669104191261
4.34434434434434 0.829302021466521
4.34934934934935 0.8299330805085
4.35435435435435 0.830562283227584
4.35935935935936 0.831189631559821
4.36436436436436 0.831815127466721
4.36936936936937 0.832438772935036
4.37437437437437 0.833060569976553
4.37937937937938 0.833680520627885
4.38438438438438 0.834298626950256
4.38938938938939 0.834914891029299
4.39439439439439 0.835529314974838
4.3993993993994 0.836141900920684
4.4044044044044 0.836752651024427
4.40940940940941 0.837361567467222
4.41441441441441 0.837968652453587
4.41941941941942 0.838573908211189
4.42442442442442 0.839177336990641
4.42942942942943 0.839778941065295
4.43443443443443 0.840378722731032
4.43943943943944 0.840976684306058
4.44444444444444 0.841572828130696
4.44944944944945 0.842167156567183
4.45445445445445 0.842759671999464
4.45945945945946 0.843350376832985
4.46446446446446 0.843939273494493
4.46946946946947 0.844526364431828
4.47447447447447 0.845111652113722
4.47947947947948 0.845695139029595
4.48448448448448 0.846276827689354
4.48948948948949 0.84685672062319
4.49449449449449 0.847434820381377
4.4994994994995 0.84801112953407
4.5045045045045 0.848585650671106
4.50950950950951 0.849158386401804
4.51451451451451 0.849729339354764
4.51951951951952 0.850298512177671
4.52452452452452 0.850865907537096
4.52952952952953 0.851431528118296
4.53453453453453 0.851995376625017
4.53953953953954 0.852557455779303
4.54454454454454 0.853117768321294
4.54954954954955 0.853676317009031
4.55455455455455 0.854233104618265
4.55955955955956 0.854788133942262
4.56456456456456 0.855341407791604
4.56956956956957 0.855892928994005
4.57457457457457 0.856442700394111
4.57957957957958 0.856990724853312
4.58458458458458 0.857537005249551
4.58958958958959 0.858081544477133
4.59459459459459 0.858624345446535
4.5995995995996 0.859165411084217
4.6046046046046 0.859704744332435
4.60960960960961 0.86024234814905
4.61461461461461 0.860778225507345
4.61961961961962 0.861312379395838
4.62462462462462 0.861844812818092
4.62962962962963 0.862375528792535
4.63463463463463 0.862904530352275
4.63963963963964 0.863431820544914
4.64464464464464 0.863957402432366
4.64964964964965 0.864481279090679
4.65465465465465 0.865003453609847
4.65965965965966 0.865523929093633
4.66466466466466 0.866042708659391
4.66966966966967 0.866559795437881
4.67467467467467 0.867075192573097
4.67967967967968 0.867588903222086
4.68468468468468 0.868100930554771
4.68968968968969 0.868611277753774
4.69469469469469 0.869119948014246
4.6996996996997 0.869626944543684
4.7047047047047 0.870132270561765
4.70970970970971 0.870635929300168
4.71471471471471 0.871137924002402
4.71971971971972 0.871638257923638
4.72472472472472 0.872136934330535
4.72972972972973 0.872633956501072
4.73473473473473 0.873129327724375
4.73973973973974 0.873623051300555
4.74474474474474 0.874115130540535
4.74974974974975 0.874605568765887
4.75475475475475 0.875094369308663
4.75975975975976 0.875581535511231
4.76476476476476 0.876067070726113
4.76976976976977 0.876550978315818
4.77477477477477 0.87703326165268
4.77977977977978 0.877513924118699
4.78478478478478 0.877992969105377
4.78978978978979 0.878470400013559
4.79479479479479 0.878946220253274
4.7997997997998 0.879420433243574
4.8048048048048 0.87989304241238
4.80980980980981 0.880364051196324
4.81481481481481 0.880833463040589
4.81981981981982 0.881301281398761
4.82482482482482 0.881767509732669
4.82982982982983 0.882232151512233
4.83483483483483 0.882695210215312
4.83983983983984 0.883156689327552
4.84484484484484 0.883616592342234
4.84984984984985 0.884074922760127
4.85485485485485 0.884531684089334
4.85985985985986 0.884986879845146
4.86486486486486 0.885440513549898
4.86986986986987 0.885892588732815
4.87487487487487 0.886343108929871
4.87987987987988 0.886792077683643
4.88488488488488 0.887239498543168
4.88988988988989 0.887685375063798
4.89489489489489 0.888129710807056
4.8998998998999 0.8885725093405
4.9049049049049 0.889013774237575
4.90990990990991 0.889453509077482
4.91491491491491 0.889891717445028
4.91991991991992 0.890328402930499
4.92492492492492 0.890763569129515
4.92992992992993 0.891197219642897
4.93493493493493 0.891629358076529
4.93993993993994 0.892059988041228
4.94494494494494 0.892489113152605
4.94994994994995 0.892916737030935
4.95495495495495 0.893342863301023
4.95995995995996 0.893767495592075
4.96496496496496 0.894190637537567
4.96996996996997 0.894612292775113
4.97497497497497 0.89503246494634
4.97997997997998 0.895451157696757
4.98498498498498 0.895868374675631
4.98998998998999 0.896284119535858
4.99499499499499 0.896698395933841
5 0.897111207529362
