0 0.0185927320859678
0.0334448160535117 0.0190978184858781
0.0668896321070234 0.019616351704174
0.100334448160535 0.0201486746499494
0.133779264214047 0.0206951381479591
0.167224080267559 0.0212561010752476
0.20066889632107 0.0218319304974253
0.234113712374582 0.022423001804392
0.267558528428094 0.0230296988452907
0.301003344481605 0.0236524140624645
0.334448160535117 0.0242915486241708
0.367892976588629 0.0249475125557966
0.40133779264214 0.0256207248692988
0.434782608695652 0.0263116136905795
0.468227424749164 0.0270206163844899
0.501672240802676 0.0277481796771369
0.535117056856187 0.0284947597751493
0.568561872909699 0.0292608224815438
0.602006688963211 0.0300468433078075
0.635451505016722 0.0308533075817973
0.668896321070234 0.0316807105510346
0.702341137123746 0.0325295574809524
0.735785953177257 0.03340036374763
0.769230769230769 0.0342936549245294
0.802675585284281 0.0352099668627227
0.836120401337793 0.0361498457640781
0.869565217391304 0.0371138482468473
0.903010033444816 0.0381025414030727
0.936454849498328 0.0391165028472081
0.969899665551839 0.040156320755322
1.00334448160535 0.0412225938942259
1.03678929765886 0.0423159316398454
1.07023411371237 0.0434369539841252
1.10367892976589 0.0445862915297322
1.1371237458194 0.0457645854717978
1.17056856187291 0.0469724875659094
1.20401337792642 0.0482106600815406
1.23745819397993 0.0494797757400777
1.27090301003344 0.050780517636582
1.30434782608696 0.0521135791443944
1.33779264214047 0.0534796638016712
1.37123745819398 0.054879485178912
1.40468227424749 0.0563137667265207
1.438127090301 0.0577832416014157
1.47157190635451 0.0592886524716899
1.50501672240803 0.0608307512982968
1.53846153846154 0.0624102990927259
1.57190635451505 0.0640280656496129
1.60535117056856 0.0656848292532178
1.63879598662207 0.0673813763566937
1.67224080267559 0.0691185012330585
1.7056856187291 0.07089700559678
1.73913043478261 0.0727176981948785
1.77257525083612 0.0745813943664555
1.80602006688963 0.0764889155695604
1.83946488294314 0.0784410888743157
1.87290969899666 0.0804387464212367
1.90635451505017 0.0824827248436973
1.93979933110368 0.0845738646535178
1.97324414715719 0.0867130095886802
2.0066889632107 0.0889010059222079
2.04013377926421 0.0911387017312911
2.07357859531773 0.0934269461257826
2.10702341137124 0.0957665884352439
2.14046822742475 0.0981584773537827
2.17391304347826 0.100603460041991
2.20735785953177 0.103102381185367
2.24080267558528 0.105656082008695
2.2742474916388 0.108265399245942
2.30769230769231 0.110931164065329
2.34113712374582 0.113654200949373
2.37458193979933 0.116435326529765
2.40802675585284 0.119275348377131
2.44147157190635 0.122175063745823
2.47491638795987 0.125135258274067
2.50836120401338 0.128156704639917
2.54180602006689 0.131240161173673
2.5752508361204 0.134386370427561
2.60869565217391 0.137596057703689
2.64214046822742 0.140869929541477
2.67558528428094 0.144208672165957
2.70903010033445 0.147612949898576
2.74247491638796 0.151083403532344
2.77591973244147 0.154620648673391
2.80936454849498 0.158225274051261
2.84280936454849 0.161897839800492
2.87625418060201 0.165638875716304
2.90969899665552 0.16944887948744
2.94314381270903 0.173328314909514
2.97658862876254 0.177277610082425
3.01003344481605 0.181297155595716
3.04347826086956 0.185387302705969
3.07692307692308 0.189548361510636
3.11036789297659 0.193780599122931
3.1438127090301 0.19808423785268
3.17725752508361 0.202459453398269
3.21070234113712 0.206906373055079
3.24414715719064 0.211425073946009
3.27759197324415 0.216015581279925
3.31103678929766 0.220677866644064
3.34448160535117 0.225411846336609
3.37792642140468 0.230217379745836
3.41137123745819 0.235094267782345
3.44481605351171 0.240042251371061
3.47826086956522 0.245061010009728
3.51170568561873 0.250150160400765
3.54515050167224 0.255309255163313
3.57859531772575 0.260537781632382
3.61204013377926 0.265835160751942
3.64548494983278 0.27120074606876
3.67892976588629 0.276633822833678
3.7123745819398 0.282133607216923
3.74581939799331 0.287699245643814
3.77926421404682 0.293329814257084
3.81270903010033 0.299024318511725
3.84615384615385 0.304781692908
3.87959866220736 0.310600800867916
3.91304347826087 0.316480434760087
3.94648829431438 0.322419316077479
3.97993311036789 0.328416095772082
4.0133779264214 0.334469354750057
4.04682274247492 0.340577604530364
4.08026755852843 0.346739288069312
4.11371237458194 0.352952780752869
4.14715719063545 0.359216391557939
4.18060200668896 0.365528364383142
4.21404682274247 0.371886879548976
4.24749163879599 0.378290055466494
4.2809364548495 0.384735950472967
4.31438127090301 0.391222564832213
4.34782608695652 0.397747842896583
4.38127090301003 0.404309675426825
4.41471571906354 0.410905902065334
4.44816053511706 0.417534313957531
4.48160535117057 0.424192656515449
4.51505016722408 0.430878632316856
4.54849498327759 0.437589904132587
4.5819397993311 0.444324098074136
4.61538461538461 0.451078806852896
4.64882943143813 0.457851593141895
4.68227424749164 0.464639993030324
4.71571906354515 0.471441519560681
4.74916387959866 0.478253666337886
4.78260869565217 0.485073911199381
4.81605351170569 0.49189971993486
4.8494983277592 0.498728550044036
4.88294314381271 0.505557854520628
4.91638795986622 0.512385085650627
4.94983277591973 0.519207698812798
4.98327759197324 0.526023156269387
5.01672240802676 0.532828930935043
5.05016722408027 0.539622510112072
5.08361204013378 0.546401399180364
5.11705685618729 0.553163125230515
5.1505016722408 0.559905240629035
5.18394648829431 0.566625326504849
5.21739130434783 0.573320996146749
5.25083612040134 0.57998989830189
5.28428093645485 0.586629720365995
5.31772575250836 0.593238191456426
5.35117056856187 0.599813085359937
5.38461538461538 0.606352223347538
5.4180602006689 0.612853476849559
5.45150501672241 0.619314769984701
5.48494983277592 0.625734081937581
5.51839464882943 0.632109449179978
5.55183946488294 0.638438967531751
5.58528428093645 0.644720794058118
5.61872909698997 0.65095314880073
5.65217391304348 0.657134316340713
5.68561872909699 0.663262647192572
5.7190635451505 0.669336559028551
5.75250836120401 0.67535453773375
5.78595317725753 0.681315138292957
5.81939799331104 0.687216985510802
5.85284280936455 0.693058774567455
5.88628762541806 0.698839271412657
5.91973244147157 0.704557313001454
5.95317725752508 0.71021180737548
5.9866220735786 0.715801733594125
6.02006688963211 0.721326141520368
6.05351170568562 0.726784151466424
6.08695652173913 0.732174953704728
6.12040133779264 0.737497807850084
6.15384615384615 0.742752042119056
6.18729096989967 0.747937052472953
6.22073578595318 0.753052301650892
6.25418060200669 0.758097318099607
6.2876254180602 0.76307169480678
6.32107023411371 0.767975088044716
6.35451505016722 0.772807216031248
6.38795986622074 0.777567857514753
6.42140468227425 0.782256850290109
6.45484949832776 0.786874089652404
6.48829431438127 0.791419526795076
6.52173913043478 0.795893167159067
6.55518394648829 0.800295068739459
6.58862876254181 0.804625340355843
6.62207357859532 0.808884139892549
6.65551839464883 0.813071672514641
6.68896321070234 0.817188188865355
6.72240802675585 0.821233983250476
6.75585284280936 0.825209391814857
6.78929765886288 0.829114790716093
6.82274247491639 0.83295059430006
6.8561872909699 0.836717253282816
6.88963210702341 0.840415252943064
6.92307692307692 0.844045111329127
6.95652173913043 0.847607377484136
6.98996655518395 0.851102629692837
7.02341137123746 0.854531473753184
7.05685618729097 0.857894541275634
7.09030100334448 0.86119248801278
7.12374581939799 0.864425992221736
7.1571906354515 0.867595753061433
7.19063545150502 0.870702489026761
7.22408026755853 0.873746936421254
7.25752508361204 0.876729847869801
7.29096989966555 0.879651990872668
7.32441471571906 0.882514146401893
7.35785953177257 0.885317107540952
7.39130434782609 0.888061678168382
7.4247491638796 0.890748671685912
7.45819397993311 0.893378909791443
7.49163879598662 0.895953221297129
7.52508361204013 0.898472440992601
7.55852842809364 0.900937408553293
7.59197324414716 0.903348967493683
7.62541806020067 0.905707964165158
7.65886287625418 0.908015246798089
7.69230769230769 0.91027166458764
7.7257525083612 0.912478066822704
7.75919732441471 0.914635302057323
7.79264214046823 0.916744217323839
7.82608695652174 0.918805657386994
7.85953177257525 0.920820464038112
7.89297658862876 0.922789475428461
7.92642140468227 0.924713525440861
7.95986622073579 0.926593443098532
7.9933110367893 0.928430052010185
8.02675585284281 0.930224169850314
8.06020066889632 0.931976607873622
8.09364548494983 0.933688170462518
8.12709030100334 0.935359654706588
8.16053511705686 0.936991850012962
8.19397993311037 0.938585537746466
8.22742474916388 0.940141490898488
8.26086956521739 0.941660473783445
8.2943143812709 0.943143241761797
8.32775919732441 0.944590540988504
8.36120401337793 0.946003108185902
8.39464882943144 0.947381670439925
8.42809364548495 0.94872694501866
8.46153846153846 0.950039639212227
8.49498327759197 0.951320450192981
8.52842809364548 0.952570064895085
8.561872909699 0.953789159912494
8.59531772575251 0.95497840141443
8.62876254180602 0.956138445077464
8.66220735785953 0.957269936033299
8.69565217391304 0.958373508831448
8.72909698996656 0.959449787415938
8.76254180602007 0.960499385115287
8.79598662207358 0.961522904644947
8.82943143812709 0.962520938121496
8.8628762541806 0.963494067087834
8.89632107023411 0.964442862548721
8.92976588628762 0.965367885015961
8.96321070234114 0.966269684562612
8.99665551839465 0.967148800885599
9.03010033444816 0.968005763376132
9.06354515050167 0.968841091197379
9.09698996655518 0.969655293368838
9.1304347826087 0.970448868856899
9.16387959866221 0.97122230667109
9.19732441471572 0.971976085965548
9.23076923076923 0.972710676145253
9.26421404682274 0.973426536976602
9.29765886287625 0.974124118701912
9.33110367892977 0.97480386215746
9.36454849498328 0.975466198894703
9.39799331103679 0.976111551304317
9.4314381270903 0.976740332742719
9.46488294314381 0.977352947660782
9.49832775919732 0.977949791734417
9.53177257525084 0.978531251996763
9.56521739130435 0.979097706971706
9.59866220735786 0.979649526808496
9.63210702341137 0.980187073417203
9.66555183946488 0.980710700604816
9.69899665551839 0.981220754211762
9.73244147157191 0.981717572248658
9.76588628762542 0.98220148503311
9.79933110367893 0.982672815326398
9.83277591973244 0.983131878469877
9.86622073578595 0.983578982520956
9.89966555183946 0.984014428388511
9.93311036789298 0.984438509967611
9.96655518394649 0.984851514273437
10 0.985253721574274
