0 0.00661614226227484
0.204081632653061 0.00812339548408715
0.408163265306122 0.00997057642289876
0.612244897959184 0.0122326081448822
0.816326530612245 0.0150000532194201
1.02040816326531 0.0183819401169484
1.22448979591837 0.0225088777704059
1.42857142857143 0.0275363647230415
1.63265306122449 0.033648115584875
1.83673469387755 0.0410591072590758
2.04081632653061 0.0500178831273937
2.24489795918367 0.0608074420063386
2.44897959183673 0.0737437875451707
2.6530612244898 0.0891709499836947
2.85714285714286 0.107451075099622
3.06122448979592 0.12894810856549
3.26530612244898 0.154003841227375
3.46938775510204 0.182905809199104
3.6734693877551 0.215847928267207
3.87755102040816 0.249889514820711
4.08163265306122 0.282214470254914
4.28571428571429 0.316954037845
4.48979591836735 0.353861735301282
4.69387755102041 0.392596933721526
4.89795918367347 0.432732552917777
5.10204081632653 0.473770879770685
5.30612244897959 0.515166657338264
5.51020408163265 0.556355366485451
5.71428571428571 0.596783676644451
5.91836734693878 0.635938632108114
6.12244897959184 0.673372380440349
6.3265306122449 0.708720072216436
6.53061224489796 0.741709741506772
6.73469387755102 0.772164216664898
6.93877551020408 0.799996141796914
7.14285714285714 0.822868462153841
7.3469387755102 0.841785854968861
7.55102040816327 0.85902901694178
7.75510204081633 0.874672702070747
7.95918367346939 0.888805104028537
8.16326530612245 0.901523301808149
8.36734693877551 0.912929329020259
8.57142857142857 0.923126907737417
8.77551020408163 0.932218835781101
8.97959183673469 0.940304980797344
9.18367346938776 0.947480813175496
9.38775510204082 0.953836399910294
9.59183673469388 0.959455779873467
9.79591836734694 0.964416644927051
10 0.968790258640184
