0 0.0189969520773824
0.0334448160535117 0.0195078950787872
0.0668896321070234 0.020032299807651
0.100334448160535 0.0205705056602751
0.133779264214047 0.0211228597586573
0.167224080267559 0.021689717080581
0.20066889632107 0.0222714405892266
0.234113712374582 0.0228684013621053
0.267558528428094 0.0234809787191033
0.301003344481605 0.0241095603494138
0.334448160535117 0.0247545424371162
0.367892976588629 0.0254163297851517
0.40133779264214 0.0260953359374263
0.434782608695652 0.0267919832987587
0.468227424749164 0.0275067032523741
0.501672240802676 0.0282399362746275
0.535117056856187 0.0289921320466244
0.568561872909699 0.0297637495623876
0.602006688963211 0.0305552572332011
0.635451505016722 0.0313671329877436
0.668896321070234 0.0321998643676039
0.702341137123746 0.033053948617751
0.735785953177257 0.0339298927715108
0.769230769230769 0.0348282137295814
0.802675585284281 0.0357494383325947
0.836120401337793 0.036694103426714
0.869565217391304 0.0376627559217313
0.903010033444816 0.0386559528411073
0.936454849498328 0.039674261363372
0.969899665551839 0.0407182588542839
1.00334448160535 0.0417885328891159
1.03678929765886 0.0428856812644186
1.07023411371237 0.0440103119985836
1.10367892976589 0.0451630433205049
1.1371237458194 0.0463445036456142
1.17056856187291 0.0475553315385416
1.20401337792642 0.0487961756616265
1.23745819397993 0.0500676947084827
1.27090301003344 0.0513705573217967
1.30434782608696 0.0527054419945166
1.33779264214047 0.0540730369535642
1.37123745819398 0.0554740400251843
1.40468227424749 0.0569091584810228
1.438127090301 0.0583791088640061
1.47157190635451 0.0598846167930757
1.50501672240803 0.061426416745816
1.53846153846154 0.0630052518179958
1.57190635451505 0.064621873459034
1.60535117056856 0.0662770411823842
1.63879598662207 0.0679715222498277
1.67224080267559 0.0697060913286549
1.7056856187291 0.0714815301207127
1.73913043478261 0.0732986269622934
1.77257525083612 0.0751581763938431
1.80602006688963 0.0770609786984755
1.83946488294314 0.0790078394082813
1.87290969899666 0.0809995687774448
1.90635451505017 0.083036981221189
1.93979933110368 0.085120894719602
1.97324414715719 0.0872521301854171
2.0066889632107 0.08943151079486
2.04013377926421 0.0916598612807092
2.07357859531773 0.0939380071867655
2.10702341137124 0.0962667740829754
2.14046822742475 0.0986469867405114
2.17391304347826 0.101079468266178
2.20735785953177 0.103565039195586
2.24080267558528 0.106104516544611
2.2742474916388 0.108698712818752
2.30769230769231 0.111348434980085
2.34113712374582 0.114054483371632
2.37458193979933 0.11681765059905
2.40802675585284 0.1196387203697
2.44147157190635 0.122518466289255
2.47491638795987 0.125457650616164
2.50836120401338 0.128457022974429
2.54180602006689 0.13151731902532
2.5752508361204 0.134639259098789
2.60869565217391 0.137823546785571
2.64214046822742 0.141070867491084
2.67558528428094 0.144381886952473
2.70903010033445 0.147757249720339
2.74247491638796 0.151197577606873
2.77591973244147 0.154703468102364
2.80936454849498 0.158275492762257
2.84280936454849 0.161914195567159
2.87625418060201 0.165620091258436
2.90969899665552 0.16939366365227
2.94314381270903 0.173235363935298
2.97658862876254 0.177145608945187
3.01003344481605 0.181124779439746
3.04347826086956 0.185173218358438
3.07692307692308 0.189291229080359
3.11036789297659 0.19347907368304
3.1438127090301 0.197736971206633
3.17725752508361 0.202065095928271
3.21070234113712 0.206463575651648
3.24414715719064 0.210932490017032
3.27759197324415 0.215471868837171
3.31103678929766 0.220081690464706
3.34448160535117 0.224761880196913
3.37792642140468 0.229512308723717
3.41137123745819 0.234332790625097
3.44481605351171 0.239223082924092
3.47826086956522 0.244182883701718
3.51170568561873 0.249211830780194
3.54515050167224 0.254309500480884
3.57859531772575 0.259475406463419
3.61204013377926 0.264708998652399
3.64548494983278 0.270009662258073
3.67892976588629 0.275376716897283
3.7123745819398 0.280809415820848
3.74581939799331 0.286306945253424
3.77926421404682 0.291868423851671
3.81270903010033 0.297492902286338
3.84615384615385 0.303179362953619
3.87959866220736 0.308926719820815
3.91304347826087 0.314733818411017
3.94648829431438 0.320599435931113
3.97993311036789 0.326522281547059
4.0133779264214 0.332500996809844
4.04682274247492 0.338534156235135
4.08026755852843 0.344620268039048
4.11371237458194 0.350757775031964
4.14715719063545 0.356945055671684
4.18060200668896 0.363180425276689
4.21404682274247 0.369462137399554
4.24749163879599 0.37578838536
4.2809364548495 0.382157303936358
4.31438127090301 0.388566971213557
4.34782608695652 0.395015410585066
4.38127090301003 0.401500592905553
4.41471571906354 0.408020438790294
4.44816053511706 0.41457282105674
4.48160535117057 0.421155567302932
4.51505016722408 0.427766462616838
4.54849498327759 0.434403252410012
4.5819397993311 0.441063645368398
4.61538461538461 0.447745316512491
4.64882943143813 0.45444591035853
4.68227424749164 0.461163044171872
4.71571906354515 0.467894311303241
4.74916387959866 0.474637284598085
4.78260869565217 0.481389519868928
4.81605351170569 0.488148559420248
4.8494983277592 0.494911935615145
4.88294314381271 0.501677174472835
4.91638795986622 0.508441799285856
4.94983277591973 0.515203334245742
4.98327759197324 0.521959308065919
5.01672240802676 0.528707257590523
5.05016722408027 0.535444731378003
5.08361204013378 0.542169293248418
5.11705685618729 0.548878525783601
5.1505016722408 0.555570033769569
5.18394648829431 0.562241447570871
5.21739130434783 0.56889042642694
5.25083612040134 0.575514661660903
5.28428093645485 0.582111879791754
5.31772575250836 0.588679845541298
5.35117056856187 0.595216364727816
5.38461538461538 0.601719287038942
5.4180602006689 0.608186508676871
5.45150501672241 0.614615974869627
5.48494983277592 0.621005682242769
5.51839464882943 0.627353681046568
5.55183946488294 0.633658077234396
5.58528428093645 0.639917034388693
5.61872909698997 0.646128775491638
5.65217391304348 0.652291584538251
5.68561872909699 0.658403807990415
5.7190635451505 0.664463856070908
5.75250836120401 0.670470203897229
5.78595317725753 0.676421392455627
5.81939799331104 0.682316029416351
5.85284280936455 0.688152789791738
5.88628762541806 0.693930416439328
5.91973244147157 0.699647720412706
5.95317725752508 0.705303581163295
5.9866220735786 0.710896946596794
6.02006688963211 0.716426832988362
6.05351170568562 0.721892324761081
6.08695652173913 0.727292574132568
6.12040133779264 0.732626800634936
6.15384615384615 0.737894290513584
6.18729096989967 0.743094396010552
6.22073578595318 0.748226534538364
6.25418060200669 0.75329018775048
6.2876254180602 0.75828490051459
6.32107023411371 0.763210279795091
6.35451505016722 0.768065993451154
6.38795986622074 0.772851768956817
6.42140468227425 0.77756739204954
6.45484949832776 0.782212705313634
6.48829431438127 0.786787606704915
6.52173913043478 0.791292048022848
6.55518394648829 0.795726033336354
6.58862876254181 0.800089617369307
6.62207357859532 0.804382903851611
6.65551839464883 0.808606043841577
6.68896321070234 0.812759234025134
6.72240802675585 0.816842714997226
6.75585284280936 0.820856769530509
6.78929765886288 0.824801720836284
6.82274247491639 0.828677930822334
6.8561872909699 0.832485798352128
6.88963210702341 0.836225757509606
6.92307692307692 0.839898275873508
6.95652173913043 0.84350385280498
6.98996655518395 0.847043017751945
7.02341137123746 0.850516328573462
7.05685618729097 0.853924369887084
7.09030100334448 0.857267751441957
7.12374581939799 0.860547106520195
7.1571906354515 0.863763090368815
7.19063545150502 0.866916378664293
7.22408026755853 0.870007666011594
7.25752508361204 0.87303766447932
7.29096989966555 0.876007102172389
7.32441471571906 0.878916721843499
7.35785953177257 0.881767279544416
7.39130434782609 0.884559543317959
7.4247491638796 0.887294291931379
7.45819397993311 0.889972313651673
7.49163879598662 0.89259440506321
7.52508361204013 0.895161369927924
7.55852842809364 0.89767401808816
7.59197324414716 0.90013316441218
7.62541806020067 0.902539627782167
7.65886287625418 0.904894230124505
7.69230769230769 0.907197795481972
7.7257525083612 0.909451149127422
7.75919732441471 0.911655116718436
7.79264214046823 0.913810523492335
7.82608695652174 0.915918193500905
7.85953177257525 0.917978948884097
7.89297658862876 0.919993609181927
7.92642140468227 0.921962990683741
7.95986622073579 0.923887905813985
7.9933110367893 0.925769162553559
8.02675585284281 0.927607563895823
8.06020066889632 0.929403907336297
8.09364548494983 0.931158984395061
8.12709030100334 0.932873580170862
8.16053511705686 0.934548472925915
8.19397993311037 0.936184433700376
8.22742474916388 0.937782225955464
8.26086956521739 0.939342605244218
8.2943143812709 0.940866318908848
8.32775919732441 0.942354105803683
8.36120401337793 0.9438066960427
8.39464882943144 0.945224810770633
8.42809364548495 0.946609161956684
8.46153846153846 0.947960452209858
8.49498327759197 0.94927937461498
8.52842809364548 0.950566612588437
8.561872909699 0.951822839752747
8.59531772575251 0.953048719829044
8.62876254180602 0.954244906546612
8.66220735785953 0.955412043568599
8.69565217391304 0.956550764433101
8.72909698996656 0.95766169250878
8.76254180602007 0.958745440964255
8.79598662207358 0.959802612750488
8.82943143812709 0.960833800595436
8.8628762541806 0.961839587010253
8.89632107023411 0.962820544306356
8.92976588628762 0.963777234622681
8.96321070234114 0.964710209962506
8.99665551839465 0.96562001223921
9.03010033444816 0.966507173330373
9.06354515050167 0.967372215139666
9.09698996655518 0.968215649665963
9.1304347826087 0.96903797907917
9.16387959866221 0.969839695802251
9.19732441471572 0.970621282598987
9.23076923076923 0.971383212667003
9.26421404682274 0.972125949735626
9.29765886287625 0.972849948168156
9.33110367892977 0.973555653068148
9.36454849498328 0.974243500389342
9.39799331103679 0.974913917048864
9.4314381270903 0.975567321043358
9.46488294314381 0.976204121567741
9.49832775919732 0.976824719136255
9.53177257525084 0.977429505705529
9.56521739130435 0.978018864799386
9.59866220735786 0.978593171635123
9.63210702341137 0.979152793251022
9.66555183946488 0.979698088634862
9.69899665551839 0.980229408853218
9.73244147157191 0.980747097181329
9.76588628762542 0.981251489233358
9.79933110367893 0.981742913092854
9.83277591973244 0.982221689443247
9.86622073578595 0.982688131698226
9.89966555183946 0.98314254613184
9.93311036789298 0.983585232008198
9.96655518394649 0.984016481710625
10 0.98443658087017
