0 0.0274222062212689
0.005005005005005 0.0275941359820867
0.01001001001001 0.0277671129200864
0.015015015015015 0.0279411430263921
0.02002002002002 0.0281162323215368
0.025025025025025 0.0282923868555447
0.03003003003003 0.0284696127080118
0.035035035035035 0.0286479159881869
0.04004004004004 0.0288273028350512
0.045045045045045 0.0290077794173975
0.05005005005005 0.0291893519339084
0.0550550550550551 0.0293720266132341
0.0600600600600601 0.0295558097140695
0.0650650650650651 0.0297407075252299
0.0700700700700701 0.0299267263657266
0.0750750750750751 0.0301138725848413
0.0800800800800801 0.0303021525622
0.0850850850850851 0.0304915727078456
0.0900900900900901 0.03068213946231
0.0950950950950951 0.0308738592966854
0.1001001001001 0.031066738712694
0.105105105105105 0.031260784242758
0.11011011011011 0.0314560024500674
0.115115115115115 0.0316523999286475
0.12012012012012 0.0318499833034257
0.125125125125125 0.0320487592302966
0.13013013013013 0.0322487343961863
0.135135135135135 0.0324499155191163
0.14014014014014 0.0326523093482653
0.145145145145145 0.0328559226640307
0.15015015015015 0.0330607622780891
0.155155155155155 0.0332668350334547
0.16016016016016 0.0334741478045376
0.165165165165165 0.0336827074972006
0.17017017017017 0.0338925210488146
0.175175175175175 0.0341035954283132
0.18018018018018 0.0343159376362457
0.185185185185185 0.034529554704829
0.19019019019019 0.0347444536979983
0.195195195195195 0.0349606417114565
0.2002002002002 0.0351781258727222
0.205205205205205 0.0353969133411764
0.21021021021021 0.0356170113081078
0.215215215215215 0.0358384269967571
0.22022022022022 0.0360611676623588
0.225225225225225 0.0362852405921834
0.23023023023023 0.036510653105576
0.235235235235235 0.0367374125539953
0.24024024024024 0.03696552632105
0.245245245245245 0.0371950018225337
0.25025025025025 0.0374258465064589
0.255255255255255 0.0376580678530892
0.26026026026026 0.0378916733749689
0.265265265265265 0.0381266706169527
0.27027027027027 0.0383630671562323
0.275275275275275 0.0386008706023621
0.28028028028028 0.0388400885972828
0.285285285285285 0.0390807288153436
0.29029029029029 0.0393227989633221
0.295295295295295 0.0395663067804433
0.3003003003003 0.0398112600383955
0.305305305305305 0.0400576665413458
0.31031031031031 0.0403055341259526
0.315315315315315 0.0405548706613768
0.32032032032032 0.0408056840492908
0.325325325325325 0.0410579822238854
0.33033033033033 0.0413117731518754
0.335335335335335 0.0415670648325025
0.34034034034034 0.041823865297536
0.345345345345345 0.0420821826112724
0.35035035035035 0.0423420248705318
0.355355355355355 0.0426034002046529
0.36036036036036 0.0428663167754856
0.365365365365365 0.0431307827773811
0.37037037037037 0.04339680643718
0.375375375375375 0.0436643960141988
0.38038038038038 0.0439335598002127
0.385385385385385 0.0442043061194373
0.39039039039039 0.0444766433285075
0.395395395395395 0.0447505798164536
0.4004004004004 0.045026124004676
0.405405405405405 0.0453032843469165
0.41041041041041 0.0455820693292271
0.415415415415415 0.0458624874699375
0.42042042042042 0.0461445473196181
0.425425425425425 0.0464282574610426
0.43043043043043 0.0467136265091458
0.435435435435435 0.0470006631109806
0.44044044044044 0.0472893759456709
0.445445445445445 0.047579773724363
0.45045045045045 0.047871865190173
0.455455455455455 0.0481656591181324
0.46046046046046 0.0484611643151305
0.465465465465465 0.0487583896198539
0.47047047047047 0.0490573439027228
0.475475475475475 0.0493580360658252
0.48048048048048 0.0496604750428474
0.485485485485485 0.0499646697990013
0.49049049049049 0.0502706293309499
0.495495495495495 0.0505783626667281
0.500500500500501 0.0508878788656616
0.505505505505506 0.0511991870182818
0.510510510510511 0.0515122962462383
0.515515515515516 0.0518272157022077
0.520520520520521 0.0521439545697987
0.525525525525526 0.0524625220634549
0.530530530530531 0.0527829274283536
0.535535535535536 0.0531051799403012
0.540540540540541 0.0534292889056254
0.545545545545546 0.0537552636610638
0.550550550550551 0.054083113573649
0.555555555555556 0.0544128480405903
0.560560560560561 0.0547444764891516
0.565565565565566 0.0550780083765259
0.570570570570571 0.0554134531897056
0.575575575575576 0.0557508204453504
0.580580580580581 0.0560901196896493
0.585585585585586 0.0564313604981814
0.590590590590591 0.0567745524757704
0.595595595595596 0.0571197052563374
0.600600600600601 0.0574668285027477
0.605605605605606 0.0578159319066558
0.610610610610611 0.0581670251883445
0.615615615615616 0.0585201180965612
0.620620620620621 0.0588752204083498
0.625625625625626 0.059232341928878
0.630630630630631 0.0595914924912612
0.635635635635636 0.0599526819563819
0.640640640640641 0.0603159202127044
0.645645645645646 0.0606812171760861
0.650650650650651 0.0610485827895835
0.655655655655656 0.061418027023255
0.660660660660661 0.0617895598739577
0.665665665665666 0.0621631913651415
0.670670670670671 0.0625389315466375
0.675675675675676 0.0629167904944419
0.680680680680681 0.0632967783104964
0.685685685685686 0.0636789051224624
0.690690690690691 0.0640631810834918
0.695695695695696 0.0644496163719925
0.700700700700701 0.0648382211913892
0.705705705705706 0.0652290057698796
0.710710710710711 0.0656219803601853
0.715715715715716 0.0660171552392986
0.720720720720721 0.0664145407082233
0.725725725725726 0.0668141470917118
0.730730730730731 0.0672159847379958
0.735735735735736 0.067620064018513
0.740740740740741 0.0680263953276284
0.745745745745746 0.0684349890823502
0.750750750750751 0.0688458557220407
0.755755755755756 0.0692590057081219
0.760760760760761 0.069674449523776
0.765765765765766 0.0700921976736403
0.770770770770771 0.0705122606834969
0.775775775775776 0.070934649099957
0.780780780780781 0.0713593734901398
0.785785785785786 0.0717864444413453
0.790790790790791 0.0722158725607228
0.795795795795796 0.0726476684749323
0.800800800800801 0.0730818428298019
0.805805805805806 0.0735184062899777
0.810810810810811 0.0739573695385698
0.815815815815816 0.0743987432767911
0.820820820820821 0.0748425382235914
0.825825825825826 0.0752887651152846
0.830830830830831 0.0757374347051711
0.835835835835836 0.0761885577631533
0.840840840840841 0.076642145075346
0.845845845845846 0.07709820744368
0.850850850850851 0.0775567556855001
0.855855855855856 0.078017800633157
0.860860860860861 0.0784813531335931
0.865865865865866 0.0789474240479215
0.870870870870871 0.0794160242509999
0.875875875875876 0.0798871646309974
0.880880880880881 0.0803608560889549
0.885885885885886 0.08083710953834
0.890890890890891 0.0813159359045948
0.895895895895896 0.0817973461246772
0.900900900900901 0.0822813511465968
0.905905905905906 0.0827679619289426
0.910910910910911 0.0832571894404059
0.915915915915916 0.0837490446592955
0.920920920920921 0.0842435385730466
0.925925925925926 0.0847406821777233
0.930930930930931 0.0852404864775137
0.935935935935936 0.0857429624842196
0.940940940940941 0.0862481212167381
0.945945945945946 0.0867559737005368
0.950950950950951 0.0872665309671228
0.955955955955956 0.0877798040535041
0.960960960960961 0.0882958040016444
0.965965965965966 0.0888145418579107
0.970970970970971 0.0893360286725146
0.975975975975976 0.0898602754989459
0.980980980980981 0.0903872933933998
0.985985985985986 0.0909170934141959
0.990990990990991 0.0914496866211921
0.995995995995996 0.0919850840751889
1.001001001001 0.0925232968373292
1.00600600600601 0.0930643359684882
1.01101101101101 0.0936082125286585
1.01601601601602 0.0941549375763266
1.02102102102102 0.0947045221678424
1.02602602602603 0.0952569773567813
1.03103103103103 0.0958123141932997
1.03603603603604 0.0963705437234824
1.04104104104104 0.0969316769886826
1.04604604604605 0.0974957250248551
1.05105105105105 0.0980626988618818
1.05605605605606 0.0986326095228897
1.06106106106106 0.0992054680235615
1.06606606606607 0.0997812853714387
1.07107107107107 0.100360072565217
1.07607607607608 0.100941840594036
1.08108108108108 0.101526600436757
1.08608608608609 0.102114363061239
1.09109109109109 0.102705139423601
1.0960960960961 0.103298940467485
1.1011011011011 0.1038957771233
1.10610610610611 0.10449566030747
1.11111111111111 0.105098600921668
1.11611611611612 0.105704609852039
1.12112112112112 0.106313697968429
1.12612612612613 0.106925876123587
1.13113113113113 0.107541155152378
1.13613613613614 0.108159545870976
1.14114114114114 0.108781059076053
1.14614614614615 0.109405705543963
1.15115115115115 0.110033496029913
1.15615615615616 0.110664441267133
1.16116116116116 0.111298551966033
1.16616616616617 0.111935838813351
1.17117117117117 0.112576312471303
1.17617617617618 0.113219983576712
1.18118118118118 0.113866862740141
1.18618618618619 0.114516960545011
1.19119119119119 0.115170287546714
1.1961961961962 0.115826854271718
1.2012012012012 0.116486671216667
1.20620620620621 0.117149748847467
1.21121121121121 0.117816097598371
1.21621621621622 0.118485727871055
1.22122122122122 0.11915865003368
1.22622622622623 0.119834874419957
1.23123123123123 0.120514411328198
1.23623623623624 0.12119727102036
1.24124124124124 0.12188346372108
1.24624624624625 0.122572999616708
1.25125125125125 0.123265888854329
1.25625625625626 0.123962141540776
1.26126126126126 0.124661767741638
1.26626626626627 0.125364777480264
1.27127127127127 0.126071180736748
1.27627627627628 0.126780987446923
1.28128128128128 0.127494207501333
1.28628628628629 0.128210850744208
1.29129129129129 0.128930926972426
1.2962962962963 0.129654445934471
1.3013013013013 0.130381417329383
1.30630630630631 0.131111850805699
1.31131131131131 0.131845755960389
1.31631631631632 0.132583142337788
1.32132132132132 0.133324019428513
1.32632632632633 0.134068396668384
1.33133133133133 0.134816283437325
1.33633633633634 0.135567689058272
1.34134134134134 0.136322622796064
1.34634634634635 0.137081093856336
1.35135135135135 0.137843111384392
1.35635635635636 0.138608684464092
1.36136136136136 0.139377822116709
1.36636636636637 0.140150533299801
1.37137137137137 0.140926826906062
1.37637637637638 0.141706711762174
1.38138138138138 0.142490196627649
1.38638638638639 0.143277290193671
1.39139139139139 0.144068001081922
1.3963963963964 0.144862337843414
1.4014014014014 0.145660308957304
1.40640640640641 0.146461922829711
1.41141141141141 0.147267187792528
1.41641641641642 0.148076112102218
1.42142142142142 0.148888703938619
1.42642642642643 0.14970497140373
1.43143143143143 0.150524922520505
1.43643643643644 0.151348565231629
1.44144144144144 0.152175907398301
1.44644644644645 0.153006956798999
1.45145145145145 0.153841721128255
1.45645645645646 0.154680207995411
1.46146146146146 0.15552242492338
1.46646646646647 0.156368379347401
1.47147147147147 0.157218078613782
1.47647647647648 0.158071529978653
1.48148148148148 0.158928740606699
1.48648648648649 0.159789717569901
1.49149149149149 0.160654467846268
1.4964964964965 0.161522998318564
1.5015015015015 0.162395315773034
1.50650650650651 0.163271426898129
1.51151151151151 0.164151338283217
1.51651651651652 0.165035056417307
1.52152152152152 0.165922587687753
1.52652652652653 0.166813938378968
1.53153153153153 0.16770911467113
1.53653653653654 0.168608122638881
1.54154154154154 0.169510968250034
1.54654654654655 0.170417657364268
1.55155155155155 0.171328195731825
1.55655655655656 0.172242588992205
1.56156156156156 0.173160842672859
1.56656656656657 0.17408296218788
1.57157157157157 0.175008952836688
1.57657657657658 0.175938819802726
1.58158158158158 0.176872568152137
1.58658658658659 0.17781020283246
1.59159159159159 0.178751728671304
1.5965965965966 0.179697150375042
1.6016016016016 0.180646472527486
1.60660660660661 0.181599699588576
1.61161161161161 0.182556835893062
1.61661661661662 0.183517885649183
1.62162162162162 0.184482852937358
1.62662662662663 0.185451741708862
1.63163163163163 0.186424555784513
1.63663663663664 0.187401298853361
1.64164164164164 0.188381974471369
1.64664664664665 0.189366586060102
1.65165165165165 0.190355136905417
1.65665665665666 0.191347630156152
1.66166166166166 0.192344068822821
1.66666666666667 0.193344455776303
1.67167167167167 0.194348793746543
1.67667667667668 0.195357085321252
1.68168168168168 0.196369332944604
1.68668668668669 0.197385538915944
1.69169169169169 0.198405705388496
1.6966966966967 0.199429834368072
1.7017017017017 0.200457927711789
1.70670670670671 0.201489987126785
1.71171171171171 0.202526014168944
1.71671671671672 0.203566010241623
1.72172172172172 0.204609976594379
1.72672672672673 0.205657914321713
1.73173173173173 0.206709824361801
1.73673673673674 0.20776570749525
1.74174174174174 0.208825564343844
1.74674674674675 0.209889395369302
1.75175175175175 0.210957200872043
1.75675675675676 0.212028980989955
1.76176176176176 0.213104735697171
1.76676676676677 0.214184464802852
1.77177177177177 0.215268167949975
1.77677677677678 0.216355844614132
1.78178178178178 0.217447494102334
1.78678678678679 0.218543115551822
1.79179179179179 0.219642707928888
1.7967967967968 0.220746270027704
1.8018018018018 0.221853800469156
1.80680680680681 0.222965297699692
1.81181181181181 0.224080759990175
1.81681681681682 0.225200185434748
1.82182182182182 0.226323571949707
1.82682682682683 0.227450917272383
1.83183183183183 0.228582218960039
1.83683683683684 0.229717474388766
1.84184184184184 0.230856680752407
1.84684684684685 0.231999835061473
1.85185185185185 0.233146934142085
1.85685685685686 0.234297974634921
1.86186186186186 0.235452952994171
1.86686686686687 0.236611865486514
1.87187187187187 0.237774708190099
1.87687687687688 0.238941476993541
1.88188188188188 0.240112167594929
1.88688688688689 0.241286775500849
1.89189189189189 0.242465296025422
1.8968968968969 0.243647724289347
1.9019019019019 0.244834055218969
1.90690690690691 0.246024283545353
1.91191191191191 0.247218403803376
1.91691691691692 0.248416410330834
1.92192192192192 0.249618297267563
1.92692692692693 0.250824058554575
1.93193193193193 0.252033687933208
1.93693693693694 0.253247178944298
1.94194194194194 0.25446452492736
1.94694694694695 0.255685719019786
1.95195195195195 0.256910754156068
1.95695695695696 0.258139623067025
1.96196196196196 0.259372318279058
1.96696696696697 0.260608832113417
1.97197197197197 0.261849156685488
1.97697697697698 0.263093283904096
1.98198198198198 0.264341205470825
1.98698698698699 0.265592912879364
1.99199199199199 0.266848397414863
1.996996996997 0.268107650153309
2.002002002002 0.269370661960932
2.00700700700701 0.270637423493612
2.01201201201201 0.271907925196326
2.01701701701702 0.273182157302597
2.02202202202202 0.274460109833977
2.02702702702703 0.275741772599542
2.03203203203203 0.277027135195414
2.03703703703704 0.278316187004297
2.04204204204204 0.279608917195041
2.04704704704705 0.280905314722226
2.05205205205205 0.282205368325761
2.05705705705706 0.283509066530518
2.06206206206206 0.284816397645977
2.06706706706707 0.286127349765895
2.07207207207207 0.287441910768007
2.07707707707708 0.288760068313735
2.08208208208208 0.290081809847935
2.08708708708709 0.291407122598658
2.09209209209209 0.292735993576935
2.0970970970971 0.294068409576592
2.1021021021021 0.295404357174084
2.10710710710711 0.296743822728353
2.11211211211211 0.298086792380712
2.11711711711712 0.299433252054756
2.12212212212212 0.300783187456293
2.12712712712713 0.302136584073303
2.13213213213213 0.30349342717592
2.13713713713714 0.304853701816446
2.14214214214214 0.306217392829381
2.14714714714715 0.307584484831482
2.15215215215215 0.308954962221857
2.15715715715716 0.310328809182069
2.16216216216216 0.311706009676281
2.16716716716717 0.313086547451418
2.17217217217217 0.314470406037358
2.17717717717718 0.315857568747153
2.18218218218218 0.317248018677276
2.18718718718719 0.318641738707887
2.19219219219219 0.320038711503141
2.1971971971972 0.321438919511507
2.2022022022022 0.322842344966129
2.20720720720721 0.324248969885204
2.21221221221221 0.325658776072393
2.21721721721722 0.327071745117257
2.22222222222222 0.328487858395727
2.22722722722723 0.329907097070589
2.23223223223223 0.331329442092014
2.23723723723724 0.332754874198101
2.24224224224224 0.33418337391546
2.24724724724725 0.335614921559812
2.25225225225225 0.33704949723663
2.25725725725726 0.338487080841797
2.26226226226226 0.3399276520623
2.26726726726727 0.341371190376947
2.27227227227227 0.342817675057122
2.27727727727728 0.344267085167555
2.28228228228228 0.345719399567132
2.28728728728729 0.347174596909728
2.29229229229229 0.348632655645073
2.2972972972973 0.350093554019641
2.3023023023023 0.351557270077572
2.30730730730731 0.353023781661625
2.31231231231231 0.354493066414149
2.31731731731732 0.3559651017781
2.32232232232232 0.35743986499807
2.32732732732733 0.358917333121351
2.33233233233233 0.360397482999037
2.33733733733734 0.361880291287134
2.34234234234234 0.363365734447723
2.34734734734735 0.364853788750128
2.35235235235235 0.366344430272134
2.35735735735736 0.367837634901215
2.36236236236236 0.369333378335804
2.36736736736737 0.370831636086581
2.37237237237237 0.372332383477801
2.37737737737738 0.373835595648636
2.38238238238238 0.375341247554559
2.38738738738739 0.376849313968741
2.39239239239239 0.378359769483492
2.3973973973974 0.379872588511719
2.4024024024024 0.381387745288411
2.40740740740741 0.38290521387216
2.41241241241241 0.3844249681467
2.41741741741742 0.385946981822479
2.42242242242242 0.387471228438254
2.42742742742743 0.388997681362719
2.43243243243243 0.390526313796152
2.43743743743744 0.392057098772094
2.44244244244244 0.39359000915905
2.44744744744745 0.395125017662222
2.45245245245245 0.396662096825263
2.45745745745746 0.398201219032056
2.46246246246246 0.399742356508524
2.46746746746747 0.401285481324462
2.47247247247247 0.402830565395391
2.47747747747748 0.404377580484442
2.48248248248248 0.405926498204263
2.48748748748749 0.407477290018949
2.49249249249249 0.409029927245998
2.4974974974975 0.410584381058288
2.5025025025025 0.412140622486084
2.50750750750751 0.413698622419057
2.51251251251251 0.415258351608339
2.51751751751752 0.416819780668593
2.52252252252252 0.418382880080106
2.52752752752753 0.419947620190906
2.53253253253253 0.421513971218902
2.53753753753754 0.423081903254041
2.54254254254254 0.424651386260493
2.54754754754755 0.426222390078849
2.55255255255255 0.427794884428348
2.55755755755756 0.429368838909117
2.56256256256256 0.430944223004435
2.56756756756757 0.432521006083019
2.57257257257257 0.434099157401319
2.57757757757758 0.435678646105847
2.58258258258258 0.437259441235512
2.58758758758759 0.438841511723978
2.59259259259259 0.440424826402041
2.5975975975976 0.442009354000022
2.6026026026026 0.443595063150177
2.60760760760761 0.445181922389124
2.61261261261261 0.446769900160286
2.61761761761762 0.448358964816351
2.62262262262262 0.449949084621746
2.62762762762763 0.451540227755128
2.63263263263263 0.453132362311888
2.63763763763764 0.454725456306669
2.64264264264264 0.456319477675901
2.64764764764765 0.457914394280345
2.65265265265265 0.459510173907655
2.65765765765766 0.461106784274949
2.66266266266266 0.462704193031392
2.66766766766767 0.464302367760792
2.67267267267267 0.465901275984212
2.67767767767768 0.467500885162581
2.68268268268268 0.469101162699329
2.68768768768769 0.470702075943023
2.69269269269269 0.472303592190013
2.6976976976977 0.473905678687093
2.7027027027027 0.475508302634169
2.70770770770771 0.477111431186924
2.71271271271271 0.478715031459511
2.71771771771772 0.480319070527234
2.72272272272272 0.481923515429248
2.72772772772773 0.483528333171259
2.73273273273273 0.485133490728236
2.73773773773774 0.486738955047119
2.74274274274274 0.488344693049541
2.74774774774775 0.48995067163455
2.75275275275275 0.491556857681337
2.75775775775776 0.493163218051963
2.76276276276276 0.494769719594095
2.76776776776777 0.496376329143743
2.77277277277277 0.497983013527994
2.77777777777778 0.499589739567754
2.78278278278278 0.501196474080488
2.78778778778779 0.50280318388296
2.79279279279279 0.504409835793978
2.7977977977978 0.50601639663713
2.8028028028028 0.507622833243525
2.80780780780781 0.509229112454537
2.81281281281281 0.510835201124534
2.81781781781782 0.512441066123618
2.82282282282282 0.514046674340355
2.82782782782783 0.515651992684504
2.83283283283283 0.517256988089743
2.83783783783784 0.518861627516386
2.84284284284284 0.520465877954105
2.84784784784785 0.522069706424634
2.85285285285285 0.523673079984481
2.85785785785786 0.525275965727622
2.86286286286286 0.526878330788196
2.86786786786787 0.528480142343193
2.87287287287287 0.530081367615125
2.87787787787788 0.531681973874706
2.88288288288288 0.533281928443504
2.88788788788789 0.534881198696602
2.89289289289289 0.536479752065236
2.8978978978979 0.538077556039433
2.9029029029029 0.539674578170631
2.90790790790791 0.541270786074295
2.91291291291291 0.542866147432517
2.91791791791792 0.544460629996607
2.92292292292292 0.546054201589673
2.92792792792793 0.547646830109182
2.93293293293293 0.54923848352952
2.93793793793794 0.550829129904526
2.94294294294294 0.55241873737002
2.94794794794795 0.554007274146317
2.95295295295295 0.555594708540722
2.95795795795796 0.557181008950014
2.96296296296296 0.558766143862912
2.96796796796797 0.560350081862529
2.97297297297297 0.561932791628802
2.97797797797798 0.563514241940918
2.98298298298298 0.565094401679712
2.98798798798799 0.56667323983005
2.99299299299299 0.5682507254832
2.997997997998 0.569826827839179
3.003003003003 0.571401516209083
3.00800800800801 0.5729747600174
3.01301301301301 0.574546528804302
3.01801801801802 0.576116792227919
3.02302302302302 0.577685520066592
3.02802802802803 0.579252682221105
3.03303303303303 0.5808182487169
3.03803803803804 0.582382189706267
3.04304304304304 0.583944475470519
3.04804804804805 0.585505076422134
3.05305305305305 0.58706396310689
3.05805805805806 0.588621106205967
3.06306306306306 0.590176476538031
3.06806806806807 0.591730045061293
3.07307307307307 0.593281782875552
3.07807807807808 0.594831661224202
3.08308308308308 0.59637965149623
3.08808808808809 0.597925725228177
3.09309309309309 0.599469854106088
3.0980980980981 0.601012009967426
3.1031031031031 0.602552164802967
3.10810810810811 0.604090290758672
3.11311311311311 0.605626360137532
3.11811811811812 0.607160345401385
3.12312312312312 0.608692219172713
3.12812812812813 0.610221954236408
3.13313313313313 0.611749523541516
3.13813813813814 0.613274900202958
3.14314314314314 0.614798057503211
3.14814814814815 0.616318968893982
3.15315315315315 0.617837607997839
3.15815815815816 0.619353948609826
3.16316316316316 0.620867964699043
3.16816816816817 0.622379630410209
3.17317317317317 0.623888920065183
3.17817817817818 0.625395808164473
3.18318318318318 0.626900269388711
3.18818818818819 0.628402278600093
3.19319319319319 0.629901810843809
3.1981981981982 0.631398841349424
3.2032032032032 0.632893345532249
3.20820820820821 0.634385298994673
3.21321321321321 0.635874677527473
3.21821821821822 0.637361457111089
3.22322322322322 0.638845613916879
3.22822822822823 0.640327124308337
3.23323323323323 0.641805964842292
3.23823823823824 0.643282112270069
3.24324324324324 0.644755543538628
3.24824824824825 0.646226235791671
3.25325325325325 0.647694166370722
3.25825825825826 0.649159312816177
3.26326326326326 0.650621652868328
3.26826826826827 0.652081164468352
3.27327327327327 0.65353782575928
3.27827827827828 0.654991615086932
3.28328328328328 0.65644251100082
3.28828828828829 0.657890492255031
3.29329329329329 0.659335537809072
3.2982982982983 0.660777626828696
3.3033033033033 0.662216738686688
3.30830830830831 0.663652852963632
3.31331331331331 0.665085949448645
3.31831831831832 0.666516008140083
3.32332332332332 0.667943009246217
3.32832832832833 0.669366933185884
3.33333333333333 0.670787760589106
3.33833833833834 0.672205472297685
3.34334334334334 0.673620049365762
3.34834834834835 0.675031473060356
3.35335335335335 0.676439724861874
3.35835835835836 0.677844786464584
3.36336336336336 0.679246639777072
3.36836836836837 0.680645266922665
3.37337337337337 0.682040650239824
3.37837837837838 0.683432772282516
3.38338338338338 0.684821615820554
3.38838838838839 0.686207163839908
3.39339339339339 0.687589399542998
3.3983983983984 0.688968306348944
3.4034034034034 0.690343867893806
3.40840840840841 0.691716068030785
3.41341341341341 0.693084890830405
3.41841841841842 0.694450320580663
3.42342342342342 0.695812341787157
3.42842842842843 0.69717093917318
3.43343343343343 0.698526097679803
3.43843843843844 0.699877802465915
3.44344344344344 0.701226038908249
3.44844844844845 0.702570792601376
3.45345345345345 0.70391204935768
3.45845845845846 0.7052497952073
3.46346346346346 0.706584016398055
3.46846846846847 0.707914699395335
3.47347347347347 0.70924183088198
3.47847847847848 0.710565397758122
3.48348348348348 0.711885387141011
3.48848848848849 0.713201786364813
3.49349349349349 0.714514582980387
3.4984984984985 0.715823764755035
3.5035035035035 0.717129319672234
3.50850850850851 0.71843123593134
3.51351351351351 0.719729501947271
3.51851851851852 0.721024106350168
3.52352352352352 0.722315037985031
3.52852852852853 0.723602285911339
3.53353353353353 0.724885839402639
3.53853853853854 0.726165687946123
3.54354354354354 0.727441821242173
3.54854854854855 0.728714229203899
3.55355355355355 0.729982901956638
3.55855855855856 0.731247829837449
3.56356356356356 0.732509003394578
3.56856856856857 0.733766413386907
3.57357357357357 0.735020050783379
3.57857857857858 0.736269906762405
3.58358358358358 0.737515972711259
3.58858858858859 0.738758240225437
3.59359359359359 0.739996701108017
3.5985985985986 0.741231347368984
3.6036036036036 0.742462171224545
3.60860860860861 0.743689165096428
3.61361361361361 0.744912321611153
3.61861861861862 0.746131633599295
3.62362362362362 0.747347094094726
3.62862862862863 0.748558696333844
3.63363363363363 0.749766433754772
3.63863863863864 0.750970299996562
3.64364364364364 0.752170288898362
3.64864864864865 0.753366394498581
3.65365365365365 0.754558611034029
3.65865865865866 0.75574693293905
3.66366366366366 0.756931354844633
3.66866866866867 0.758111871577514
3.67367367367367 0.759288478159256
3.67867867867868 0.760461169805321
3.68368368368368 0.761629941924128
3.68868868868869 0.762794790116091
3.69369369369369 0.763955710172653
3.6986986986987 0.765112698075295
3.7037037037037 0.766265749994546
3.70870870870871 0.767414862288966
3.71371371371371 0.768560031504128
3.71871871871872 0.769701254371581
3.72372372372372 0.770838527807806
3.72872872872873 0.771971848913157
3.73373373373373 0.77310121497079
3.73873873873874 0.774226623445583
3.74374374374374 0.77534807198305
3.74874874874875 0.776465558408232
3.75375375375375 0.777579080724589
3.75875875875876 0.778688637112881
3.76376376376376 0.779794225930031
3.76876876876877 0.780895845707987
3.77377377377377 0.781993495152573
3.77877877877878 0.78308717314233
3.78378378378378 0.784176878727345
3.78878878878879 0.78526261112808
3.79379379379379 0.786344369734187
3.7987987987988 0.787422154103312
3.8038038038038 0.788495963959902
3.80880880880881 0.789565799193993
3.81381381381381 0.790631659860002
3.81881881881882 0.791693546175498
3.82382382382382 0.792751458519985
3.82882882882883 0.793805397433659
3.83383383383383 0.794855363616175
3.83883883883884 0.7959013579254
3.84384384384384 0.79694338137616
3.84884884884885 0.797981435138987
3.85385385385385 0.799015520538854
3.85885885885886 0.800045639053911
3.86386386386386 0.801071792314214
3.86886886886887 0.802093982100451
3.87387387387387 0.803112210342657
3.87887887887888 0.804126479118939
3.88388388388388 0.805136790654182
3.88888888888889 0.806143147318762
3.89389389389389 0.80714555162725
3.8988988988989 0.808144006237117
3.9039039039039 0.809138513947436
3.90890890890891 0.810129077697574
3.91391391391391 0.811115700565895
3.91891891891892 0.812098385768445
3.92392392392392 0.813077136657651
3.92892892892893 0.814051956721008
3.93393393393393 0.815022849579763
3.93893893893894 0.815989818987608
3.94394394394394 0.816952868829364
3.94894894894895 0.817912003119661
3.95395395395395 0.818867226001628
3.95895895895896 0.819818541745574
3.96396396396396 0.820765954747672
3.96896896896897 0.821709469528641
3.97397397397397 0.822649090732429
3.97897897897898 0.823584823124897
3.98398398398398 0.824516671592504
3.98898898898899 0.825444641140987
3.99399399399399 0.826368736894053
3.998998998999 0.827288964092059
4.004004004004 0.828205328090701
4.00900900900901 0.829117834359704
4.01401401401401 0.830026488481511
4.01901901901902 0.830931296149975
4.02402402402402 0.83183226316905
4.02902902902903 0.832729395451491
4.03403403403403 0.833622699017547
4.03903903903904 0.834512179993664
4.04404404404404 0.835397844611187
4.04904904904905 0.836279699205061
4.05405405405405 0.837157750212544
4.05905905905906 0.838032004171913
4.06406406406406 0.838902467721182
4.06906906906907 0.839769147596813
4.07407407407407 0.84063205063244
4.07907907907908 0.841491183757593
4.08408408408408 0.842346553996421
4.08908908908909 0.843198168466426
4.09409409409409 0.844046034377197
4.0990990990991 0.844890159029148
4.1041041041041 0.845730549812259
4.10910910910911 0.846567214204825
4.11411411411411 0.847400159772209
4.11911911911912 0.848229394165591
4.12412412412412 0.849054925120734
4.12912912912913 0.84987676045675
4.13413413413413 0.850694908074861
4.13913913913914 0.851509375957184
4.14414414414414 0.852320172165502
4.14914914914915 0.853127304840056
4.15415415415415 0.853930782198328
4.15915915915916 0.85473061253384
4.16416416416416 0.855526804214955
4.16916916916917 0.85631936568368
4.17417417417417 0.85710830545448
4.17917917917918 0.857893632113095
4.18418418418418 0.858675354315362
4.18918918918919 0.859453480786045
4.19419419419419 0.860228020317669
4.1991991991992 0.860998981769362
4.2042042042042 0.861766374065699
4.20920920920921 0.86253020619556
4.21421421421421 0.863290487210984
4.21921921921922 0.864047226226038
4.22422422422422 0.864800432415688
4.22922922922923 0.865550115014677
4.23423423423423 0.866296283316412
4.23923923923924 0.867038946671853
4.24424424424424 0.86777811448841
4.24924924924925 0.868513796228854
4.25425425425425 0.869246001410223
4.25925925925926 0.86997473960274
4.26426426426426 0.870700020428744
4.26926926926927 0.871421853561614
4.27427427427427 0.872140248724718
4.27927927927928 0.87285521569035
4.28428428428428 0.873566764278689
4.28928928928929 0.874274904356757
4.29429429429429 0.874979645837386
4.2992992992993 0.875680998678195
4.3043043043043 0.87637897288057
4.30930930930931 0.877073578488654
4.31431431431431 0.877764825588342
4.31931931931932 0.878452724306288
4.32432432432432 0.879137284808911
4.32932932932933 0.879818517301419
4.33433433433433 0.880496432026831
4.33933933933934 0.881171039265014
4.34434434434434 0.881842349331719
4.34934934934935 0.882510372577633
4.35435435435435 0.883175119387434
4.35935935935936 0.883836600178854
4.36436436436436 0.884494825401751
4.36936936936937 0.885149805537184
4.37437437437437 0.885801551096506
4.37937937937938 0.886450072620449
4.38438438438438 0.887095380678233
4.38938938938939 0.887737485866669
4.39439439439439 0.88837639880928
4.3993993993994 0.889012130155423
4.4044044044044 0.889644690579421
4.40940940940941 0.890274090779701
4.41441441441441 0.890900341477945
4.41941941941942 0.891523453418241
4.42442442442442 0.892143437366249
4.42942942942943 0.892760304108367
4.43443443443443 0.893374064450913
4.43943943943944 0.893984729219305
4.44444444444444 0.89459230925726
4.44944944944945 0.895196815425993
4.45445445445445 0.895798258603422
4.45945945945946 0.896396649683389
4.46446446446446 0.89699199957488
4.46946946946947 0.897584319201257
4.47447447447447 0.898173619499498
4.47947947947948 0.898759911419445
4.48448448448448 0.899343205923052
4.48948948948949 0.899923513983655
4.49449449449449 0.900500846585234
4.4994994994995 0.901075214721694
4.5045045045045 0.901646629396148
4.50950950950951 0.902215101620208
4.51451451451451 0.902780642413287
4.51951951951952 0.903343262801902
4.52452452452452 0.903902973818993
4.52952952952953 0.904459786503238
4.53453453453453 0.905013711898389
4.53953953953954 0.905564761052606
4.54454454454454 0.906112945017799
4.54954954954955 0.906658274848981
4.55455455455455 0.907200761603627
4.55955955955956 0.907740416341038
4.56456456456456 0.908277250121716
4.56956956956957 0.908811274006745
4.57457457457457 0.909342499057175
4.57957957957958 0.909870936333419
4.58458458458458 0.910396596894658
4.58958958958959 0.910919491798244
4.59459459459459 0.91143963209912
4.5995995995996 0.911957028849243
4.6046046046046 0.912471693097015
4.60960960960961 0.912983635886716
4.61461461461461 0.913492868257955
4.61961961961962 0.913999401245114
4.62462462462462 0.914503245876813
4.62962962962963 0.91500441317537
4.63463463463463 0.915502914156276
4.63963963963964 0.915998759827671
4.64464464464464 0.916491961189831
4.64964964964965 0.916982529234661
4.65465465465465 0.917470474945191
4.65965965965966 0.917955809295086
4.66466466466466 0.918438543248154
4.66966966966967 0.918918687757866
4.67467467467467 0.919396253766882
4.67967967967968 0.919871252206583
4.68468468468468 0.920343693996609
4.68968968968969 0.920813590044403
4.69469469469469 0.921280951244761
4.6996996996997 0.921745788479395
4.7047047047047 0.92220811261649
4.70970970970971 0.922667934510279
4.71471471471471 0.923125265000614
4.71971971971972 0.923580114912557
4.72472472472472 0.924032495055959
4.72972972972973 0.924482416225062
4.73473473473473 0.924929889198098
4.73973973973974 0.925374924736893
4.74474474474474 0.925817533586483
4.74974974974975 0.926257726474732
4.75475475475475 0.926695514111958
4.75975975975976 0.927130907190559
4.76476476476476 0.927563916384658
4.76976976976977 0.927994552349734
4.77477477477477 0.92842282572228
4.77977977977978 0.928848747119452
4.78478478478478 0.929272327138728
4.78978978978979 0.929693576357575
4.79479479479479 0.930112505333116
4.7997997997998 0.930529124601811
4.8048048048048 0.930943444679134
4.80980980980981 0.931355476059263
4.81481481481481 0.931765229214769
4.81981981981982 0.932172714596317
4.82482482482482 0.932577942632369
4.82982982982983 0.932980923728887
4.83483483483483 0.933381668269053
4.83983983983984 0.933780186612985
4.84484484484484 0.934176489097458
4.84984984984985 0.934570586035637
4.85485485485485 0.93496248771681
4.85985985985986 0.935352204406125
4.86486486486486 0.935739746344334
4.86986986986987 0.936125123747544
4.87487487487487 0.936508346806968
4.87987987987988 0.936889425688686
4.88488488488488 0.937268370533405
4.88988988988989 0.93764519145623
4.89489489489489 0.938019898546434
4.8998998998999 0.938392501867239
4.9049049049049 0.938763011455591
4.90990990990991 0.939131437321956
4.91491491491491 0.939497789450103
4.91991991991992 0.939862077796901
4.92492492492492 0.940224312292124
4.92992992992993 0.940584502838248
4.93493493493493 0.940942659310264
4.93993993993994 0.94129879155549
4.94494494494494 0.94165290939339
4.94994994994995 0.94200502261539
4.95495495495495 0.942355140984709
4.95995995995996 0.942703274236188
4.96496496496496 0.943049432076121
4.96996996996997 0.943393624182094
4.97497497497497 0.94373586020283
4.97997997997998 0.94407614975803
4.98498498498498 0.944414502438227
4.98998998998999 0.944750927804634
4.99499499499499 0.94508543538901
5 0.945418034693514
