0 0.011010838927103
0.0334448160535117 0.0113500262891592
0.0668896321070234 0.0116995386657153
0.100334448160535 0.0120596826291874
0.133779264214047 0.0124307733722235
0.167224080267559 0.0128131349197613
0.20066889632107 0.0132071003443464
0.234113712374582 0.0136130119846194
0.267558528428094 0.0140312216668715
0.301003344481605 0.0144620909295527
0.334448160535117 0.0149059912506005
0.367892976588629 0.0153633042774454
0.40133779264214 0.0158344220595283
0.434782608695652 0.0163197472831504
0.468227424749164 0.0168196935084562
0.501672240802676 0.0173346854083299
0.535117056856187 0.0178651590089654
0.568561872909699 0.0184115619318469
0.602006688963211 0.0189743536368543
0.635451505016722 0.0195540056661814
0.668896321070234 0.02015100188873
0.702341137123746 0.0207658387446147
0.735785953177257 0.0213990254893828
0.769230769230769 0.0220510844375261
0.802675585284281 0.0227225512048249
0.836120401337793 0.0234139749490353
0.869565217391304 0.0241259186083904
0.903010033444816 0.024858959137354
0.936454849498328 0.0256136877390224
0.969899665551839 0.0263907100935321
1.00334448160535 0.0271906465817867
1.03678929765886 0.0280141325037744
1.07023411371237 0.0288618182907004
1.10367892976589 0.0297343697101106
1.1371237458194 0.0306324680631351
1.17056856187291 0.0315568103729275
1.20401337792642 0.0325081095633229
1.23745819397993 0.0334870946266854
1.27090301003344 0.0344945107798566
1.30434782608696 0.0355311196070605
1.33779264214047 0.0365976991885615
1.37123745819398 0.0376950442138093
1.40468227424749 0.0388239660777452
1.438127090301 0.0399852929588786
1.47157190635451 0.0411798698776806
1.50501672240803 0.0424085587337745
1.53846153846154 0.0436722383203395
1.57190635451505 0.044971804314074
1.60535117056856 0.0463081692390046
1.63879598662207 0.0476822624023539
1.67224080267559 0.0490950298006192
1.7056856187291 0.0505474339939478
1.73913043478261 0.0520404539468291
1.77257525083612 0.0535750848330637
1.80602006688963 0.0551523378029078
1.83946488294314 0.0567732397102335
1.87290969899666 0.0584388327974917
1.90635451505017 0.0601501743362107
1.93979933110368 0.0619083362207191
1.97324414715719 0.0637144045127393
2.0066889632107 0.0655694789344572
2.04013377926421 0.0674746723076506
2.07357859531773 0.0694311099364285
2.10702341137124 0.0714399289311229
2.14046822742475 0.0735022774708675
2.17391304347826 0.0756193140023999
2.20735785953177 0.07779220637264
2.24080267558528 0.0800221308926223
2.2742474916388 0.0823102713303985
2.30769230769231 0.0846578178305819
2.34113712374582 0.0870659657582689
2.37458193979933 0.0895359144651612
2.40802675585284 0.0920688659758095
2.44147157190635 0.0946660235920227
2.47491638795987 0.097328590413622
2.50836120401338 0.100057767773882
2.54180602006689 0.102854753588181
2.5752508361204 0.105720740614581
2.60869565217391 0.108656914625304
2.64214046822742 0.111664452488297
2.67558528428094 0.11474452015837
2.70903010033445 0.117898270577716
2.74247491638796 0.121126841485893
2.77591973244147 0.124431353139791
2.80936454849498 0.127812905944405
2.84280936454849 0.131272577995721
2.87625418060201 0.134811422537419
2.90969899665552 0.138430465333578
2.94314381270903 0.142130701960079
2.97658862876254 0.145913095017899
3.01003344481605 0.149778571272052
3.04347826086956 0.153728018720503
3.07692307692308 0.157762283597972
3.11036789297659 0.161882167320146
3.1438127090301 0.166088423374481
3.17725752508361 0.170381754164366
3.21070234113712 0.174762807814146
3.24414715719064 0.179232174943094
3.27759197324415 0.183790385417161
3.31103678929766 0.188437905087929
3.34448160535117 0.193175132528915
3.37792642140468 0.198002395779998
3.41137123745819 0.20291994911137
3.44481605351171 0.207927969819044
3.47826086956522 0.213026555064529
3.51170568561873 0.218215718771837
3.54515050167224 0.223307340848928
3.57859531772575 0.22847820946184
3.61204013377926 0.233732781367687
3.64548494983278 0.239070752375438
3.67892976588629 0.244491734492463
3.7123745819398 0.249995253864656
3.74581939799331 0.255580748843442
3.77926421404682 0.26124756819167
3.81270903010033 0.266994969440321
3.84615384615385 0.272753439301485
3.87959866220736 0.278383815527191
3.91304347826087 0.284085016492551
3.94648829431438 0.289856076876244
3.97993311036789 0.295695951318833
4.0133779264214 0.301603514006475
4.04682274247492 0.307577558424496
4.08026755852843 0.313616797287264
4.11371237458194 0.319719862650301
4.14715719063545 0.325885306209984
4.18060200668896 0.33211159979561
4.21404682274247 0.338397136057887
4.24749163879599 0.344740229357221
4.2809364548495 0.351139116854422
4.31438127090301 0.357591959805608
4.34782608695652 0.364096845062295
4.38127090301003 0.370651786776751
4.41471571906354 0.37725472831181
4.44816053511706 0.383903544353412
4.48160535117057 0.390596043223203
4.51505016722408 0.397329969387561
4.54849498327759 0.404103006158477
4.5819397993311 0.410912778580768
4.61538461538461 0.41775685649913
4.64882943143813 0.424632757797649
4.68227424749164 0.431537951803466
4.71571906354515 0.438469862845407
4.74916387959866 0.445425873957593
4.78260869565217 0.452403330717212
4.81605351170569 0.459399545204921
4.8494983277592 0.466411800075663
4.88294314381271 0.473437352727049
4.91638795986622 0.48047343955191
4.94983277591973 0.487517280261164
4.98327759197324 0.494566082262699
5.01672240802676 0.501617045081693
5.05016722408027 0.508667364807522
5.08361204013378 0.515714238552274
5.11705685618729 0.522754868905812
5.1505016722408 0.529786468372337
5.18394648829431 0.536806263773536
5.21739130434783 0.543811500603562
5.25083612040134 0.550799447321401
5.28428093645485 0.55776739956652
5.31772575250836 0.564712684284123
5.35117056856187 0.571632663746885
5.38461538461538 0.578524739460589
5.4180602006689 0.585062961655108
5.45150501672241 0.591102145173732
5.48494983277592 0.597113959309557
5.51839464882943 0.603096734526528
5.55183946488294 0.609048835333347
5.58528428093645 0.614968661927064
5.61872909698997 0.620854651750657
5.65217391304348 0.626705280961867
5.68561872909699 0.632519065810918
5.7190635451505 0.638294563925094
5.75250836120401 0.644030375498516
5.78595317725753 0.649725144385798
5.81939799331104 0.655377559098636
5.85284280936455 0.660986353704711
5.88628762541806 0.666550308628648
5.91973244147157 0.672068251355097
5.95317725752508 0.677539057034321
5.9866220735786 0.682961648991019
6.02006688963211 0.688334999137364
6.05351170568562 0.693658128291585
6.08695652173913 0.698930106403643
6.12040133779264 0.704150052689852
6.15384615384615 0.709317135678496
6.18729096989967 0.714430573168772
6.22073578595318 0.719489632105542
6.25418060200669 0.724493628372609
6.2876254180602 0.729441926507384
6.32107023411371 0.734333939339978
6.35451505016722 0.739169127559868
6.38795986622074 0.743946999213436
6.42140468227425 0.748667109135749
6.45484949832776 0.753329058320051
6.48829431438127 0.75793249322849
6.52173913043478 0.762477105047668
6.55518394648829 0.766962628892611
6.58862876254181 0.771388842962788
6.62207357859532 0.775755567653815
6.65551839464883 0.78006266462845
6.68896321070234 0.784310035850461
6.72240802675585 0.788497622584939
6.75585284280936 0.792625404368527
6.78929765886288 0.796693397953024
6.82274247491639 0.80070165622572
6.8561872909699 0.804650267109747
6.88963210702341 0.808539352447645
6.92307692307692 0.812369066871247
6.95652173913043 0.816139596660862
6.98996655518395 0.819851158596673
7.02341137123746 0.823503998805096
7.05685618729097 0.827098391602773
7.09030100334448 0.830634638340738
7.12374581939799 0.83411306625115
7.1571906354515 0.837534027298911
7.19063545150502 0.840897897040289
7.22408026755853 0.844205073490627
7.25752508361204 0.847455976003003
7.29096989966555 0.850651044159648
7.32441471571906 0.853790736677766
7.35785953177257 0.85687553033129
7.39130434782609 0.859905918889986
7.4247491638796 0.862882412077184
7.45819397993311 0.865805534547329
7.49163879598662 0.868675824884389
7.52508361204013 0.871493834622089
7.55852842809364 0.874260127286796
7.59197324414716 0.87697527746381
7.62541806020067 0.879639869887688
7.65886287625418 0.882254498557151
7.69230769230769 0.884819765875026
7.7257525083612 0.887336281813595
7.75919732441471 0.889804663105623
7.79264214046823 0.89222553246128
7.82608695652174 0.894599517811091
7.85953177257525 0.896927251574959
7.89297658862876 0.899209369957281
7.92642140468227 0.901446512268067
7.95986622073579 0.903639320269964
7.9933110367893 0.905788437550985
8.02675585284281 0.907894508922741
8.06020066889632 0.909958179843889
8.09364548494983 0.911980095868491
8.12709030100334 0.913960902118935
8.16053511705686 0.915901242783036
8.19397993311037 0.917801760634891
8.22742474916388 0.919663096579061
8.26086956521739 0.921485889217594
8.2943143812709 0.923270774439421
8.32775919732441 0.925018385031589
8.36120401337793 0.926729350311834
8.39464882943144 0.928404295781936
8.42809364548495 0.930043842801309
8.46153846153846 0.931648608280275
8.49498327759197 0.933219204392443
8.52842809364548 0.934756238305632
8.561872909699 0.936260311930755
8.59531772575251 0.93773202168809
8.62876254180602 0.939171958290367
8.66220735785953 0.940580706542082
8.69565217391304 0.941958845154485
8.72909698996656 0.943306946575652
8.76254180602007 0.944625576835099
8.79598662207358 0.945915295402365
8.82943143812709 0.947176655059029
8.8628762541806 0.948410201783602
8.89632107023411 0.949616474648781
8.92976588628762 0.950796005730529
8.96321070234114 0.951949320028471
8.99665551839465 0.95307454140245
9.03010033444816 0.954144434759659
9.06354515050167 0.955191081569234
9.09698996655518 0.956214935089562
9.1304347826087 0.957216442095405
9.16387959866221 0.958196042858588
9.19732441471572 0.959154171135421
9.23076923076923 0.960091254160527
9.26421404682274 0.96100771264673
9.29765886287625 0.961903960790704
9.33110367892977 0.962780406284048
9.36454849498328 0.963637450329512
9.39799331103679 0.964475487662066
9.4314381270903 0.965294906574537
9.46488294314381 0.966096088947544
9.49832775919732 0.96687941028347
9.53177257525084 0.967645239744217
9.56521739130435 0.968393940192498
9.59866220735786 0.969125868236446
9.63210702341137 0.969841374277292
9.66555183946488 0.970540802559925
9.69899665551839 0.971224491226097
9.73244147157191 0.971892772370101
9.76588628762542 0.972545972096711
9.79933110367893 0.973184410581214
9.83277591973244 0.973808402131355
9.86622073578595 0.974418255251026
9.89966555183946 0.975014272705543
9.93311036789298 0.975596751588358
9.96655518394649 0.976165983389059
10 0.976722254062521
