0 0.0143322638496406
0.0334448160535117 0.0147402146713943
0.0668896321070234 0.0151595987370956
0.100334448160535 0.0155907261749472
0.133779264214047 0.0160339149317367
0.167224080267559 0.0164894909354425
0.20066889632107 0.0169577882591376
0.234113712374582 0.0174391492860557
0.267558528428094 0.0179339248756723
0.301003344481605 0.0184424745306405
0.334448160535117 0.0189651665644077
0.367892976588629 0.0195023782693271
0.40133779264214 0.0200544960850609
0.434782608695652 0.020621915767059
0.468227424749164 0.0212050425548797
0.501672240802676 0.0218042913401021
0.535117056856187 0.0224200868335625
0.568561872909699 0.0230528637316296
0.602006688963211 0.0237030668812114
0.635451505016722 0.0243711514431701
0.668896321070234 0.0250575830537968
0.702341137123746 0.0257628379839792
0.735785953177257 0.0264874032956696
0.769230769230769 0.0272317769952405
0.802675585284281 0.027996468183286
0.836120401337793 0.0287819972004071
0.869565217391304 0.0295888957684872
0.903010033444816 0.0304177071269414
0.936454849498328 0.0312689861633926
0.969899665551839 0.0321432995381986
1.00334448160535 0.0330412258022249
1.03678929765886 0.0339633555072275
1.07023411371237 0.0349102913081781
1.10367892976589 0.0358826480568303
1.1371237458194 0.0368810528857959
1.17056856187291 0.0379061452823619
1.20401337792642 0.0389585771512492
1.23745819397993 0.0400390128654747
1.27090301003344 0.0411481293044457
1.30434782608696 0.0422866158783788
1.33779264214047 0.0434551745380997
1.37123745819398 0.0446545197692414
1.40468227424749 0.0458853785698263
1.438127090301 0.0471484904101771
1.47157190635451 0.0484446071740664
1.50501672240803 0.0497744930799795
1.53846153846154 0.0511389245813297
1.57190635451505 0.0525386902444285
1.60535117056856 0.0539745906029815
1.63879598662207 0.055447437987848
1.67224080267559 0.0569580563307685
1.7056856187291 0.0585072809407392
1.73913043478261 0.0600959582516791
1.77257525083612 0.0617249455400156
1.80602006688963 0.0633951106107868
1.83946488294314 0.0651073314508427
1.87290969899666 0.0668624958477067
1.90635451505017 0.0686615009726488
1.93979933110368 0.0705052529265117
1.97324414715719 0.0723946662468255
2.0066889632107 0.0743306633747475
2.04013377926421 0.0763141740803701
2.07357859531773 0.0783461348449489
2.10702341137124 0.0804274881986222
2.14046822742475 0.0825591820122178
2.17391304347826 0.0847421687417734
2.20735785953177 0.0869774046244368
2.24080267558528 0.0892658488244608
2.2742474916388 0.0916084625280639
2.30769230769231 0.0940062079859932
2.34113712374582 0.096460047502704
2.37458193979933 0.0989709423711547
2.40802675585284 0.101539851752317
2.44147157190635 0.104167731498606
2.47491638795987 0.106855532920557
2.50836120401338 0.10960420149622
2.54180602006689 0.112414675522862
2.5752508361204 0.115287884710763
2.60869565217391 0.118224748719042
2.64214046822742 0.121226175633627
2.67558528428094 0.124293060387724
2.70903010033445 0.127426283125302
2.74247491638796 0.130626707508394
2.77591973244147 0.133895178969209
2.80936454849498 0.137232522908348
2.84280936454849 0.14063954284066
2.87625418060201 0.144117018490579
2.90969899665552 0.147665703839062
2.94314381270903 0.151286325124585
2.97658862876254 0.154979578800938
3.01003344481605 0.158746129454935
3.04347826086956 0.162586607687469
3.07692307692308 0.166501607961694
3.11036789297659 0.17049168642249
3.1438127090301 0.17455735869172
3.17725752508361 0.178699097644145
3.21070234113712 0.182917331169254
3.24414715719064 0.187212439924613
3.27759197324415 0.191584755086711
3.31103678929766 0.196034556105648
3.34448160535117 0.200562068470349
3.37792642140468 0.205167461491334
3.41137123745819 0.209850846108415
3.44481605351171 0.214612272730978
3.47826086956522 0.219451729118839
3.51170568561873 0.224369138311875
3.54515050167224 0.229364356616947
3.57859531772575 0.23443717166078
3.61204013377926 0.239587300517686
3.64548494983278 0.244814387921154
3.67892976588629 0.250118004568426
3.7123745819398 0.255497645527249
3.74581939799331 0.260952728754029
3.77926421404682 0.266482593732532
3.81270903010033 0.272086500242269
3.84615384615385 0.277763627265492
3.87959866220736 0.283513072041598
3.91304347826087 0.289333849277454
3.94648829431438 0.295224890521866
3.97993311036789 0.301185043712035
4.0133779264214 0.307213072899443
4.04682274247492 0.313307658162086
4.08026755852843 0.319467395709469
4.11371237458194 0.325690798186125
4.14715719063545 0.331976295178798
4.18060200668896 0.338322233931689
4.21404682274247 0.344726880273396
4.24749163879599 0.351188419758359
4.2809364548495 0.357704959024757
4.31438127090301 0.364274527369905
4.34782608695652 0.370895078543225
4.38127090301003 0.377564492755942
4.41471571906354 0.384280578905598
4.44816053511706 0.391041077012517
4.48160535117057 0.397843660864284
4.51505016722408 0.404685940863291
4.54849498327759 0.411565467071367
4.5819397993311 0.418479732444498
4.61538461538461 0.425426176249621
4.64882943143813 0.432402187654543
4.68227424749164 0.439405109481059
4.71571906354515 0.446432242110458
4.74916387959866 0.45348084752977
4.78260869565217 0.460548153506303
4.81605351170569 0.467631357877284
4.8494983277592 0.474727632940777
4.88294314381271 0.48183412993345
4.91638795986622 0.488947983580258
4.94983277591973 0.496066316700711
4.98327759197324 0.503186244856028
5.01672240802676 0.510304881021265
5.05016722408027 0.517419340266358
5.08361204013378 0.524526744429937
5.11705685618729 0.531624226769863
5.1505016722408 0.538708936574519
5.18394648829431 0.54577804371917
5.21739130434783 0.552828743151983
5.25083612040134 0.559858259294753
5.28428093645485 0.566863850343838
5.31772575250836 0.573842812457405
5.35117056856187 0.580792483815749
5.38461538461538 0.587710248542134
5.4180602006689 0.594593540472435
5.45150501672241 0.601439846762664
5.48494983277592 0.608246711324383
5.51839464882943 0.615011738078931
5.55183946488294 0.621732594022355
5.58528428093645 0.628407012093944
5.61872909698997 0.635032793842282
5.65217391304348 0.641607811883743
5.68561872909699 0.648130012149421
5.7190635451505 0.654597415917475
5.75250836120401 0.661008121628915
5.78595317725753 0.667360306485852
5.81939799331104 0.673652227832192
5.85284280936455 0.679882224317734
5.88628762541806 0.68604871684751
5.91973244147157 0.692150209319095
5.95317725752508 0.698185289151442
5.9866220735786 0.704152627609553
6.02006688963211 0.710050979930054
6.05351170568562 0.715879185253374
6.08695652173913 0.721636166368878
6.12040133779264 0.727320929279817
6.15384615384615 0.732932562595495
6.18729096989967 0.73847023675844
6.22073578595318 0.743933203114784
6.25418060200669 0.749320792836329
6.2876254180602 0.754632415703059
6.32107023411371 0.759867558755034
6.35451505016722 0.765025784822769
6.38795986622074 0.770106730945249
6.42140468227425 0.775110106684795
6.45484949832776 0.780035692347992
6.48829431438127 0.784883337121783
6.52173913043478 0.789652957133798
6.55518394648829 0.794344533445774
6.58862876254181 0.798958109988812
6.62207357859532 0.803493791448955
6.65551839464883 0.80795174111135
6.68896321070234 0.812332178671005
6.72240802675585 0.81663537801782
6.75585284280936 0.820861665003311
6.78929765886288 0.825011415196079
6.82274247491639 0.82908505163276
6.8561872909699 0.833083042570821
6.88963210702341 0.837005899249228
6.92307692307692 0.840854173662637
6.95652173913043 0.844628456354376
6.98996655518395 0.848329374233155
7.02341137123746 0.851957588418032
7.05685618729097 0.855513792115834
7.09030100334448 0.858998708534847
7.12374581939799 0.862413088838256
7.1571906354515 0.865757710140467
7.19063545150502 0.869033373549106
7.22408026755853 0.872240902255163
7.25752508361204 0.875381139673462
7.29096989966555 0.878454947635293
7.32441471571906 0.88146320463481
7.35785953177257 0.884406804130479
7.39130434782609 0.88728665290263
7.4247491638796 0.890103669467909
7.45819397993311 0.892858782551197
7.49163879598662 0.895552929615352
7.52508361204013 0.898187055448914
7.55852842809364 0.900762110811743
7.59197324414716 0.903279051138368
7.62541806020067 0.905738835298674
7.65886287625418 0.908142424415405
7.69230769230769 0.910490780737822
7.7257525083612 0.912784866570731
7.75919732441471 0.915025643258004
7.79264214046823 0.917214070219581
7.82608695652174 0.919351104040901
7.85953177257525 0.921437697613578
7.89297658862876 0.923474799326129
7.92642140468227 0.925463352303445
7.95986622073579 0.927404293693703
7.9933110367893 0.929298554001326
8.02675585284281 0.93114705646461
8.06020066889632 0.932950716476575
8.09364548494983 0.934710441047602
8.12709030100334 0.9364271283084
8.16053511705686 0.938101667051835
8.19397993311037 0.939734936312163
8.22742474916388 0.941327804980203
8.26086956521739 0.942881131453002
8.2943143812709 0.944395763316545
8.32775919732441 0.945872537060108
8.36120401337793 0.94731227782083
8.39464882943144 0.948715799157134
8.42809364548495 0.950083902849652
8.46153846153846 0.951417378728307
8.49498327759197 0.952717004524278
8.52842809364548 0.953983545745557
8.561872909699 0.955217755574894
8.59531772575251 0.956420374788896
8.62876254180602 0.957592131697151
8.66220735785953 0.958733742100217
8.69565217391304 0.959845909265398
8.72909698996656 0.960929323919249
8.76254180602007 0.961984664255783
8.79598662207358 0.9630125959594
8.82943143812709 0.964013772241592
8.8628762541806 0.9649888338905
8.89632107023411 0.965938409332471
8.92976588628762 0.966863114704746
8.96321070234114 0.967763553938501
8.99665551839465 0.968640318851449
9.03010033444816 0.969493989249279
9.06354515050167 0.970325133035226
9.09698996655518 0.971134306327098
9.1304347826087 0.971922053581125
9.16387959866221 0.972688907722011
9.19732441471572 0.973435390278632
9.23076923076923 0.974162011524804
9.26421404682274 0.974869270624619
9.29765886287625 0.975557655781849
9.33110367892977 0.976227644392947
9.36454849498328 0.976879703203209
9.39799331103679 0.97751428846568
9.4314381270903 0.978131846102397
9.46488294314381 0.978732811867627
9.49832775919732 0.979317611512711
9.53177257525084 0.979886660952232
9.56521739130435 0.980440366431156
9.59866220735786 0.980979124692688
9.63210702341137 0.981503323146566
9.66555183946488 0.98201334003753
9.69899665551839 0.982509544613745
9.73244147157191 0.982992297294953
9.76588628762542 0.98346194984015
9.79933110367893 0.983918845514604
9.83277591973244 0.984363319256029
9.86622073578595 0.98479569783977
9.89966555183946 0.985216300042833
9.93311036789298 0.985625436806631
9.96655518394649 0.986023411398327
10 0.986410519570643
