0 0.0364986070184019
0.0334448160535117 0.0373268678115646
0.0668896321070234 0.0381731353784066
0.100334448160535 0.0390377652362998
0.133779264214047 0.0399211182869435
0.167224080267559 0.0408235608212822
0.20066889632107 0.041745464520103
0.234113712374582 0.0426872064500833
0.267558528428094 0.0436491690550577
0.301003344481605 0.044631740142261
0.334448160535117 0.0456353128633017
0.367892976588629 0.0466602856896128
0.40133779264214 0.047707062382121
0.434782608695652 0.0487760519548679
0.468227424749164 0.049867668632314
0.501672240802676 0.0509823318000469
0.535117056856187 0.0521204659486129
0.568561872909699 0.0532825006101836
0.602006688963211 0.0544688702877658
0.635451505016722 0.0556800143766573
0.668896321070234 0.0569163770778473
0.702341137123746 0.058178407303057
0.735785953177257 0.0594665585711101
0.769230769230769 0.0607812888953235
0.802675585284281 0.0621230606616021
0.836120401337793 0.0634923404969229
0.869565217391304 0.0648895991278905
0.903010033444816 0.066315311229045
0.936454849498328 0.0677699552606048
0.969899665551839 0.0692540132953268
1.00334448160535 0.070767970834167
1.03678929765886 0.0723123166104283
1.07023411371237 0.073887542382085
1.10367892976589 0.0754941427119777
1.1371237458194 0.0771326147355768
1.17056856187291 0.0788034579160209
1.20401337792642 0.080507173786141
1.23745819397993 0.0822442656771937
1.27090301003344 0.0840152384340324
1.30434782608696 0.0858205981164593
1.33779264214047 0.0876608516865132
1.37123745819398 0.0895365066814607
1.40468227424749 0.0914480708722747
1.438127090301 0.0933960519074006
1.47157190635451 0.0953809569416299
1.50501672240803 0.0974032922499188
1.53846153846154 0.0994635628260137
1.57190635451505 0.101562271965766
1.60535117056856 0.103699920835048
1.63879598662207 0.105877008022202
1.67224080267559 0.108094029074991
1.7056856187291 0.110351476022042
1.73913043478261 0.112649836878813
1.77257525083612 0.114989595138146
1.80602006688963 0.117371229245496
1.83946488294314 0.119795212058984
1.87290969899666 0.122262010294434
1.90635451505017 0.124772083955624
1.93979933110368 0.127325885750009
1.97324414715719 0.12992386049021
2.0066889632107 0.132566444481637
2.04013377926421 0.135254064896634
2.07357859531773 0.137987139135607
2.10702341137124 0.140766074175626
2.14046822742475 0.143591265907065
2.17391304347826 0.14646309845889
2.20735785953177 0.149381943513248
2.24080267558528 0.152348159610098
2.2742474916388 0.155362091442642
2.30769230769231 0.158424069144408
2.34113712374582 0.161534407568875
2.37458193979933 0.164693405562598
2.40802675585284 0.167901345232838
2.44147157190635 0.171158491210788
2.47491638795987 0.174465089911506
2.50836120401338 0.177821368791766
2.54180602006689 0.181227535607064
2.5752508361204 0.184683777669087
2.60869565217391 0.188190261105014
2.64214046822742 0.191747130120051
2.67558528428094 0.19535450626468
2.70903010033445 0.199012487708139
2.74247491638796 0.202721148519683
2.77591973244147 0.206480537959268
2.80936454849498 0.210290679779272
2.84280936454849 0.214151571538976
2.87625418060201 0.21806318393352
2.90969899665552 0.222025460139076
2.94314381270903 0.226038315176054
2.97658862876254 0.230101635292113
3.01003344481605 0.234215277366823
3.04347826086956 0.238379068339802
3.07692307692308 0.242592804664172
3.11036789297659 0.24685625178718
3.1438127090301 0.251169143659807
3.17725752508361 0.255531182277218
3.21070234113712 0.259942037251829
3.24414715719064 0.2644013454208
3.27759197324415 0.268908710489694
3.31103678929766 0.273463702714026
3.34448160535117 0.278065858620366
3.37792642140468 0.282714680768617
3.41137123745819 0.287409637557034
3.44481605351171 0.292150163071471
3.47826086956522 0.296935656980285
3.51170568561873 0.301765484476232
3.54515050167224 0.306638976266623
3.57859531772575 0.311555428612888
3.61204013377926 0.31651410342062
3.64548494983278 0.321514228381058
3.67892976588629 0.326554997164837
3.7123745819398 0.331635569668759
3.74581939799331 0.33675507231616
3.77926421404682 0.341912598411366
3.81270903010033 0.347107208548568
3.84615384615385 0.352337931075331
3.87959866220736 0.357603762610784
3.91304347826087 0.362903668618429
3.94648829431438 0.368236584033316
3.97993311036789 0.373601413943228
4.0133779264214 0.378997034323325
4.04682274247492 0.384422292823584
4.08026755852843 0.38987600960818
4.11371237458194 0.39535697824584
4.14715719063545 0.40086396665001
4.18060200668896 0.406395718067567
4.21404682274247 0.411950952114617
4.24749163879599 0.41752836585781
4.2809364548495 0.423126634939445
4.31438127090301 0.428744414744489
4.34782608695652 0.434380341607533
4.38127090301003 0.440033034057543
4.41471571906354 0.445701094098168
4.44816053511706 0.451383108521241
4.48160535117057 0.457077650250993
4.51505016722408 0.462783279716424
4.54849498327759 0.46849854624914
4.5819397993311 0.474221989503928
4.61538461538461 0.479952140899225
4.64882943143813 0.485687525074591
4.68227424749164 0.491426661362227
4.71571906354515 0.497168065269558
4.74916387959866 0.502910249969807
4.78260869565217 0.508651727797525
4.81605351170569 0.51439101174598
4.8494983277592 0.520126616963315
4.88294314381271 0.525857062244386
4.91638795986622 0.531580871515217
4.94983277591973 0.537296575307009
4.98327759197324 0.543002712216704
5.01672240802676 0.548697830351123
5.05016722408027 0.554380488751768
5.08361204013378 0.560049258797449
5.11705685618729 0.565702725581932
5.1505016722408 0.571339489263952
5.18394648829431 0.57695816638695
5.21739130434783 0.582557391166066
5.25083612040134 0.588135816739965
5.28428093645485 0.593692116385229
5.31772575250836 0.599224984691152
5.35117056856187 0.6047331386929
5.38461538461538 0.610215318961135
5.4180602006689 0.615670290646352
5.45150501672241 0.621096844476276
5.48494983277592 0.626493797704886
5.51839464882943 0.631859995011689
5.55183946488294 0.637194309350108
5.58528428093645 0.642495642743923
5.61872909698997 0.647762927030924
5.65217391304348 0.652995124553026
5.68561872909699 0.658191228792305
5.7190635451505 0.663350264952529
5.75250836120401 0.668471290485922
5.78595317725753 0.673553395565052
5.81939799331104 0.678595703499877
5.85284280936455 0.683597371100119
5.88628762541806 0.688557588983283
5.91973244147157 0.693475581828784
5.95317725752508 0.698350608578744
5.9866220735786 0.703181962586179
6.02006688963211 0.707968971711406
6.05351170568562 0.712710998367601
6.08695652173913 0.717407439516564
6.12040133779264 0.722057726615855
6.15384615384615 0.72666132551852
6.18729096989967 0.731217736326777
6.22073578595318 0.735726493201059
6.25418060200669 0.740187164125912
6.2876254180602 0.744599350634313
6.32107023411371 0.748962687492029
6.35451505016722 0.753276842343681
6.38795986622074 0.757541515322258
6.42140468227425 0.761756438623809
6.45484949832776 0.76592137604914
6.48829431438127 0.770036122514307
6.52173913043478 0.774100503531755
6.55518394648829 0.778114374663958
6.58862876254181 0.782077620951396
6.62207357859532 0.785990156316746
6.65551839464883 0.789851922947125
6.68896321070234 0.793662890656224
6.72240802675585 0.797423056228155
6.75585284280936 0.801132442744821
6.78929765886288 0.804791098898566
6.82274247491639 0.808399098291858
6.8561872909699 0.811956538725714
6.88963210702341 0.815463541478531
6.92307692307692 0.818920250576961
6.95652173913043 0.822326832060394
6.98996655518395 0.825683473240606
7.02341137123746 0.82899038195804
7.05685618729097 0.832247785836153
7.09030100334448 0.835455931535223
7.12374581939799 0.838615084006906
7.1571906354515 0.84172552575084
7.19063545150502 0.844787556074474
7.22408026755853 0.84780149035729
7.25752508361204 0.850767659320482
7.29096989966555 0.853686408303144
7.32441471571906 0.856558096545903
7.35785953177257 0.859383096482936
7.39130434782609 0.862161793043191
7.4247491638796 0.864894582961618
7.45819397993311 0.867581874101129
7.49163879598662 0.870224084785966
7.52508361204013 0.872821643147093
7.55852842809364 0.875374986480174
7.59197324414716 0.87788456061664
7.62541806020067 0.880350819308314
7.65886287625418 0.882774223625979
7.69230769230769 0.885155241372268
7.7257525083612 0.887494346509171
7.75919732441471 0.889792018600419
7.79264214046823 0.892048742268982
7.82608695652174 0.894265006669837
7.85953177257525 0.896441304978158
7.89297658862876 0.898578133893026
7.92642140468227 0.900675993156702
7.95986622073579 0.902735385089529
7.9933110367893 0.904756814140413
8.02675585284281 0.906740786452881
8.06020066889632 0.908687809446642
8.09364548494983 0.910598391414543
8.12709030100334 0.912473041134833
8.16053511705686 0.914312267498565
8.19397993311037 0.916116579151991
8.22742474916388 0.917886484153761
8.26086956521739 0.919622489646723
8.2943143812709 0.921325101544113
8.32775919732441 0.922994824229887
8.36120401337793 0.924632160272965
8.39464882943144 0.926237610155109
8.42809364548495 0.927811672012177
8.46153846153846 0.929354841388464
8.49498327759197 0.930867611003839
8.52842809364548 0.932350470533386
8.561872909699 0.933803906399242
8.59531772575251 0.935228401574319
8.62876254180602 0.936624435397608
8.66220735785953 0.937992483400729
8.69565217391304 0.939333017145431
8.72909698996656 0.940646504071705
8.76254180602007 0.941933407356193
8.79598662207358 0.94319418578058
8.82943143812709 0.944429293609633
8.8628762541806 0.945639180478586
8.89632107023411 0.946824291289539
8.92976588628762 0.947985066116567
8.96321070234114 0.949121940119226
8.99665551839465 0.95023534346414
9.03010033444816 0.951325701254381
9.06354515050167 0.952393433466327
9.09698996655518 0.953438954893715
9.1304347826087 0.954462675098593
9.16387959866221 0.955464998368891
9.19732441471572 0.956446323682324
9.23076923076923 0.957407044676374
9.26421404682274 0.958347549624054
9.29765886287625 0.95926822141522
9.33110367892977 0.960169437543166
9.36454849498328 0.961051570096247
9.39799331103679 0.961914985754303
9.4314381270903 0.962760045789633
9.46488294314381 0.963587106072304
9.49832775919732 0.96439651707956
9.53177257525084 0.965188623909127
9.56521739130435 0.965963766296194
9.59866220735786 0.966722278633877
9.63210702341137 0.96746448999696
9.66555183946488 0.968190724168731
9.69899665551839 0.96890129967073
9.73244147157191 0.969596529795217
9.76588628762542 0.970276722640216
9.79933110367893 0.970942181146941
9.83277591973244 0.971593203139468
9.86622073578595 0.972230081366483
9.89966555183946 0.972853103544974
9.93311036789298 0.973462552405712
9.96655518394649 0.974058705740399
10 0.974641836450337
