0 0.0191302556989809
0.204081632653061 0.0224874274779487
0.408163265306122 0.0264178822304337
0.612244897959184 0.0310135238345943
0.816326530612245 0.0363787486021985
1.02040816326531 0.0426313020983098
1.22448979591837 0.0499028529978929
1.42857142857143 0.0583391204714263
1.63265306122449 0.0680993477292956
1.83673469387755 0.0793548699382187
2.04081632653061 0.0922864865964821
2.24489795918367 0.107080327390123
2.44897959183673 0.123921911766436
2.6530612244898 0.142988165175651
2.85714285714286 0.164437290161283
3.06122448979592 0.188396616184058
3.26530612244898 0.214948875153336
3.46938775510204 0.244117755412464
3.6734693877551 0.275854028459269
3.87755102040816 0.310023935150745
4.08163265306122 0.346401744751216
4.28571428571429 0.384668335504548
4.48979591836735 0.424417196229176
4.69387755102041 0.465168402265079
4.89795918367347 0.506389980022763
5.10204081632653 0.54752486253171
5.30612244897959 0.588020639914333
5.51020408163265 0.627358786368257
5.71428571428571 0.665080144188873
5.91836734693878 0.700804137738617
6.12244897959184 0.734240285977252
6.3265306122449 0.765191800496798
6.53061224489796 0.793552123029629
6.73469387755102 0.819295984928378
6.93877551020408 0.842466895224574
7.14285714285714 0.86316292594461
7.3469387755102 0.881522371731916
7.55102040816327 0.897710441887663
7.75510204081633 0.9119077052001
7.95918367346939 0.924300624431515
8.16326530612245 0.935074224056365
8.36734693877551 0.944406738597297
8.57142857142857 0.952465978318808
8.77551020408163 0.959407104500002
8.97959183673469 0.965371507179177
9.18367346938776 0.970486506026292
9.38775510204082 0.974865636025877
9.59183673469388 0.978609324468912
9.79591836734694 0.981805808554765
10 0.984532180635196
