0 0.0154379435214481
0.204081632653061 0.018316654619282
0.408163265306122 0.02172031643108
0.612244897959184 0.0257398743171794
0.816326530612245 0.0304801145752169
1.02040816326531 0.0360610032142575
1.22448979591837 0.0426188293389389
1.42857142857143 0.0503069815477194
1.63265306122449 0.0592961269115781
1.83673469387755 0.0697734961067952
2.04081632653061 0.0819409113625101
2.24489795918367 0.0960111376114899
2.44897959183673 0.112202110115015
2.6530612244898 0.130728620180218
2.85714285714286 0.151791157330195
3.06122448979592 0.175561846087161
3.26530612244898 0.202167804498036
3.46938775510204 0.231672790931029
3.6734693877551 0.264058651803907
3.87755102040816 0.299208730025747
4.08163265306122 0.336895871984177
4.28571428571429 0.376777771567841
4.48979591836735 0.418401927776366
4.69387755102041 0.461221392280256
4.89795918367347 0.504620856826143
5.10204081632653 0.547950799400652
5.30612244897959 0.590565834981074
5.51020408163265 0.631862551972663
5.71428571428571 0.671312222724189
5.91836734693878 0.708484822561107
6.12244897959184 0.743062460545731
6.3265306122449 0.774842148493268
6.53061224489796 0.803729369581434
6.73469387755102 0.82972487457386
6.93877551020408 0.852907464610736
7.14285714285714 0.873415321148933
7.3469387755102 0.891427912812231
7.55102040816327 0.907149849778346
7.75510204081633 0.920797426311314
7.95918367346939 0.932588082797849
8.16326530612245 0.942732662624072
8.36734693877551 0.951430128269524
8.57142857142857 0.958864306000592
8.77551020408163 0.965202214563471
8.97959183673469 0.970593568529425
9.18367346938776 0.975171106772486
9.38775510204082 0.979051464037833
9.59183673469388 0.982336368405294
9.79591836734694 0.985114004340708
10 0.987460427948249
