0 0.0200078713328305
0.0334448160535117 0.0205454446833402
0.0668896321070234 0.0210971506652747
0.100334448160535 0.0216633439119824
0.133779264214047 0.0222443870368526
0.167224080267559 0.0228406507622968
0.20066889632107 0.0234525140478507
0.234113712374582 0.0240803642171737
0.267558528428094 0.0247245970837078
0.301003344481605 0.0253856170747434
0.334448160535117 0.0260638373536261
0.367892976588629 0.0267596799398203
0.40133779264214 0.0274735758265337
0.434782608695652 0.0282059650955852
0.468227424749164 0.028957297029185
0.501672240802676 0.0297280302182781
0.535117056856187 0.0305186326670807
0.568561872909699 0.0313295818934244
0.602006688963211 0.0321613650245009
0.635451505016722 0.0330144788875806
0.668896321070234 0.0338894300952582
0.702341137123746 0.0347867351247578
0.735785953177257 0.0357069203908074
0.769230769230769 0.0366505223115714
0.802675585284281 0.0376180873671075
0.836120401337793 0.0386101721497914
0.869565217391304 0.0396273434061277
0.903010033444816 0.0406701780693465
0.936454849498328 0.0417392632821553
0.969899665551839 0.0428351964089972
1.00334448160535 0.0439585850371382
1.03678929765886 0.0451100469658848
1.07023411371237 0.046290210183208
1.10367892976589 0.0474997128290241
1.1371237458194 0.0487392031443609
1.17056856187291 0.0500093394056135
1.20401337792642 0.051310789843069
1.23745819397993 0.0526442325428575
1.27090301003344 0.0540103553314666
1.30434782608696 0.0554098556419293
1.33779264214047 0.0568434403607818
1.37123745819398 0.0583118256548619
1.40468227424749 0.0598157367770042
1.438127090301 0.0613559078496689
1.47157190635451 0.0629330816255279
1.50501672240803 0.0645480092240157
1.53846153846154 0.0662014498428438
1.57190635451505 0.0678941704434649
1.60535117056856 0.0696269454094704
1.63879598662207 0.0714005561768949
1.67224080267559 0.0732157908354071
1.7056856187291 0.0750734436993623
1.73913043478261 0.0769743148477013
1.77257525083612 0.0789192096316888
1.80602006688963 0.0809089381494969
1.83946488294314 0.0829443146866597
1.87290969899666 0.0850261571214449
1.90635451505017 0.0871552862942181
1.93979933110368 0.0893325253399075
1.97324414715719 0.0915586989827174
2.0066889632107 0.0938346327922788
2.04013377926421 0.0961611524004847
2.07357859531773 0.0985390826783065
2.10702341137124 0.100969246871959
2.14046822742475 0.103452465697852
2.17391304347826 0.105989556395841
2.20735785953177 0.108581331740393
2.24080267558528 0.111228599009344
2.2742474916388 0.113932158910086
2.30769230769231 0.116692804463058
2.34113712374582 0.119511319842618
2.37458193979933 0.122388479175434
2.40802675585284 0.125325045296705
2.44147157190635 0.128321768464677
2.47491638795987 0.131379385034051
2.50836120401338 0.134498616089056
2.54180602006689 0.137680166037145
2.5752508361204 0.140924721164451
2.60869565217391 0.144232948154299
2.64214046822742 0.147605492570336
2.67558528428094 0.151042977305983
2.70903010033445 0.154546001002155
2.74247491638796 0.158115136435443
2.77591973244147 0.161750928879106
2.80936454849498 0.165453894439552
2.84280936454849 0.169224518371127
2.87625418060201 0.173063253372351
2.90969899665552 0.176970517866922
2.94314381270903 0.180946694273108
2.97658862876254 0.184992127265342
3.01003344481605 0.189107122032109
3.04347826086956 0.193291942534461
3.07692307692308 0.197546809769696
3.11036789297659 0.201871900045009
3.1438127090301 0.206267343266126
3.17725752508361 0.210733221246143
3.21070234113712 0.215269566040016
3.24414715719064 0.219876358310305
3.27759197324415 0.224553525729991
3.31103678929766 0.229300941428306
3.34448160535117 0.234118422485686
3.37792642140468 0.239005728484051
3.41137123745819 0.243962560118728
3.44481605351171 0.248988557878398
3.47826086956522 0.254083300799496
3.51170568561873 0.259246305301503
3.54515050167224 0.264477024109554
3.57859531772575 0.269774845270755
3.61204013377926 0.275139091270486
3.64548494983278 0.280569018254908
3.67892976588629 0.286063815365679
3.7123745819398 0.291622604192747
3.74581939799331 0.29724443835083
3.77926421404682 0.302928303184952
3.81270903010033 0.308673115610085
3.84615384615385 0.314477724089629
3.87959866220736 0.320340908757055
3.91304347826087 0.326261381684653
3.94648829431438 0.332237787302865
3.97993311036789 0.338268702973179
4.0133779264214 0.34435263971709
4.04682274247492 0.350488043103028
4.08026755852843 0.356673294292619
4.11371237458194 0.362906711247032
4.14715719063545 0.369186550093525
4.18060200668896 0.375511006651668
4.21404682274247 0.381878218118071
4.24749163879599 0.388286264907748
4.2809364548495 0.394733172649585
4.31438127090301 0.401216914332682
4.34782608695652 0.407735412599668
4.38127090301003 0.41428654218239
4.41471571906354 0.420868132474715
4.44816053511706 0.427477970236546
4.48160535117057 0.434113802422461
4.51505016722408 0.440773339127854
4.54849498327759 0.447454256644775
4.5819397993311 0.454154200619205
4.61538461538461 0.460870789300908
4.64882943143813 0.467601616876579
4.68227424749164 0.47434425687655
4.71571906354515 0.481096265644942
4.74916387959866 0.4878551858628
4.78260869565217 0.494618550113512
4.81605351170569 0.501383884479517
4.8494983277592 0.508148712159228
4.88294314381271 0.514910557092909
4.91638795986622 0.521666947586253
4.94983277591973 0.528415419920384
4.98327759197324 0.535153521937102
5.01672240802676 0.541878816588317
5.05016722408027 0.548588885438791
5.08361204013378 0.555281332111578
5.11705685618729 0.561953785665838
5.1505016722408 0.568603903897067
5.18394648829431 0.575229376550169
5.21739130434783 0.581827928436274
5.25083612040134 0.588397322444674
5.28428093645485 0.594935362441797
5.31772575250836 0.601439896049697
5.35117056856187 0.607908817297149
5.38461538461538 0.614340069137029
5.4180602006689 0.620731645824366
5.45150501672241 0.627081595150039
5.48494983277592 0.633388020525833
5.51839464882943 0.639649082917217
5.55183946488294 0.645863002620891
5.58528428093645 0.652028060884859
5.61872909698997 0.658142601369434
5.65217391304348 0.664205031448271
5.68561872909699 0.670213823349174
5.7190635451505 0.676167515135047
5.75250836120401 0.682064711526002
5.78595317725753 0.687904084564208
5.81939799331104 0.693684374123635
5.85284280936455 0.699404388267392
5.88628762541806 0.705063003455846
5.91973244147157 0.710659164609202
5.95317725752508 0.716191885028632
5.9866220735786 0.721660246180471
6.02006688963211 0.727063397348318
6.05351170568562 0.732400555158262
6.08695652173913 0.737671002982669
6.12040133779264 0.742874090228278
6.15384615384615 0.748009231514522
6.18729096989967 0.753075905748171
6.22073578595318 0.758073655100544
6.25418060200669 0.763002083893627
6.2876254180602 0.767860857401488
6.32107023411371 0.772649700573442
6.35451505016722 0.777368396685395
6.38795986622074 0.782016785925781
6.42140468227425 0.786594763922452
6.45484949832776 0.791102280216785
6.48829431438127 0.795539336691189
6.52173913043478 0.799905985956044
6.55518394648829 0.804202329701969
6.58862876254181 0.808428517023146
6.62207357859532 0.812584742717251
6.65551839464883 0.816671245567335
6.68896321070234 0.820688306610806
6.72240802675585 0.824636247400426
6.75585284280936 0.828515428262033
6.78929765886288 0.832326246553436
6.82274247491639 0.836069134928718
6.8561872909699 0.839744559611933
6.88963210702341 0.843353018683915
6.92307692307692 0.84689504038572
6.95652173913043 0.850371181441921
6.98996655518395 0.853782025406787
7.02341137123746 0.857128181036098
7.05685618729097 0.860410280687125
7.09030100334448 0.863628978749091
7.12374581939799 0.866784950106174
7.1571906354515 0.869878888634916
7.19063545150502 0.872911505737675
7.22408026755853 0.875883528913575
7.25752508361204 0.878795700368187
7.29096989966555 0.881648775662999
7.32441471571906 0.884443522405553
7.35785953177257 0.887180718980962
7.39130434782609 0.889861153325335
7.4247491638796 0.892485621741519
7.45819397993311 0.895054927757391
7.49163879598662 0.897569881026824
7.52508361204013 0.900031296273299
7.55852842809364 0.902439992276048
7.59197324414716 0.904796790898475
7.62541806020067 0.907102516158522
7.65886287625418 0.909357993340541
7.69230769230769 0.911564048148164
7.7257525083612 0.913721505897569
7.75919732441471 0.915831190750492
7.79264214046823 0.917893924986243
7.82608695652174 0.919910528311968
7.85953177257525 0.921881817210308
7.89297658862876 0.923808604323614
7.92642140468227 0.925691697873776
7.95986622073579 0.92753190111676
7.9933110367893 0.929330011830872
8.02675585284281 0.931086821837777
8.06020066889632 0.932803116555262
8.09364548494983 0.934479674580744
8.12709030100334 0.936117267304493
8.16053511705686 0.937716658551556
8.19397993311037 0.939278604251346
8.22742474916388 0.940803852133891
8.26086956521739 0.942293141451709
8.2943143812709 0.943747202726317
8.32775919732441 0.945166757518356
8.36120401337793 0.946552518220371
8.39464882943144 0.947905187871251
8.42809364548495 0.949225459991389
8.46153846153846 0.950514018437618
8.49498327759197 0.951771537277005
8.52842809364548 0.952998680678602
8.561872909699 0.954196102822286
8.59531772575251 0.955364447823813
8.62876254180602 0.956504349675278
8.66220735785953 0.957616432200146
8.69565217391304 0.958701309022084
8.72909698996656 0.959759583546828
8.76254180602007 0.960791848956341
8.79598662207358 0.961798688214554
8.82943143812709 0.962780674083997
8.8628762541806 0.963738369152658
8.89632107023411 0.96467232587042
8.92976588628762 0.965583086594469
8.96321070234114 0.966471183643074
8.99665551839465 0.967337139357169
9.03010033444816 0.968181466169185
9.06354515050167 0.96900466667862
9.09698996655518 0.969807233733831
9.1304347826087 0.970589650519571
9.16387959866221 0.971352390649823
9.19732441471572 0.972095918265469
9.23076923076923 0.972820688136402
9.26421404682274 0.973527145767668
9.29765886287625 0.974215727509251
9.33110367892977 0.974886860669166
9.36454849498328 0.975540963629486
9.39799331103679 0.976178445965009
9.4314381270903 0.976799708564227
9.46488294314381 0.977405143752333
9.49832775919732 0.977995135415963
9.53177257525084 0.978570059129438
9.56521739130435 0.97913028228224
9.59866220735786 0.979676164207503
9.63210702341137 0.980208056311288
9.66555183946488 0.98072630220245
9.69899665551839 0.981231237822898
9.73244147157191 0.981723191578057
9.76588628762542 0.982202484467389
9.79933110367893 0.982669430214777
9.83277591973244 0.983124335398664
9.86622073578595 0.983567499581775
9.89966555183946 0.983999215440314
9.93311036789298 0.984419768892512
9.96655518394649 0.984829439226409
10 0.985228499226779
