0 0.022204477063982
0.204081632653061 0.0259248104746536
0.408163265306122 0.0302491976322522
0.612244897959184 0.0352687965410667
0.816326530612245 0.0410860649390438
1.02040816326531 0.0478152827556791
1.22448979591837 0.0555827507093009
1.42857142857143 0.0645265150841285
1.63265306122449 0.0747954359766188
1.83673469387755 0.0865473864334899
2.04081632653061 0.0999463493907572
2.24489795918367 0.115158177476034
2.44897959183673 0.132344809686104
2.6530612244898 0.151656812742183
2.85714285714286 0.173224247208949
3.06122448979592 0.197146058370937
3.26530612244898 0.223478458027186
3.46938775510204 0.252223076966486
3.6734693877551 0.283315986813326
3.87755102040816 0.316618947586927
4.08163265306122 0.351914349982636
4.28571428571429 0.388905206796654
4.48979591836735 0.4272211534074
4.69387755102041 0.466430749848605
4.89795918367347 0.506059522535674
5.10204081632653 0.545612301135581
5.30612244897959 0.584597691733688
5.51020408163265 0.622552156854188
5.71428571428571 0.659061241817445
5.91836734693878 0.693775977329808
6.12244897959184 0.726423274753699
6.3265306122449 0.756810024599983
6.53061224489796 0.784821420028445
6.73469387755102 0.810414616481083
6.93877551020408 0.833609145042543
7.14285714285714 0.854475534729158
7.3469387755102 0.873123432681668
7.55102040816327 0.889690226521017
7.75510204081633 0.904330849840047
7.95918367346939 0.917209149380368
8.16326530612245 0.928490945459643
8.36734693877551 0.938338738434649
8.57142857142857 0.946907900846667
8.77551020408163 0.954344136330612
8.97959183673469 0.960781968257773
9.18367346938776 0.966344029794773
9.38775510204082 0.971140951282953
9.59183673469388 0.975271672154515
9.79591836734694 0.97882403732851
10 0.98187556873837
