0 0.0179010922864084
0.0334448160535117 0.0183840694651073
0.0668896321070234 0.018879827017071
0.100334448160535 0.0193886894498277
0.133779264214047 0.0199109887637168
0.167224080267559 0.0204470645836747
0.20066889632107 0.0209972642909409
0.234113712374582 0.0215619431545103
0.267558528428094 0.0221414644621438
0.301003344481605 0.0227361996507407
0.334448160535117 0.02334652843586
0.367892976588629 0.023972838940167
0.40133779264214 0.024615527820566
0.434782608695652 0.0252750003937671
0.468227424749164 0.0259516707600175
0.501672240802676 0.0266459619247149
0.535117056856187 0.0273583059176037
0.568561872909699 0.0280891439092355
0.602006688963211 0.0288389263243622
0.635451505016722 0.0296081129519084
0.668896321070234 0.0303971730511543
0.702341137123746 0.0312065854537377
0.735785953177257 0.0320368386610686
0.769230769230769 0.0328884309367251
0.802675585284281 0.0337618703933822
0.836120401337793 0.0346576750738011
0.869565217391304 0.0355763730253875
0.903010033444816 0.036518502367802
0.936454849498328 0.0374846113530857
0.969899665551839 0.0384752584177409
1.00334448160535 0.0394910122261789
1.03678929765886 0.0405324517049311
1.07023411371237 0.041600166066987
1.10367892976589 0.042694754825604
1.1371237458194 0.0438168277969071
1.17056856187291 0.0449670050905723
1.20401337792642 0.0461459170878629
1.23745819397993 0.0473542044062628
1.27090301003344 0.0485925178499281
1.30434782608696 0.0498615183451509
1.33779264214047 0.0511618768600098
1.37123745819398 0.052494274307353
1.40468227424749 0.0538594014302423
1.438127090301 0.0552579586689602
1.47157190635451 0.0566906560086637
1.50501672240803 0.0581582128067475
1.53846153846154 0.0596613575989596
1.57190635451505 0.0612008278832973
1.60535117056856 0.0627773698806926
1.63879598662207 0.0643917382714849
1.67224080267559 0.0660446959066649
1.7056856187291 0.0677370134928655
1.73913043478261 0.0694694692500663
1.77257525083612 0.0712428485409761
1.80602006688963 0.0730579434710551
1.83946488294314 0.0749155524581389
1.87290969899666 0.0768164797706361
1.90635451505017 0.078761535033275
1.93979933110368 0.080751532699393
1.97324414715719 0.0827872914887768
2.0066889632107 0.0848696337900876
2.04013377926421 0.0869993850269282
2.07357859531773 0.0891773729866487
2.10702341137124 0.0914044271110198
2.14046822742475 0.0936813777479527
2.17391304347826 0.0960090553634939
2.20735785953177 0.0983882897133811
2.24080267558528 0.100819908973513
2.2742474916388 0.103304738828756
2.30769230769231 0.105843601519597
2.34113712374582 0.108437314846229
2.37458193979933 0.111086691129766
2.40802675585284 0.113792536130375
2.44147157190635 0.116555647922239
2.47491638795987 0.119376815725374
2.50836120401338 0.122256818694475
2.54180602006689 0.125196424665072
2.5752508361204 0.128196388857471
2.60869565217391 0.131257452539065
2.64214046822742 0.134380341645823
2.67558528428094 0.137565765363876
2.70903010033445 0.140814414672375
2.74247491638796 0.144126960848927
2.77591973244147 0.147504053939165
2.80936454849498 0.150946321192189
2.84280936454849 0.154454365463847
2.87625418060201 0.158028763590039
2.90969899665552 0.161670064732479
2.94314381270903 0.165378788699553
2.97658862876254 0.169155424245182
3.01003344481605 0.173000427348833
3.04347826086956 0.176914219480054
3.07692307692308 0.18089718585119
3.11036789297659 0.184949673662148
3.1438127090301 0.189071990341351
3.17725752508361 0.19326440178727
3.21070234113712 0.19752713061513
3.24414715719064 0.201860354413673
3.27759197324415 0.206264204017026
3.31103678929766 0.21073876179701
3.34448160535117 0.215284059981361
3.37792642140468 0.219900079003588
3.41137123745819 0.22458674589033
3.44481605351171 0.229343932692254
3.47826086956522 0.234171454964686
3.51170568561873 0.23906907030425
3.54515050167224 0.244036476947943
3.57859531772575 0.249073312441087
3.61204013377926 0.2541791523807
3.64548494983278 0.259353509240788
3.67892976588629 0.264595831286099
3.7123745819398 0.269905501580782
3.74581939799331 0.275281837098355
3.77926421404682 0.280724087939236
3.81270903010033 0.286231436661956
3.84615384615385 0.291802997733975
3.87959866220736 0.297437817107797
3.91304347826087 0.303134871927806
3.94648829431438 0.308893070372929
3.97993311036789 0.314711251639927
4.0133779264214 0.32058818607167
4.04682274247492 0.326522575434374
4.08026755852843 0.332513053347324
4.11371237458194 0.338558185868063
4.14715719063545 0.344656472235566
4.18060200668896 0.350806345773314
4.21404682274247 0.357006174953605
4.24749163879599 0.363254264623849
4.2809364548495 0.369548857394914
4.31438127090301 0.375888135190984
4.34782608695652 0.382270220959677
4.38127090301003 0.388693180540499
4.41471571906354 0.395155024689041
4.44816053511706 0.40165371125358
4.48160535117057 0.408187147500099
4.51505016722408 0.414753192581024
4.54849498327759 0.421349660142291
4.5819397993311 0.427974321062719
4.61538461538461 0.434624906318979
4.64882943143813 0.441299109968871
4.68227424749164 0.447994592244988
4.71571906354515 0.454708982750314
4.74916387959866 0.461439883746771
4.78260869565217 0.468184873527251
4.81605351170569 0.47494150986123
4.8494983277592 0.481707333503694
4.88294314381271 0.488479871756737
4.91638795986622 0.495256642072952
4.94983277591973 0.502035155689489
4.98327759197324 0.5088129212815
5.01672240802676 0.515587448623572
5.05016722408027 0.522356252247738
5.08361204013378 0.529116855086637
5.11705685618729 0.535866792090504
5.1505016722408 0.542603613806788
5.18394648829431 0.549324889911411
5.21739130434783 0.556028212680932
5.25083612040134 0.562711200395187
5.28428093645485 0.569371500660353
5.31772575250836 0.576006793642786
5.35117056856187 0.582614795204462
5.38461538461538 0.589193259931332
5.4180602006689 0.595739984046471
5.45150501672241 0.602252808200472
5.48494983277592 0.608729620132135
5.51839464882943 0.615168357193151
5.55183946488294 0.621567008731149
5.58528428093645 0.627923618326113
5.61872909698997 0.634236285875907
5.65217391304348 0.640503169527304
5.68561872909699 0.64672248744964
5.7190635451505 0.65289251944888
5.75250836120401 0.659011608420609
5.78595317725753 0.66507816164109
5.81939799331104 0.671090651896244
5.85284280936455 0.677047618449019
5.88628762541806 0.682947667846245
5.91973244147157 0.688789474566686
5.95317725752508 0.694571781512536
5.9866220735786 0.700293400347187
6.02006688963211 0.705953211682576
6.05351170568562 0.71155016511989
6.08695652173913 0.717083279147867
6.12040133779264 0.722551640903309
6.15384615384615 0.727954405798784
6.18729096989967 0.73329079702284
6.22073578595318 0.738560104918298
6.25418060200669 0.743761686244492
6.2876254180602 0.748894963329456
6.32107023411371 0.753959423118308
6.35451505016722 0.758954616124146
6.38795986622074 0.763880155287908
6.42140468227425 0.768735714753684
6.45484949832776 0.773521028566027
6.48829431438127 0.778235889295758
6.52173913043478 0.782880146600786
6.55518394648829 0.787453705728353
6.58862876254181 0.79195652596505
6.62207357859532 0.796388619040841
6.65551839464883 0.800750047493185
6.68896321070234 0.805040922997212
6.72240802675585 0.809261404667702
6.75585284280936 0.81341169733848
6.78929765886288 0.817492049824589
6.82274247491639 0.821502753172422
6.8561872909699 0.825444138902748
6.88963210702341 0.829316577251365
6.92307692307692 0.833120475411828
6.95652173913043 0.836856275784509
6.98996655518395 0.840524454235963
7.02341137123746 0.844125518372332
7.05685618729097 0.847660005830282
7.09030100334448 0.851128482588722
7.12374581939799 0.854531541304275
7.1571906354515 0.857869799673276
7.19063545150502 0.861143898822804
7.22408026755853 0.864354501733024
7.25752508361204 0.867502291692898
7.29096989966555 0.870587970791099
7.32441471571906 0.87361225844374
7.35785953177257 0.876575889960348
7.39130434782609 0.879479615149276
7.4247491638796 0.882324196963609
7.45819397993311 0.885110410188385
7.49163879598662 0.887839040169825
7.52508361204013 0.890510881587076
7.55852842809364 0.893126737266832
7.59197324414716 0.895687417041051
7.62541806020067 0.898193736647841
7.65886287625418 0.90064651667548
7.69230769230769 0.903046581549405
7.7257525083612 0.905394758561906
7.75919732441471 0.907691876944137
7.79264214046823 0.909938766980008
7.82608695652174 0.912136259161404
7.85953177257525 0.914285183384097
7.89297658862876 0.916386368183688
7.92642140468227 0.918440640010815
7.95986622073579 0.920448822544819
7.9933110367893 0.922411736045037
8.02675585284281 0.924330196738807
8.06020066889632 0.926205016245275
8.09364548494983 0.928037001034039
8.12709030100334 0.929826951917648
8.16053511705686 0.931575663576954
8.19397993311037 0.933283924118307
8.22742474916388 0.934952514661553
8.26086956521739 0.936582208957811
8.2943143812709 0.938173773035988
8.32775919732441 0.939727964876991
8.36120401337793 0.941245534114603
8.39464882943144 0.942727221762003
8.42809364548495 0.944173759962894
8.46153846153846 0.945585871766248
8.49498327759197 0.946964270923661
8.52842809364548 0.94830966170834
8.561872909699 0.94962273875477
8.59531772575251 0.950904186918092
8.62876254180602 0.952154681152295
8.66220735785953 0.953374886406294
8.69565217391304 0.954565457537029
8.72909698996656 0.955727039238708
8.76254180602007 0.956860265987368
8.79598662207358 0.95796576199994
8.82943143812709 0.95904414120702
8.8628762541806 0.960096007238587
8.89632107023411 0.961121953421933
8.92976588628762 0.962122562791071
8.96321070234114 0.963098408106952
8.99665551839465 0.964050051887804
9.03010033444816 0.964978046448969
9.06354515050167 0.965882933951599
9.09698996655518 0.966765246459643
9.1304347826087 0.967625506004529
9.16387959866221 0.968464224657008
9.19732441471572 0.96928190460564
9.23076923076923 0.970079038241402
9.26421404682274 0.970856108247955
9.29765886287625 0.97161358769711
9.33110367892977 0.972351940149043
9.36454849498328 0.97307161975686
9.39799331103679 0.973773071375095
9.4314381270903 0.974456730671784
9.46488294314381 0.975123024243739
9.49832775919732 0.975772369734692
9.53177257525084 0.976405175955978
9.56521739130435 0.977021843009454
9.59866220735786 0.977622762412367
9.63210702341137 0.978208317223894
9.66555183946488 0.97877888217309
9.69899665551839 0.979334823788006
9.73244147157191 0.979876500525754
9.76588628762542 0.980404262903281
9.79933110367893 0.980918453628672
9.83277591973244 0.981419407732771
9.86622073578595 0.981907452700962
9.89966555183946 0.98238290860492
9.93311036789298 0.982846088234189
9.96655518394649 0.983297297227445
10 0.983736834203288
