0 0.019419562685975
0.204081632653061 0.02284583365368
0.408163265306122 0.0268600565315209
0.612244897959184 0.0315568366879778
0.816326530612245 0.0370436380975861
1.02040816326531 0.0434416387112805
1.22448979591837 0.0508862773929682
1.42857142857143 0.0595273178541464
1.63265306122449 0.0695282089611677
1.83673469387755 0.0810644748178151
2.04081632653061 0.09432082980638
2.24489795918367 0.109486695228893
2.44897959183673 0.12674981197074
2.6530612244898 0.14628771840799
2.85714285714286 0.168257016657606
3.06122448979592 0.192780601026546
3.26530612244898 0.219933374702818
3.46938775510204 0.249727414173115
3.6734693877551 0.282097999777191
3.87755102040816 0.316892319331546
4.08163265306122 0.353862842993139
4.28571428571429 0.392667231907351
4.48979591836735 0.432876094444133
4.69387755102041 0.473988950020922
4.89795918367347 0.515457536562156
5.10204081632653 0.556714355019053
5.30612244897959 0.5972033877368
5.51020408163265 0.63640951494204
5.71428571428571 0.673883401713873
5.91836734693878 0.709259466095991
6.12244897959184 0.742265737713991
6.3265306122449 0.772725672443791
6.53061224489796 0.80055302933719
6.73469387755102 0.825741573443974
6.93877551020408 0.848351603765619
7.14285714285714 0.868495186128585
7.3469387755102 0.886321619701959
7.55102040816327 0.902004214266599
7.75510204081633 0.915729008520174
7.95918367346939 0.927685683649175
8.16326530612245 0.93806064946086
8.36734693877551 0.947032103153709
8.57142857142857 0.954766767907815
8.77551020408163 0.96141798825499
8.97959183673469 0.967124870241021
9.18367346938776 0.972012188916117
9.38775510204082 0.976190830569158
9.59183673469388 0.979758583682984
9.79591836734694 0.982801135745001
10 0.985393170305955
