0 0.0280631291240653
0.204081632653061 0.0322299817982075
0.408163265306122 0.0369919868164397
0.612244897959184 0.0424267366352528
0.816326530612245 0.0486196314175606
1.02040816326531 0.0556639359933838
1.22448979591837 0.0636605680349074
1.42857142857143 0.0727175279920247
1.63265306122449 0.0829488686585035
1.83673469387755 0.094473093264764
2.04081632653061 0.107410868951953
2.24489795918367 0.121881951509455
2.44897959183673 0.138001242184098
2.6530612244898 0.155873943172764
2.85714285714286 0.17558984922618
3.06122448979592 0.197216910421469
3.26530612244898 0.220794323171326
3.46938775510204 0.246325544273686
3.6734693877551 0.273771759933505
3.87755102040816 0.303046454146887
4.08163265306122 0.334011779136843
4.28571428571429 0.366477404981101
4.48979591836735 0.400202394162181
4.69387755102041 0.434900404075119
4.89795918367347 0.470248184801417
5.10204081632653 0.505896954497541
5.30612244897959 0.541485864098252
5.51020408163265 0.576656476558024
5.71428571428571 0.611067041938425
5.91836734693878 0.644405378851699
6.12244897959184 0.676399368829017
6.3265306122449 0.706824391878651
6.53061224489796 0.735507414640873
6.73469387755102 0.762327817505021
6.93877551020408 0.787215355663545
7.14285714285714 0.810145855746258
7.3469387755102 0.83113534450754
7.55102040816327 0.85023330087968
7.75510204081633 0.867515643090654
7.95918367346939 0.883077938857849
8.16326530612245 0.89702918703651
8.36734693877551 0.90948638515168
8.57142857142857 0.920569982676321
8.77551020408163 0.9304002311315
8.97959183673469 0.939094379885335
9.18367346938776 0.946764628149069
9.38775510204082 0.953516724556557
9.59183673469388 0.959449100852275
9.79591836734694 0.964652430960659
10 0.969209517219034
