0 0.0372613458046432
0.204081632653061 0.0427795355358948
0.408163265306122 0.0490732818297459
0.612244897959184 0.0562385664493588
0.816326530612245 0.064379237566831
1.02040816326531 0.0736063858299884
1.22448979591837 0.0840372294161961
1.42857142857143 0.0957933902913446
1.63265306122449 0.108998442551141
1.83673469387755 0.123774624687926
2.04081632653061 0.140238636161954
2.24489795918367 0.158496490101512
2.44897959183673 0.178637472585912
2.6530612244898 0.200727366295206
2.85714285714286 0.2248012289807
3.06122448979592 0.250856164836768
3.26530612244898 0.278844670580265
3.46938775510204 0.308669250793401
3.6734693877551 0.340179046539928
3.87755102040816 0.373169176100451
4.08163265306122 0.407383325537586
4.28571428571429 0.44251984798485
4.48979591836735 0.47824125898358
4.69387755102041 0.514186603052488
4.89795918367347 0.549985785308772
5.10204081632653 0.585274685797202
5.30612244897959 0.619709761021153
5.51020408163265 0.65298091150646
5.71428571428571 0.684821639920913
5.91836734693878 0.715015889389306
6.12244897959184 0.743401363618067
6.3265306122449 0.769869515733052
6.53061224489796 0.794362694139783
6.73469387755102 0.816869120340078
6.93877551020408 0.837416441997109
7.14285714285714 0.856064572616386
7.3469387755102 0.872898427034562
7.55102040816327 0.888021022218636
7.75510204081633 0.901547264210312
7.95918367346939 0.913598605092378
8.16326530612245 0.924298640696543
8.36734693877551 0.933769635087764
8.57142857142857 0.942129900975291
8.77551020408163 0.949491932264205
8.97959183673469 0.95596117074392
9.18367346938776 0.961635288064628
9.38775510204082 0.966603871950518
9.59183673469388 0.970948418257774
9.79591836734694 0.974742545222613
10 0.97805236117177
