0 0.0204021579996155
0.005005005005005 0.0205251984982184
0.01001001001001 0.0206489653832027
0.015015015015015 0.0207734627537237
0.02002002002002 0.0208986947297811
0.025025025025025 0.0210246654522967
0.03003003003003 0.0211513790831921
0.035035035035035 0.0212788398054668
0.04004004004004 0.0214070518232757
0.045045045045045 0.0215360193620067
0.05005005005005 0.0216657466683582
0.0550550550550551 0.0217962380104165
0.0600600600600601 0.0219274976777329
0.0650650650650651 0.0220595299814011
0.0700700700700701 0.0221923392541343
0.0750750750750751 0.0223259298503417
0.0800800800800801 0.0224603061462054
0.0850850850850851 0.0225954725397574
0.0900900900900901 0.0227314334509555
0.0950950950950951 0.0228681933217597
0.1001001001001 0.0230057566162087
0.105105105105105 0.0231441278204954
0.11011011011011 0.023283311443043
0.115115115115115 0.0234233120145801
0.12012012012012 0.0235641340882168
0.125125125125125 0.023705782239519
0.13013013013013 0.0238482610665842
0.135135135135135 0.0239915751901155
0.14014014014014 0.0241357292534967
0.145145145145145 0.0242807279228659
0.15015015015015 0.0244265758871903
0.155155155155155 0.0245732778583392
0.16016016016016 0.024720838571158
0.165165165165165 0.0248692627835411
0.17017017017017 0.0250185552765052
0.175175175175175 0.0251687208542613
0.18018018018018 0.025319764344288
0.185185185185185 0.0254716905974024
0.19019019019019 0.0256245044878329
0.195195195195195 0.0257782109132897
0.2002002002002 0.0259328147950365
0.205205205205205 0.0260883210779608
0.21021021021021 0.0262447347306444
0.215215215215215 0.0264020607454333
0.22022022022022 0.0265603041385076
0.225225225225225 0.0267194699499503
0.23023023023023 0.0268795632438162
0.235235235235235 0.0270405891082007
0.24024024024024 0.0272025526553072
0.245245245245245 0.0273654590215153
0.25025025025025 0.0275293133674474
0.255255255255255 0.0276941208780356
0.26026026026026 0.027859886762588
0.265265265265265 0.0280266162548544
0.27027027027027 0.0281943146130913
0.275275275275275 0.0283629871201273
0.28028028028028 0.0285326390834267
0.285285285285285 0.0287032758351534
0.29029029029029 0.0288749027322346
0.295295295295295 0.029047525156423
0.3003003003003 0.0292211485143588
0.305305305305305 0.0293957782376319
0.31031031031031 0.0295714197828424
0.315315315315315 0.029748078631661
0.32032032032032 0.0299257602908889
0.325325325325325 0.0301044702925173
0.33033033033033 0.0302842141937852
0.335335335335335 0.0304649975772382
0.34034034034034 0.030646826050785
0.345345345345345 0.0308297052477546
0.35035035035035 0.0310136408269517
0.355355355355355 0.0311986384727122
0.36036036036036 0.031384703894958
0.365365365365365 0.0315718428292501
0.37037037037037 0.0317600610368421
0.375375375375375 0.0319493643047328
0.38038038038038 0.032139758445717
0.385385385385385 0.0323312492984368
0.39039039039039 0.0325238427274315
0.395395395395395 0.0327175446231869
0.4004004004004 0.0329123609021831
0.405405405405405 0.0331082975069426
0.41041041041041 0.0333053604060769
0.415415415415415 0.033503555594332
0.42042042042042 0.0337028890926335
0.425425425425425 0.0339033669481306
0.43043043043043 0.0341049952342392
0.435435435435435 0.0343077800506841
0.44044044044044 0.03451172752354
0.445445445445445 0.0347168438052724
0.45045045045045 0.034923135074776
0.455455455455455 0.0351306075374137
0.46046046046046 0.0353392674250536
0.465465465465465 0.0355491209961051
0.47047047047047 0.0357601745355545
0.475475475475475 0.0359724343549989
0.48048048048048 0.0361859067926791
0.485485485485485 0.0364005982135121
0.49049049049049 0.0366165150091213
0.495495495495495 0.0368336635978667
0.500500500500501 0.0370520504248733
0.505505505505506 0.0372716819620584
0.510510510510511 0.037492564708158
0.515515515515516 0.0377147051887516
0.520520520520521 0.0379381099562864
0.525525525525526 0.0381627855900992
0.530530530530531 0.0383887386964381
0.535535535535536 0.0386159759084826
0.540540540540541 0.0388445038863617
0.545545545545546 0.0390743293171721
0.550550550550551 0.0393054589149936
0.555555555555556 0.0395378994209039
0.560560560560561 0.039771657602992
0.565565565565566 0.0400067402563703
0.570570570570571 0.0402431542031844
0.575575575575576 0.0404809062926228
0.580580580580581 0.0407200034009243
0.585585585585586 0.0409604524313839
0.590590590590591 0.0412022603143574
0.595595595595596 0.0414454340072647
0.600600600600601 0.0416899804945912
0.605605605605606 0.0419359067878874
0.610610610610611 0.042183219925768
0.615615615615616 0.0424319269739079
0.620620620620621 0.0426820350250376
0.625625625625626 0.0429335511989368
0.630630630630631 0.0431864826424261
0.635635635635636 0.0434408365293568
0.640640640640641 0.0436966200605997
0.645645645645646 0.0439538404640313
0.650650650650651 0.0442125049945189
0.655655655655656 0.0444726209339036
0.660660660660661 0.0447341955909815
0.665665665665666 0.044997236301483
0.670670670670671 0.0452617504280505
0.675675675675676 0.045527745360214
0.680680680680681 0.0457952285143645
0.685685685685686 0.0460642073337266
0.690690690690691 0.0463346892883273
0.695695695695696 0.0466066818749646
0.700700700700701 0.0468801926171733
0.705705705705706 0.0471552290651882
0.710710710710711 0.0474317987959067
0.715715715715716 0.0477099094128477
0.720720720720721 0.0479895685461098
0.725725725725726 0.048270783852326
0.730730730730731 0.0485535630146179
0.735735735735736 0.0488379137425458
0.740740740740741 0.0491238437720582
0.745745745745746 0.0494113608654383
0.750750750750751 0.0497004728112481
0.755755755755756 0.0499911874242708
0.760760760760761 0.0502835125454504
0.765765765765766 0.0505774560418291
0.770770770770771 0.0508730258064822
0.775775775775776 0.051170229758451
0.780780780780781 0.0514690758426728
0.785785785785786 0.0517695720299086
0.790790790790791 0.0520717263166689
0.795795795795796 0.0523755467251354
0.800800800800801 0.0526810413030825
0.805805805805806 0.0529882181237939
0.810810810810811 0.0532970852859781
0.815815815815816 0.0536076509136811
0.820820820820821 0.0539199231561955
0.825825825825826 0.0542339101879683
0.830830830830831 0.0545496202085051
0.835835835835836 0.0548670614422714
0.840840840840841 0.055186242138592
0.845845845845846 0.0555071705715469
0.850850850850851 0.0558298550398645
0.855855855855856 0.0561543038668121
0.860860860860861 0.0564805254000836
0.865865865865866 0.0568085280116839
0.870870870870871 0.0571383200978109
0.875875875875876 0.0574699100787339
0.880880880880881 0.0578033063986694
0.885885885885886 0.0581385175256539
0.890890890890891 0.0584755519514136
0.895895895895896 0.0588144181912308
0.900900900900901 0.0591551247838072
0.905905905905906 0.0594976802911246
0.910910910910911 0.0598420932983014
0.915915915915916 0.0601883724134469
0.920920920920921 0.0605365262675121
0.925925925925926 0.0608865635141362
0.930930930930931 0.0612384928294917
0.935935935935936 0.0615923229121242
0.940940940940941 0.0619480624827906
0.945945945945946 0.0623057202842923
0.950950950950951 0.0626653050813061
0.955955955955956 0.0630268256602112
0.960960960960961 0.0633902908289125
0.965965965965966 0.0637557094166614
0.970970970970971 0.0641230902738711
0.975975975975976 0.0644924422719307
0.980980980980981 0.0648637743030135
0.985985985985986 0.0652370952798834
0.990990990990991 0.0656124141356961
0.995995995995996 0.0659897398237981
1.001001001001 0.0663690813175207
1.00600600600601 0.0667504476099707
1.01101101101101 0.0671338477138176
1.01601601601602 0.0675192906610763
1.02102102102102 0.0679067855028868
1.02602602602603 0.068296341309289
1.03103103103103 0.0686879671689942
1.03603603603604 0.0690816721891527
1.04104104104104 0.0694774654951169
1.04604604604605 0.0698753562302009
1.05105105105105 0.0702753535554357
1.05605605605606 0.0706774666493204
1.06106106106106 0.0710817047075693
1.06606606606607 0.0714880769428549
1.07107107107107 0.0718965925845465
1.07607607607608 0.072307260878445
1.08108108108108 0.072720091086513
1.08608608608609 0.0731350924866005
1.09109109109109 0.0735522743721673
1.0960960960961 0.0739716460519997
1.1011011011011 0.0743932168499237
1.10610610610611 0.0748169961045138
1.11111111111111 0.0752429931687967
1.11611611611612 0.0756712174099513
1.12112112112112 0.0761016782090037
1.12612612612613 0.0765343849605178
1.13113113113113 0.0769693470722817
1.13613613613614 0.0774065739649886
1.14114114114114 0.0778460750719144
1.14614614614615 0.0782878598385894
1.15115115115115 0.0787319377224661
1.15615615615616 0.0791783181925817
1.16116116116116 0.0796270107292169
1.16616616616617 0.0800780248235484
1.17117117117117 0.0805313699772982
1.17617617617618 0.0809870557023766
1.18118118118118 0.0814450915205218
1.18618618618619 0.0819054869629334
1.19119119119119 0.0823682515699015
1.1961961961962 0.0828333948904312
1.2012012012012 0.0833009264818613
1.20620620620621 0.0837708559094788
1.21121121121121 0.084243192746128
1.21621621621622 0.0847179465718147
1.22122122122122 0.0851951269733049
1.22622622622623 0.0856747435437193
1.23123123123123 0.0861568058821216
1.23623623623624 0.0866413235931023
1.24124124124124 0.0871283062863576
1.24624624624625 0.0876177635762622
1.25125125125125 0.0881097050814374
1.25625625625626 0.0886041404243142
1.26126126126126 0.0891010792306907
1.26626626626627 0.0896005311292842
1.27127127127127 0.0901025057512782
1.27627627627628 0.0906070127298643
1.28128128128128 0.0911140616997779
1.28628628628629 0.091623662296829
1.29129129129129 0.0921358241574282
1.2962962962963 0.0926505569181061
1.3013013013013 0.093167870215028
1.30630630630631 0.093687773683503
1.31131131131131 0.0942102769574873
1.31631631631632 0.0947353896690827
1.32132132132132 0.0952631214480285
1.32632632632633 0.095793481921189
1.33133133133133 0.0963264807120345
1.33633633633634 0.0968621274401172
1.34134134134134 0.0974004317205416
1.34634634634635 0.0979414031634286
1.35135135135135 0.0984850513733749
1.35635635635636 0.099031385948906
1.36136136136136 0.0995804164819239
1.36636636636637 0.100132152557149
1.37137137137137 0.100686603751557
1.37637637637638 0.101243779633807
1.38138138138138 0.101803689763671
1.38638638638639 0.102366343691447
1.39139139139139 0.102931750957378
1.3963963963964 0.103499921091056
1.4014014014014 0.104070863610824
1.40640640640641 0.104644588023175
1.41141141141141 0.105221103822139
1.41641641641642 0.105800420488669
1.42142142142142 0.106382547490018
1.42642642642643 0.106967494279117
1.43143143143143 0.107555270293936
1.43643643643644 0.108145884956848
1.44144144144144 0.108739347673983
1.44644644644645 0.109335667834584
1.45145145145145 0.109934854810339
1.45645645645646 0.110536917954732
1.46146146146146 0.111141866602367
1.46646646646647 0.111749710068294
1.47147147147147 0.112360457647337
1.47647647647648 0.112974118613401
1.48148148148148 0.113590702218785
1.48648648648649 0.114210217693484
1.49149149149149 0.114832674244486
1.4964964964965 0.115458081055067
1.5015015015015 0.116086447284071
1.50650650650651 0.116717782065194
1.51151151151151 0.117352094506259
1.51651651651652 0.11798939368848
1.52152152152152 0.118629688665732
1.52652652652653 0.119272988463799
1.53153153153153 0.119919302079633
1.53653653653654 0.120568638480596
1.54154154154154 0.121221006603701
1.54654654654655 0.121876415354845
1.55155155155155 0.122534873608039
1.55655655655656 0.12319639020463
1.56156156156156 0.12386097395252
1.56656656656657 0.124528633625375
1.57157157157157 0.125199377961833
1.57657657657658 0.125873215664704
1.58158158158158 0.126550155400167
1.58658658658659 0.127230205796956
1.59159159159159 0.127913375445545
1.5965965965966 0.128599672897332
1.6016016016016 0.129289106663802
1.60660660660661 0.129981685215706
1.61161161161161 0.130677416982215
1.61661661661662 0.131376310350081
1.62162162162162 0.132078373662789
1.62662662662663 0.132783615219702
1.63163163163163 0.133492043275204
1.63663663663664 0.134203666037835
1.64164164164164 0.134918491669424
1.64664664664665 0.13563652828421
1.65165165165165 0.136357783947971
1.65665665665666 0.137082266677133
1.66166166166166 0.137809984437885
1.66666666666667 0.13854094514528
1.67167167167167 0.139275156662345
1.67667667667668 0.140012626799169
1.68168168168168 0.140753363311998
1.68668668668669 0.141497373902321
1.69169169169169 0.142244666215955
1.6966966966967 0.14299524784212
1.7017017017017 0.14374912631251
1.70670670670671 0.144506309100368
1.71171171171171 0.145266803619543
1.71671671671672 0.146030617223556
1.72172172172172 0.146797757204651
1.72672672672673 0.147568230792848
1.73173173173173 0.14834204515499
1.73673673673674 0.149119207393787
1.74174174174174 0.149899724546852
1.74674674674675 0.150683603585739
1.75175175175175 0.151470851414974
1.75675675675676 0.152261474871079
1.76176176176176 0.153055480721599
1.76676676676677 0.153852875664121
1.77177177177177 0.154653666325289
1.77677677677678 0.155457859259817
1.78178178178178 0.156265460949502
1.78678678678679 0.157076477802223
1.79179179179179 0.157890916150951
1.7967967967968 0.158708782252743
1.8018018018018 0.159530082287743
1.80680680680681 0.160354822358172
1.81181181181181 0.161183008487319
1.81681681681682 0.162014646618533
1.82182182182182 0.162849742614203
1.82682682682683 0.163688302254742
1.83183183183183 0.164530331237569
1.83683683683684 0.165375835176085
1.84184184184184 0.166224819598648
1.84684684684685 0.167077289947548
1.85185185185185 0.167933251577974
1.85685685685686 0.168792709756989
1.86186186186186 0.169655669662493
1.86686686686687 0.170522136382187
1.87187187187187 0.171392114912543
1.87687687687688 0.172265610157761
1.88188188188188 0.17314262692873
1.88688688688689 0.174023169941991
1.89189189189189 0.174907243818691
1.8968968968969 0.175794853083544
1.9019019019019 0.176686002163786
1.90690690690691 0.177580695388129
1.91191191191191 0.178478936985718
1.91691691691692 0.179380731085085
1.92192192192192 0.180286081713102
1.92692692692693 0.181194992793935
1.93193193193193 0.182107468147998
1.93693693693694 0.183023511490905
1.94194194194194 0.183943126432425
1.94694694694695 0.184866316475436
1.95195195195195 0.185793085014877
1.95695695695696 0.186723435336706
1.96196196196196 0.187657370616851
1.96696696696697 0.18859489392017
1.97197197197197 0.189536008199408
1.97697697697698 0.190480716294153
1.98198198198198 0.191429020929797
1.98698698698699 0.192380924716497
1.99199199199199 0.193336430148136
1.996996996997 0.194295539601291
2.002002002002 0.195258255334195
2.00700700700701 0.196224579485707
2.01201201201201 0.197194514074284
2.01701701701702 0.19816806099695
2.02202202202202 0.199145222028275
2.02702702702703 0.200125998819352
2.03203203203203 0.201110392896775
2.03703703703704 0.202098405661626
2.04204204204204 0.203090038388463
2.04704704704705 0.204085292224305
2.05205205205205 0.205084168187634
2.05705705705706 0.206086667167383
2.06206206206206 0.207092789921947
2.06706706706707 0.208102537078181
2.07207207207207 0.209115909130415
2.07707707707708 0.210132906439463
2.08208208208208 0.211153529231647
2.08708708708709 0.212177777597818
2.09209209209209 0.213205651492384
2.0970970970971 0.214237150732343
2.1021021021021 0.215272274996326
2.10710710710711 0.216311023823633
2.11211211211211 0.217353396613294
2.11711711711712 0.218399392623114
2.12212212212212 0.219449010968742
2.12712712712713 0.220502250622738
2.13213213213213 0.221559110413644
2.13713713713714 0.222619589025069
2.14214214214214 0.223683684994775
2.14714714714715 0.224751396713772
2.15215215215215 0.225822722425422
2.15715715715716 0.226897660224545
2.16216216216216 0.227976208056539
2.16716716716717 0.229058363716503
2.17217217217217 0.230144124848371
2.17717717717718 0.231233488944053
2.18218218218218 0.232326453342582
2.18718718718719 0.233423015229275
2.19219219219219 0.234523171634896
2.1971971971972 0.235626919434836
2.2022022022022 0.236734255348293
2.20720720720721 0.237845175937468
2.21221221221221 0.238959677606769
2.21721721721722 0.240077756602025
2.22222222222222 0.241199409009705
2.22722722722723 0.242324630756156
2.23223223223223 0.243453417606844
2.23723723723724 0.244585765165609
2.24224224224224 0.24572166887393
2.24724724724725 0.246861124010198
2.25225225225225 0.248004125689008
2.25725725725726 0.249150668860455
2.26226226226226 0.25030074830944
2.26726726726727 0.251454358654997
2.27227227227227 0.252611494349624
2.27727727727728 0.253772149678629
2.28228228228228 0.254936318759485
2.28728728728729 0.256103995541207
2.29229229229229 0.257275173803727
2.2972972972973 0.258449847157295
2.3023023023023 0.259628009041888
2.30730730730731 0.260809652726631
2.31231231231231 0.26199477130923
2.31731731731732 0.263183357715429
2.32232232232232 0.264375404698465
2.32732732732733 0.265570904838554
2.33233233233233 0.266769850542373
2.33733733733734 0.267972234042576
2.34234234234234 0.269178047397306
2.34734734734735 0.270387282489738
2.35235235235235 0.271599931027625
2.35735735735736 0.272815984542865
2.36236236236236 0.274035434391085
2.36736736736737 0.275258271751231
2.37237237237237 0.276484487625189
2.37737737737738 0.277714072837406
2.38238238238238 0.278947018034541
2.38738738738739 0.28018331368512
2.39239239239239 0.281422950079218
2.3973973973974 0.282665917328149
2.4024024024024 0.283912205364181
2.40740740740741 0.285161803940259
2.41241241241241 0.286414702629755
2.41741741741742 0.287670890826223
2.42242242242242 0.288930357743187
2.42742742742743 0.290193092413933
2.43243243243243 0.291459083691324
2.43743743743744 0.292728320247636
2.44244244244244 0.294000790574404
2.44744744744745 0.295276482982298
2.45245245245245 0.296555385601004
2.45745745745746 0.297837486379138
2.46246246246246 0.299122773084161
2.46746746746747 0.300411233302332
2.47247247247247 0.301702854438665
2.47747747747748 0.302997623716915
2.48248248248248 0.304295528179575
2.48748748748749 0.305596554687899
2.49249249249249 0.306900689921944
2.4974974974975 0.308207920380624
2.5025025025025 0.309518232381796
2.50750750750751 0.310831612062354
2.51251251251251 0.312148045378352
2.51751751751752 0.313467518105141
2.52252252252252 0.314790015837532
2.52752752752753 0.316115523989971
2.53253253253253 0.317444027796746
2.53753753753754 0.3187755123122
2.54254254254254 0.320109962410981
2.54754754754755 0.3214473627883
2.55255255255255 0.322787697960212
2.55755755755756 0.324130952263927
2.56256256256256 0.325477109858128
2.56756756756757 0.326826154723322
2.57257257257257 0.328178070662207
2.57757757757758 0.329532841300056
2.58258258258258 0.330890450085133
2.58758758758759 0.332250880289121
2.59259259259259 0.333614115007576
2.5975975975976 0.3349801371604
2.6026026026026 0.336348929492336
2.60760760760761 0.337720474573489
2.61261261261261 0.33909475479986
2.61761761761762 0.340471752393912
2.62262262262262 0.341851449405146
2.62762762762763 0.343233827710712
2.63263263263263 0.344618869016028
2.63763763763764 0.346006554855432
2.64264264264264 0.347396866592851
2.64764764764765 0.34878978542249
2.65265265265265 0.350185292369546
2.65765765765766 0.351583368290946
2.66266266266266 0.352983993876099
2.66766766766767 0.354387149647675
2.67267267267267 0.35579281596241
2.67767767767768 0.357200973011924
2.68268268268268 0.358611600823565
2.68768768768769 0.360024679261277
2.69269269269269 0.361440188026486
2.6976976976977 0.36285810665901
2.7027027027027 0.364278414537991
2.70770770770771 0.365701090882842
2.71271271271271 0.367126114754231
2.71771771771772 0.368553465055067
2.72272272272272 0.369983120531523
2.72772772772773 0.371415059774075
2.73273273273273 0.372849261218558
2.73773773773774 0.37428570314725
2.74274274274274 0.375724363689975
2.74774774774775 0.377165220825227
2.75275275275275 0.378608252381313
2.75775775775776 0.38005343603752
2.76276276276276 0.381500749325303
2.76776776776777 0.38295016962949
2.77277277277277 0.384401674189513
2.77777777777778 0.385855240100656
2.78278278278278 0.387310844315321
2.78778778778779 0.388768463644325
2.79279279279279 0.390228074758203
2.7977977977978 0.391689654188542
2.8028028028028 0.39315317832933
2.80780780780781 0.394618623438324
2.81281281281281 0.396085965638446
2.81781781781782 0.397555180919184
2.82282282282282 0.399026245138026
2.82782782782783 0.400499134021908
2.83283283283283 0.401973823168676
2.83783783783784 0.40345028804858
2.84284284284284 0.404928504005772
2.84784784784785 0.406408446259831
2.85285285285285 0.407890089907308
2.85785785785786 0.409373409923282
2.86286286286286 0.41085838116294
2.86786786786787 0.412344978363174
2.87287287287287 0.413833176144191
2.87787787787788 0.415322949011149
2.88288288288288 0.416814271355801
2.88788788788789 0.418307117458163
2.89289289289289 0.419801461488197
2.8978978978979 0.421297277507506
2.9029029029029 0.422794539471054
2.90790790790791 0.424293221228893
2.91291291291291 0.425793296527917
2.91791791791792 0.427294739013616
2.92292292292292 0.428797522231862
2.92792792792793 0.430301619630702
2.93293293293293 0.431807004562162
2.93793793793794 0.433313650284077
2.94294294294294 0.434821529961924
2.94794794794795 0.436330616670678
2.95295295295295 0.437840883396674
2.95795795795796 0.439352303039494
2.96296296296296 0.440864848413852
2.96796796796797 0.442378492251506
2.97297297297297 0.443893207203178
2.97797797797798 0.445408965840481
2.98298298298298 0.446925740657869
2.98798798798799 0.44844350407459
2.99299299299299 0.449962228436656
2.997997997998 0.451481886018821
3.003003003003 0.453002449026573
3.00800800800801 0.454523889598136
3.01301301301301 0.456046179806481
3.01801801801802 0.45756929166135
3.02302302302302 0.459093197111286
3.02802802802803 0.460617868045677
3.03303303303303 0.46214327629681
3.03803803803804 0.463669393641924
3.04304304304304 0.465196191805288
3.04804804804805 0.466723642460272
3.05305305305305 0.468251717231435
3.05805805805806 0.469780387696618
3.06306306306306 0.471309625389047
3.06806806806807 0.472839401799437
3.07307307307307 0.474369688378108
3.07807807807808 0.475900456537109
3.08308308308308 0.47743167765234
3.08808808808809 0.478963323065689
3.09309309309309 0.480495364087168
3.0980980980981 0.482027771997058
3.1031031031031 0.483560518048055
3.10810810810811 0.485093573467425
3.11311311311311 0.486626909459158
3.11811811811812 0.488160497206132
3.12312312312312 0.489694307872271
3.12812812812813 0.491228312604719
3.13313313313313 0.492762482536003
3.13813813813814 0.494296788786208
3.14314314314314 0.495831202465148
3.14814814814815 0.497365694674547
3.15315315315315 0.498900236510208
3.15815815815816 0.500434799064199
3.16316316316316 0.501969353427021
3.16816816816817 0.503503870689799
3.17317317317317 0.505038321946447
3.17817817817818 0.506572678295858
3.18318318318318 0.508106910844073
3.18818818818819 0.509640990706458
3.19319319319319 0.511174889009884
3.1981981981982 0.512708576894892
3.2032032032032 0.514242025517871
3.20820820820821 0.515775206053218
3.21321321321321 0.51730808969551
3.21821821821822 0.518840647661662
3.22322322322322 0.520372851193086
3.22822822822823 0.521904671557845
3.23323323323323 0.523436080052806
3.23823823823824 0.52496704800578
3.24324324324324 0.526497546777667
3.24824824824825 0.528027547764591
3.25325325325325 0.529557022400025
3.25825825825826 0.531085942156923
3.26326326326326 0.532614278549828
3.26826826826827 0.534142003136991
3.27327327327327 0.535669087522469
3.27827827827828 0.537195503358226
3.28328328328328 0.538721222346218
3.28828828828829 0.540246216240476
3.29329329329329 0.541770456849181
3.2982982982983 0.543293916036724
3.3033033033033 0.544816565725764
3.30830830830831 0.546338377899274
3.31331331331331 0.547859324602577
3.31831831831832 0.549379377945374
3.32332332332332 0.550898510103759
3.32832832832833 0.552416693322226
3.33333333333333 0.553933899915665
3.33833833833834 0.555450102271349
3.34334334334334 0.556965272850899
3.34834834834835 0.558479384192256
3.35335335335335 0.559992408911624
3.35835835835836 0.561504319705407
3.36336336336336 0.563015089352141
3.36836836836837 0.564524690714397
3.37337337337337 0.566033096740686
3.37837837837838 0.567540280467344
3.38338338338338 0.569046215020402
3.38838838838839 0.570550873617449
3.39339339339339 0.572054229569468
3.3983983983984 0.573556256282678
3.4034034034034 0.575056927260338
3.40840840840841 0.576556216104551
3.41341341341341 0.578054096518055
3.41841841841842 0.579550542305983
3.42342342342342 0.581045527377626
3.42842842842843 0.582539025748165
3.43343343343343 0.584031011540399
3.43843843843844 0.585521458986446
3.44344344344344 0.587010342429436
3.44844844844845 0.588497636325181
3.45345345345345 0.589983315243835
3.45845845845846 0.591467353871527
3.46346346346346 0.592949727011986
3.46846846846847 0.594430409588146
3.47347347347347 0.595909376643726
3.47847847847848 0.597386603344806
3.48348348348348 0.598862064981367
3.48848848848849 0.600335736968833
3.49349349349349 0.601807594849575
3.4984984984985 0.603277614294411
3.5035035035035 0.604745771104077
3.50850850850851 0.606212041210687
3.51351351351351 0.607676400679168
3.51851851851852 0.609138825708676
3.52352352352352 0.610599292634
3.52852852852853 0.612057777926933
3.53353353353353 0.613514258197636
3.53853853853854 0.614968710195977
3.54354354354354 0.616421110812846
3.54854854854855 0.617871437081455
3.55355355355355 0.619319666178619
3.55855855855856 0.620765775426009
3.56356356356356 0.622209742291394
3.56856856856857 0.623651544389855
3.57357357357357 0.625091159484981
3.57857857857858 0.626528565490043
3.58358358358358 0.62796374046915
3.58858858858859 0.629396662638383
3.59359359359359 0.630827310366903
3.5985985985986 0.632255662178043
3.6036036036036 0.63368169675038
3.60860860860861 0.63510539291878
3.61361361361361 0.636526729675426
3.61861861861862 0.637945686170822
3.62362362362362 0.639362241714777
3.62862862862863 0.640776375777368
3.63363363363363 0.64218806798988
3.63863863863864 0.643597298145722
3.64364364364364 0.64500404620133
3.64864864864865 0.646408292277034
3.65365365365365 0.647810016657918
3.65865865865866 0.64920919979465
3.66366366366366 0.650605822304291
3.66866866866867 0.651999864971083
3.67367367367367 0.653391308747214
3.67867867867868 0.654780134753568
3.68368368368368 0.656166324280438
3.68868868868869 0.657549858788237
3.69369369369369 0.658930719908168
3.6986986986987 0.660308889442887
3.7037037037037 0.661684349367137
3.70870870870871 0.663057081828357
3.71371371371371 0.66442706914728
3.71871871871872 0.665794293818501
3.72372372372372 0.667158738511022
3.72872872872873 0.668520386068783
3.73373373373373 0.669879219511165
3.73873873873874 0.671235222033473
3.74374374374374 0.672588377007399
3.74874874874875 0.673938667981464
3.75375375375375 0.675286078681433
3.75875875875876 0.676630593010718
3.76376376376376 0.67797219505075
3.76876876876877 0.679310869061336
3.77377377377377 0.680646599480996
3.77877877877878 0.681979370927272
3.78378378378378 0.683309168197024
3.78878878878879 0.684635976266696
3.79379379379379 0.685959780292575
3.7987987987988 0.687280565611013
3.8038038038038 0.688598317738641
3.80880880880881 0.689913022372556
3.81381381381381 0.691224665390492
3.81881881881882 0.692533232850964
3.82382382382382 0.693838710993399
3.82882882882883 0.695141086238244
3.83383383383383 0.696440345187053
3.83883883883884 0.697736474622558
3.84384384384384 0.699029461508711
3.84884884884885 0.700319292990722
3.85385385385385 0.701605956395061
3.85885885885886 0.702889439229452
3.86386386386386 0.704169729182843
3.86886886886887 0.705446814125359
3.87387387387387 0.706720682108234
3.87887887887888 0.707991321363725
3.88388388388388 0.709258720305009
3.88888888888889 0.710522867526061
3.89389389389389 0.711783751801508
3.8988988988989 0.713041362086478
3.9039039039039 0.714295687516415
3.90890890890891 0.715546717406889
3.91391391391391 0.71679444125338
3.91891891891892 0.718038848731049
3.92392392392392 0.719279929694493
3.92892892892893 0.720517674177473
3.93393393393393 0.72175207239264
3.93893893893894 0.722983114731231
3.94394394394394 0.724210791762757
3.94894894894895 0.725435094234667
3.95395395395395 0.726656013072002
3.95895895895896 0.727873539377031
3.96396396396396 0.72908766442887
3.96896896896897 0.730298379683082
3.97397397397397 0.731505676771273
3.97897897897898 0.732709547500655
3.98398398398398 0.733909983853611
3.98898898898899 0.735106977987231
3.99399399399399 0.736300522232845
3.998998998999 0.737490609095531
4.004004004004 0.738677231253614
4.00900900900901 0.739860381558152
4.01401401401401 0.741040053032402
4.01901901901902 0.742216238871278
4.02402402402402 0.743388932440792
4.02902902902903 0.744558127277481
4.03403403403403 0.745723817087826
4.03903903903904 0.746885995747646
4.04404404404404 0.748044657301494
4.04904904904905 0.749199795962031
4.05405405405405 0.750351406109384
4.05905905905906 0.751499482290504
4.06406406406406 0.752644019218503
4.06906906906907 0.753785011771975
4.07407407407407 0.754922454994319
4.07907907907908 0.756056344093036
4.08408408408408 0.757186674439023
4.08908908908909 0.758313441565854
4.09409409409409 0.75943664116905
4.0990990990991 0.760556269105335
4.1041041041041 0.761672321391889
4.10910910910911 0.762784794205579
4.11411411411411 0.763893683882194
4.11911911911912 0.764998986915654
4.12412412412412 0.766100699957228
4.12912912912913 0.767198819814722
4.13413413413413 0.768293343451674
4.13913913913914 0.769384267986531
4.14414414414414 0.77047159069182
4.14914914914915 0.77155530899331
4.15415415415415 0.772635420469163
4.15915915915916 0.773711922849081
4.16416416416416 0.77478481401344
4.16916916916917 0.775854091992421
4.17417417417417 0.776919754965126
4.17917917917918 0.777981801258697
4.18418418418418 0.779040229347413
4.18918918918919 0.780095037851797
4.19419419419419 0.7811462255377
4.1991991991992 0.782193791315388
4.2042042042042 0.783237734238621
4.20920920920921 0.784278053503718
4.21421421421421 0.785314748448628
4.21921921921922 0.786347818551986
4.22422422422422 0.787377263432163
4.22922922922923 0.788403082846317
4.23423423423423 0.789425276689432
4.23923923923924 0.790443844993354
4.24424424424424 0.791458787925819
4.24924924924925 0.792470105789484
4.25425425425425 0.793477799020944
4.25925925925926 0.79448186818975
4.26426426426426 0.795482313997417
4.26926926926927 0.796479137276436
4.27427427427427 0.797472338989275
4.27927927927928 0.798461920227377
4.28428428428428 0.799447882210159
4.28928928928929 0.800430226284001
4.29429429429429 0.801408953921233
4.2992992992993 0.802384066719125
4.3043043043043 0.803355566398867
4.30930930930931 0.804323454804546
4.31431431431431 0.805287733902124
4.31931931931932 0.806248405778415
4.32432432432432 0.807205472640048
4.32932932932933 0.808158936812447
4.33433433433433 0.809108800738791
4.33933933933934 0.810055066978978
4.34434434434434 0.810997738208595
4.34934934934935 0.811936817217873
4.35435435435435 0.81287230691065
4.35935935935936 0.813804210303331
4.36436436436436 0.814732530523843
4.36936936936937 0.815657270810594
4.37437437437437 0.816578434511426
4.37937937937938 0.817496025082573
4.38438438438438 0.818410046087614
4.38938938938939 0.819320501196425
4.39439439439439 0.820227394184137
4.3993993993994 0.821130728930087
4.4044044044044 0.822030509416769
4.40940940940941 0.822926739728791
4.41441441441441 0.82381942405183
4.41941941941942 0.82470856667158
4.42442442442442 0.825594171972714
4.42942942942943 0.826476244437832
4.43443443443443 0.827354788646424
4.43943943943944 0.828229809273822
4.44444444444444 0.829101311090159
4.44944944944945 0.82996929895933
4.45445445445445 0.830833777837948
4.45945945945946 0.831694752774311
4.46446446446446 0.832552228907361
4.46946946946947 0.833406211465651
4.47447447447447 0.834256705766309
4.47947947947948 0.835103717214009
4.48448448448448 0.835947251299939
4.48948948948949 0.836787313600775
4.49449449449449 0.837623909777655
4.4994994994995 0.838457045575153
4.5045045045045 0.839286726820261
4.50950950950951 0.840112959421371
4.51451451451451 0.840935749367256
4.51951951951952 0.841755102726059
4.52452452452452 0.842571025644281
4.52952952952953 0.843383524345773
4.53453453453453 0.844192605130735
4.53953953953954 0.844998274374708
4.54454454454454 0.845800538527582
4.54954954954955 0.846599404112594
4.55455455455455 0.847394877725342
4.55955955955956 0.848186966032792
4.56456456456456 0.848975675772295
4.56956956956957 0.849761013750604
4.57457457457457 0.850542986842896
4.57957957957958 0.851321601991799
4.58458458458458 0.85209686620642
4.58958958958959 0.85286878656138
4.59459459459459 0.853637370195849
4.5995995995996 0.854402624312587
4.6046046046046 0.855164556176992
4.60960960960961 0.855923173116149
4.61461461461461 0.85667848251788
4.61961961961962 0.857430491829807
4.62462462462462 0.858179208558409
4.62962962962963 0.858924640268094
4.63463463463463 0.859666794580267
4.63963963963964 0.860405679172406
4.64464464464464 0.861141301777141
4.64964964964965 0.861873670181343
4.65465465465465 0.86260279222521
4.65965965965966 0.86332867580136
4.66466466466466 0.864051328853935
4.66966966966967 0.864770759377702
4.67467467467467 0.865486975417161
4.67967967967968 0.866199985065661
4.68468468468468 0.866909796464515
4.68968968968969 0.867616417802131
4.69469469469469 0.868319857313132
4.6996996996997 0.869020123277497
4.7047047047047 0.869717224019698
4.70970970970971 0.87041116790784
4.71471471471471 0.87110196335282
4.71971971971972 0.871789618807471
4.72472472472472 0.872474142765732
4.72972972972973 0.873155543761807
4.73473473473473 0.873833830369337
4.73973973973974 0.874509011200579
4.74474474474474 0.875181094905586
4.74974974974975 0.875850090171393
4.75475475475475 0.876516005721212
4.75975975975976 0.877178850313628
4.76476476476476 0.877838632741806
4.76976976976977 0.878495361832694
4.77477477477477 0.879149046446247
4.77977977977978 0.879799695474639
4.78478478478478 0.880447317841494
4.78978978978979 0.881091922501118
4.79479479479479 0.881733518437732
4.7997997997998 0.882372114664719
4.8048048048048 0.883007720223874
4.80980980980981 0.883640344184655
4.81481481481481 0.884269995643444
4.81981981981982 0.884896683722814
4.82482482482482 0.885520417570804
4.82982982982983 0.886141206360188
4.83483483483483 0.886759059287766
4.83983983983984 0.887373985573652
4.84484484484484 0.887985994460565
4.84984984984985 0.888595095213134
4.85485485485485 0.889201297117201
4.85985985985986 0.889804609479135
4.86486486486486 0.890405041625153
4.86986986986987 0.891002602900636
4.87487487487487 0.891597302669468
4.87987987987988 0.892189150313365
4.88488488488488 0.89277815523122
4.88988988988989 0.893364326838446
4.89489489489489 0.893947674566335
4.8998998998999 0.894528207861411
4.9049049049049 0.895105936184799
4.90990990990991 0.895680869011593
4.91491491491491 0.896253015830232
4.91991991991992 0.896822386141882
4.92492492492492 0.897388989459827
4.92992992992993 0.897952835308859
4.93493493493493 0.898513933224677
4.93993993993994 0.899072292753295
4.94494494494494 0.899627923450452
4.94994994994995 0.900180834881026
4.95495495495495 0.90073103661846
4.95995995995996 0.901278538244187
4.96496496496496 0.901823349347067
4.96996996996997 0.902365479522823
4.97497497497497 0.902904938373488
4.97997997997998 0.903441735506857
4.98498498498498 0.903975880535939
4.98998998998999 0.904507383078427
4.99499499499499 0.905036252756156
5 0.905562499194584
