0 0.022074071856983
0.0334448160535117 0.0226463591448512
0.0668896321070234 0.0232331309301588
0.100334448160535 0.0238347353271906
0.133779264214047 0.0244515278478637
0.167224080267559 0.025083871507393
0.20066889632107 0.0257321369285204
0.234113712374582 0.0263967024440864
0.267558528428094 0.0270779541977131
0.301003344481605 0.0277762862423569
0.334448160535117 0.0284921006364717
0.367892976588629 0.0292258075375149
0.40133779264214 0.0299778252925111
0.434782608695652 0.0307485805253758
0.468227424749164 0.0315385082206877
0.501672240802676 0.0323480518035791
0.535117056856187 0.0331776632154054
0.568561872909699 0.0340278029848302
0.602006688963211 0.034898940293955
0.635451505016722 0.0357915530390984
0.668896321070234 0.0367061278858183
0.702341137123746 0.0376431603177504
0.735785953177257 0.0386031546788185
0.769230769230769 0.0395866242083575
0.802675585284281 0.0405940910686672
0.836120401337793 0.0416260863645011
0.869565217391304 0.0426831501539729
0.903010033444816 0.0437658314503465
0.936454849498328 0.0448746882141565
0.969899665551839 0.0460102873350856
1.00334448160535 0.0471732046030115
1.03678929765886 0.0483640246676104
1.07023411371237 0.0495833409858928
1.10367892976589 0.0508317557570245
1.1371237458194 0.0521098798437703
1.17056856187291 0.05341833267988
1.20401337792642 0.0547577421627188
1.23745819397993 0.0561287445304297
1.27090301003344 0.0575319842228987
1.30434782608696 0.0589681137257796
1.33779264214047 0.0604377933968213
1.37123745819398 0.0619416912737286
1.40468227424749 0.0634804828627771
1.438127090301 0.0650548509073892
1.47157190635451 0.066665485135876
1.50501672240803 0.0683130819875388
1.53846153846154 0.0699983443163193
1.57190635451505 0.0717219810711897
1.60535117056856 0.0734847069524683
1.63879598662207 0.0752872420432505
1.67224080267559 0.0771303114151521
1.7056856187291 0.0790146447075657
1.73913043478261 0.0809409756796451
1.77257525083612 0.0829100417342453
1.80602006688963 0.084922583413063
1.83946488294314 0.0869793438622461
1.87290969899666 0.089081068267763
1.90635451505017 0.0912285032598552
1.93979933110368 0.0934223962859299
1.97324414715719 0.0956634949512854
2.0066889632107 0.0979525463271115
2.04013377926421 0.100290296225251
2.07357859531773 0.102677488439262
2.10702341137124 0.105114863951389
2.14046822742475 0.107603160105106
2.17391304347826 0.110143109742965
2.20735785953177 0.11273544030958
2.24080267558528 0.115380872919633
2.2742474916388 0.118080121390902
2.30769230769231 0.120833891242393
2.34113712374582 0.123642878657768
2.37458193979933 0.12650776941437
2.40802675585284 0.129429237778265
2.44147157190635 0.132407945365836
2.47491638795987 0.135444539972605
2.50836120401338 0.138539654370083
2.54180602006689 0.141693905071617
2.5752508361204 0.144907891068299
2.60869565217391 0.148182192536232
2.64214046822742 0.15151736951653
2.67558528428094 0.154913960569664
2.70903010033445 0.158372481405883
2.74247491638796 0.161893423493646
2.77591973244147 0.165477252648176
2.80936454849498 0.169124407602413
2.84280936454849 0.172835298562846
2.87625418060201 0.176610305752884
2.90969899665552 0.180449777946614
2.94314381270903 0.184354030995976
2.97658862876254 0.188323346354589
3.01003344481605 0.192357969601619
3.04347826086956 0.1964581089693
3.07692307692308 0.20062393387786
3.11036789297659 0.2048555734818
3.1438127090301 0.209153115231632
3.17725752508361 0.213516603455345
3.21070234113712 0.21794603796401
3.24414715719064 0.222441372686078
3.27759197324415 0.227002514335052
3.31103678929766 0.231629321115333
3.34448160535117 0.236321601471113
3.37792642140468 0.241079112883305
3.41137123745819 0.245901560719542
3.44481605351171 0.250788597142317
3.47826086956522 0.255739820080388
3.51170568561873 0.26075477226853
3.54515050167224 0.265832940360751
3.57859531772575 0.270973754121991
3.61204013377926 0.276176585703284
3.64548494983278 0.28144074900527
3.67892976588629 0.286765499134791
3.7123745819398 0.292150031959197
3.74581939799331 0.297593483762764
3.77926421404682 0.30309493100947
3.81270903010033 0.308653390216088
3.84615384615385 0.31426781793933
3.87959866220736 0.319937110880477
3.91304347826087 0.325660106110593
3.94648829431438 0.331435581419102
3.97993311036789 0.337262255788118
4.0133779264214 0.343138789994529
4.04682274247492 0.349063787341424
4.08026755852843 0.355035794519988
4.11371237458194 0.361053302602575
4.14715719063545 0.367114748167138
4.18060200668896 0.373218514552748
4.21404682274247 0.379362933245401
4.24749163879599 0.385546285392823
4.2809364548495 0.391766803446425
4.31438127090301 0.398022672928078
4.34782608695652 0.404312034318813
4.38127090301003 0.410632985066058
4.41471571906354 0.41698358170548
4.44816053511706 0.423361842093006
4.48160535117057 0.429765747742098
4.51505016722408 0.436193246260872
4.54849498327759 0.442642253883184
4.5819397993311 0.449110658087374
4.61538461538461 0.455596320295948
4.64882943143813 0.462097078649068
4.68227424749164 0.468610750844392
4.71571906354515 0.475135137035469
4.74916387959866 0.481668022780597
4.78260869565217 0.488207182033839
4.81605351170569 0.494750380169639
4.8494983277592 0.501295377032347
4.88294314381271 0.507839930001821
4.91638795986622 0.514381797066209
4.94983277591973 0.520918739892946
4.98327759197324 0.527448526889061
5.01672240802676 0.533968936241893
5.05016722408027 0.540477758931433
5.08361204013378 0.54697280170567
5.11705685618729 0.553451890010451
5.1505016722408 0.559912870865654
5.18394648829431 0.566353615679677
5.21739130434783 0.572772022994589
5.25083612040134 0.579166021154603
5.28428093645485 0.585533570890904
5.31772575250836 0.591872667816272
5.35117056856187 0.598181344823361
5.38461538461538 0.604457674380923
5.4180602006689 0.610699770722788
5.45150501672241 0.616905791924837
5.48494983277592 0.623073941865766
5.51839464882943 0.629202472067895
5.55183946488294 0.635289683414859
5.58528428093645 0.641333927743479
5.61872909698997 0.647333609307697
5.65217391304348 0.653287186112941
5.68561872909699 0.659193171119818
5.7190635451505 0.665050133316563
5.75250836120401 0.670856698660126
5.78595317725753 0.676611550886326
5.81939799331104 0.682313432189914
5.85284280936455 0.687961143775881
5.88628762541806 0.69355354628374
5.91973244147157 0.699089560086976
5.95317725752508 0.704568165470174
5.9866220735786 0.709988402686752
6.02006688963211 0.715349371900538
6.05351170568562 0.720650233014735
6.08695652173913 0.725890205392107
6.12040133779264 0.731068567470462
6.15384615384615 0.736184656277741
6.18729096989967 0.741237866851213
6.22073578595318 0.746227651565435
6.25418060200669 0.751153519373792
6.2876254180602 0.756015034968531
6.32107023411371 0.760811817864288
6.35451505016722 0.76554354141018
6.38795986622074 0.770209931735558
6.42140468227425 0.77481076663452
6.45484949832776 0.779345874394301
6.48829431438127 0.783815132572588
6.52173913043478 0.788218466728786
6.55518394648829 0.79255584911417
6.58862876254181 0.796827297325783
6.62207357859532 0.801032872928823
6.65551839464883 0.805172680052154
6.68896321070234 0.809246863961447
6.72240802675585 0.813255609614292
6.75585284280936 0.817199140201508
6.78929765886288 0.821077715678671
6.82274247491639 0.824891631291749
6.8561872909699 0.828641216100536
6.88963210702341 0.832326831503406
6.92307692307692 0.835948869766716
6.95652173913043 0.83950775256202
6.98996655518395 0.843003929514041
7.02341137123746 0.84643787676218
7.05685618729097 0.849810095538151
7.09030100334448 0.85312111076214
7.12374581939799 0.856371469659699
7.1571906354515 0.859561740401417
7.19063545150502 0.86269251076722
7.22408026755853 0.865764386836984
7.25752508361204 0.868777991708978
7.29096989966555 0.871733964247486
7.32441471571906 0.874632957860796
7.35785953177257 0.877475639310605
7.39130434782609 0.880262687553721
7.4247491638796 0.882994792616828
7.45819397993311 0.885672654504918
7.49163879598662 0.888296982143891
7.52508361204013 0.890868492357691
7.55852842809364 0.893387908880235
7.59197324414716 0.895855961402277
7.62541806020067 0.89827338465327
7.65886287625418 0.900640917518163
7.69230769230769 0.902959302189015
7.7257525083612 0.905229283351195
7.75919732441471 0.907451607403893
7.79264214046823 0.909627021714572
7.82608695652174 0.911756273906947
7.85953177257525 0.913840111181996
7.89297658862876 0.915879279671498
7.92642140468227 0.917874523823482
7.95986622073579 0.919826585819004
7.9933110367893 0.921736205019563
8.02675585284281 0.923604117444491
8.06020066889632 0.925431055277579
8.09364548494983 0.927217746402209
8.12709030100334 0.928964913964227
8.16053511705686 0.930673275961781
8.19397993311037 0.932343544861321
8.22742474916388 0.933976427238986
8.26086956521739 0.935572623446537
8.2943143812709 0.937132827301058
8.32775919732441 0.938657725797585
8.36120401337793 0.940147998843874
8.39464882943144 0.941604319016484
8.42809364548495 0.943027351337377
8.46153846153846 0.94441775307025
8.49498327759197 0.945776173535794
8.52842809364548 0.947103253945121
8.561872909699 0.948399627250582
8.59531772575251 0.949665918013231
8.62876254180602 0.950902742286197
8.66220735785953 0.952110707513242
8.69565217391304 0.953290412441789
8.72909698996656 0.954442447049747
8.76254180602007 0.955567392485436
8.79598662207358 0.956665821019982
8.82943143812709 0.957738296011522
8.8628762541806 0.95878537188061
8.89632107023411 0.959807594096215
8.92976588628762 0.960805499171742
8.96321070234114 0.961779614670493
8.99665551839465 0.962730459220032
9.03010033444816 0.963658542534929
9.06354515050167 0.964564365447367
9.09698996655518 0.965448419945128
9.1304347826087 0.966311189216481
9.16387959866221 0.967153147701518
9.19732441471572 0.967974761149508
9.23076923076923 0.968776486681839
9.26421404682274 0.969558772860158
9.29765886287625 0.970322059759314
9.33110367892977 0.971066779044736
9.36454849498328 0.971793354053908
9.39799331103679 0.972502199881579
9.4314381270903 0.973193723468408
9.46488294314381 0.973868323692726
9.49832775919732 0.97452639146513
9.53177257525084 0.97516830982562
9.56521739130435 0.975794454043026
9.59866220735786 0.976405191716469
9.63210702341137 0.977000882878612
9.66555183946488 0.977581880100488
9.69899665551839 0.978148528597671
9.73244147157191 0.978701166337613
9.76588628762542 0.979240124147927
9.79933110367893 0.979765725825463
9.83277591973244 0.980278288245977
9.86622073578595 0.980778121474263
9.89966555183946 0.981265528874567
9.93311036789298 0.981740807221171
9.96655518394649 0.98220424680898
10 0.98265613156402
