0 0.0210773421397263
0.0334448160535117 0.0216281787362423
0.0668896321070234 0.0221930845697432
0.100334448160535 0.0227724017348194
0.133779264214047 0.0233664797323702
0.167224080267559 0.0239756755810947
0.20066889632107 0.0246003539278617
0.234113712374582 0.0252408871567497
0.267558528428094 0.0258976554965358
0.301003344481605 0.0265710471264035
0.334448160535117 0.0272614582796209
0.367892976588629 0.0279692933449318
0.40133779264214 0.0286949649653875
0.434782608695652 0.0294388941343305
0.468227424749164 0.0302015102882301
0.501672240802676 0.0309832513960527
0.535117056856187 0.0317845640448335
0.568561872909699 0.0326059035211024
0.602006688963211 0.0334477338877979
0.635451505016722 0.0343105280562888
0.668896321070234 0.0351947678531032
0.702341137123746 0.036100944080949
0.735785953177257 0.0370295565735908
0.769230769230769 0.0379811142441306
0.802675585284281 0.0389561351262203
0.836120401337793 0.0399551464077155
0.869565217391304 0.040978684456261
0.903010033444816 0.0420272948362786
0.936454849498328 0.0431015323168086
0.969899665551839 0.0442019608696369
1.00334448160535 0.0453291536571199
1.03678929765886 0.046483693009098
1.07023411371237 0.0476661703882733
1.10367892976589 0.0488771863434014
1.1371237458194 0.0501173504496341
1.17056856187291 0.051387281235326
1.20401337792642 0.0526876060946028
1.23745819397993 0.0540189611849691
1.27090301003344 0.055381991309217
1.30434782608696 0.0567773497808794
1.33779264214047 0.0582056982724574
1.37123745819398 0.0596677066456338
1.40468227424749 0.061164052762674
1.438127090301 0.0626954222782001
1.47157190635451 0.0642625084105154
1.50501672240803 0.0658660116916454
1.53846153846154 0.0675066396952529
1.57190635451505 0.0691851067415829
1.60535117056856 0.0709021335785825
1.63879598662207 0.072658447038347
1.67224080267559 0.0744547796680387
1.7056856187291 0.0762918693344316
1.73913043478261 0.0781704588012418
1.77257525083612 0.0800912952784121
1.80602006688963 0.0820551299425337
1.83946488294314 0.0840627174276043
1.87290969899666 0.0861148152853444
1.90635451505017 0.0882121834143155
1.93979933110368 0.0903555834571162
1.97324414715719 0.0925457781649656
2.0066889632107 0.0947835307290204
2.04013377926421 0.0970696040778201
2.07357859531773 0.0994047601402988
2.10702341137124 0.101789759073862
2.14046822742475 0.104225358457087
2.17391304347826 0.106712312446664
2.20735785953177 0.109251370898287
2.24080267558528 0.11184327845126
2.2742474916388 0.114488773576687
2.30769230769231 0.117188587589201
2.34113712374582 0.119943443622292
2.37458193979933 0.122754055567382
2.40802675585284 0.125621126976944
2.44147157190635 0.128545349932049
2.47491638795987 0.131527403874868
2.50836120401338 0.134567954406791
2.54180602006689 0.137667652052972
2.5752508361204 0.140827130994239
2.60869565217391 0.144047007767487
2.64214046822742 0.14732787993582
2.67558528428094 0.150670324729875
2.70903010033445 0.15407489766195
2.74247491638796 0.157542131114712
2.77591973244147 0.161072532906469
2.80936454849498 0.164666584835171
2.84280936454849 0.168324741203484
2.87625418060201 0.172047427327493
2.90969899665552 0.175835038031782
2.94314381270903 0.179687936133831
2.97658862876254 0.183606450920875
3.01003344481605 0.187590876622567
3.04347826086956 0.191641470882978
3.07692307692308 0.195758453235669
3.11036789297659 0.199942003585754
3.1438127090301 0.204192260703055
3.17725752508361 0.208509320730629
3.21070234113712 0.212893235713122
3.24414715719064 0.217344012149544
3.27759197324415 0.221861609575247
3.31103678929766 0.226445939177963
3.34448160535117 0.231096862452953
3.37792642140468 0.235814189902356
3.41137123745819 0.240597679783961
3.44481605351171 0.24544703691468
3.47826086956522 0.250361911534043
3.51170568561873 0.25534189823307
3.54515050167224 0.260386534953892
3.57859531772575 0.265495302065444
3.61204013377926 0.27066762152054
3.64548494983278 0.27590285609955
3.67892976588629 0.281200308745799
3.7123745819398 0.286559221997695
3.74581939799331 0.291978777522414
3.77926421404682 0.297458095755803
3.81270903010033 0.302996235652941
3.84615384615385 0.308592194553536
3.87959866220736 0.31424490816608
3.91304347826087 0.31995325067437
3.94648829431438 0.325716034969648
3.97993311036789 0.331532013011297
4.0133779264214 0.337399876318568
4.04682274247492 0.343318256595476
4.08026755852843 0.349285726490479
4.11371237458194 0.355300800492164
4.14715719063545 0.361361935961617
4.18060200668896 0.367467534301693
4.21404682274247 0.373615942262857
4.24749163879599 0.37980545338474
4.2809364548495 0.38603430957202
4.31438127090301 0.392300702802664
4.34782608695652 0.398602776966045
4.38127090301003 0.404938629827848
4.41471571906354 0.411306315118179
4.44816053511706 0.417703844738685
4.48160535117057 0.424129191084014
4.51505016722408 0.430580289472367
4.54849498327759 0.437055040679439
4.5819397993311 0.443551313569501
4.61538461538461 0.450066947816975
4.64882943143813 0.456599756711369
4.68227424749164 0.463147530038059
4.71571906354515 0.469708037027035
4.74916387959866 0.476279029361371
4.78260869565217 0.482858244236918
4.81605351170569 0.489443407464419
4.8494983277592 0.496032236605081
4.88294314381271 0.502622444130429
4.91638795986622 0.509211740597167
4.94983277591973 0.515797837827686
4.98327759197324 0.522378452086846
5.01672240802676 0.528951307245646
5.05016722408027 0.535514137922503
5.08361204013378 0.542064692592932
5.11705685618729 0.548600736658623
5.1505016722408 0.555120055467064
5.18394648829431 0.561620457273166
5.21739130434783 0.568099776134562
5.25083612040134 0.574555874732656
5.28428093645485 0.580986647111805
5.31772575250836 0.587390021329431
5.35117056856187 0.593763962010314
5.38461538461538 0.600106472798734
5.4180602006689 0.606415598702637
5.45150501672241 0.612689428324502
5.48494983277592 0.618926095974099
5.51839464882943 0.625123783658858
5.55183946488294 0.631280722948132
5.58528428093645 0.637395196708183
5.61872909698997 0.643465540705251
5.65217391304348 0.64949014507467
5.68561872909699 0.655467455654497
5.7190635451505 0.661395975182707
5.75250836120401 0.667274264357515
5.78595317725753 0.673100942760915
5.81939799331104 0.678874689646055
5.85284280936455 0.684594244589517
5.88628762541806 0.690258408010085
5.91973244147157 0.695866041555986
5.95317725752508 0.701416068363064
5.9866220735786 0.706907473186684
6.02006688963211 0.712339302410582
6.05351170568562 0.717710663936207
6.08695652173913 0.723020726956385
6.12040133779264 0.728268721617461
6.15384615384615 0.733453938574302
6.18729096989967 0.738575728442762
6.22073578595318 0.743633501154432
6.25418060200669 0.748626725218628
6.2876254180602 0.75355492689672
6.32107023411371 0.758417689294017
6.35451505016722 0.763214651374477
6.38795986622074 0.767945506903596
6.42140468227425 0.772610003324806
6.45484949832776 0.777207940574772
6.48829431438127 0.781739169842896
6.52173913043478 0.786203592280335
6.55518394648829 0.79060115766375
6.58862876254181 0.794931863018919
6.62207357859532 0.799195751209268
6.65551839464883 0.803392909494211
6.68896321070234 0.80752346806212
6.72240802675585 0.811587598542522
6.75585284280936 0.815585512502047
6.78929765886288 0.819517459928411
6.82274247491639 0.823383727706592
6.8561872909699 0.827184638091151
6.88963210702341 0.830920547178461
6.92307692307692 0.834591843382435
6.95652173913043 0.838198945917123
6.98996655518395 0.841742303289361
7.02341137123746 0.845222391804467
7.05685618729097 0.84863971408776
7.09030100334448 0.851994797624497
7.12374581939799 0.855288193320622
7.1571906354515 0.858520474086523
7.19063545150502 0.861692233445821
7.22408026755853 0.864804084171002
7.25752508361204 0.867856656947557
7.29096989966555 0.870850599068088
7.32441471571906 0.873786573157692
7.35785953177257 0.876665255931758
7.39130434782609 0.879487336987163
7.4247491638796 0.8822535176277
7.45819397993311 0.884964509724422
7.49163879598662 0.887621034611456
7.52508361204013 0.890223822017724
7.55852842809364 0.892773609034844
7.59197324414716 0.895271139121423
7.62541806020067 0.897717161143802
7.65886287625418 0.900112428453243
7.69230769230769 0.902457697999418
7.7257525083612 0.904753729480021
7.75919732441471 0.907001284526191
7.79264214046823 0.909201125923405
7.82608695652174 0.911354016867395
7.85953177257525 0.913460720254607
7.89297658862876 0.915521998006653
7.92642140468227 0.917538610428151
7.95986622073579 0.919511315597324
7.9933110367893 0.921440868788655
8.02675585284281 0.923328021926897
8.06020066889632 0.925173523071676
8.09364548494983 0.926978115931925
8.12709030100334 0.928742539409343
8.16053511705686 0.930467527170062
8.19397993311037 0.932153807243709
8.22742474916388 0.933802101649007
8.26086956521739 0.935413126045077
8.2943143812709 0.936987589407598
8.32775919732441 0.938526193728945
8.36120401337793 0.940029633741496
8.39464882943144 0.941498596663218
8.42809364548495 0.942933761964714
8.46153846153846 0.944335801156894
8.49498327759197 0.945705377598431
8.52842809364548 0.947043146322203
8.561872909699 0.948349753879907
8.59531772575251 0.949625838204055
8.62876254180602 0.950872028486591
8.66220735785953 0.952088945073349
8.69565217391304 0.953277199373631
8.72909698996656 0.954437393784162
8.76254180602007 0.955570121626727
8.79598662207358 0.956675967098791
8.82943143812709 0.957755505236448
8.8628762541806 0.958809301889027
8.89632107023411 0.95983791370474
8.92976588628762 0.960841888126755
8.96321070234114 0.961821763399101
8.99665551839465 0.962778068581834
9.03010033444816 0.963711323574911
9.06354515050167 0.964622039150237
9.09698996655518 0.965510716991379
9.1304347826087 0.966377849740438
9.16387959866221 0.967223921051619
9.19732441471572 0.968049405651033
9.23076923076923 0.968854769402296
9.26421404682274 0.969640469377502
9.29765886287625 0.97040695393317
9.33110367892977 0.971154662790778
9.36454849498328 0.971884027121521
9.39799331103679 0.972595469634926
9.4314381270903 0.973289404671016
9.46488294314381 0.973966238295667
9.49832775919732 0.974626368398889
9.53177257525084 0.975270184795714
9.56521739130435 0.975898069329427
9.59866220735786 0.976510395976885
9.63210702341137 0.977107530955657
9.66555183946488 0.977689832832766
9.69899665551839 0.978257652634811
9.73244147157191 0.978811333959234
9.76588628762542 0.979351213086574
9.79933110367893 0.979877619093478
9.83277591973244 0.980390873966325
9.86622073578595 0.980891292715274
9.89966555183946 0.981379183488589
9.93311036789298 0.9818548476871
9.96655518394649 0.982318580078646
10 0.982770668912388
