0 0.0231052975282941
0.204081632653061 0.0269393418550308
0.408163265306122 0.0313891568812166
0.612244897959184 0.0365463822793058
0.816326530612245 0.0425137471089095
1.02040816326531 0.0494055100084533
1.22448979591837 0.0573475603040654
1.42857142857143 0.0664770311295951
1.63265306122449 0.0769412451062052
1.83673469387755 0.0888957863724285
2.04081632653061 0.10250147630226
2.24489795918367 0.117920033264286
2.44897959183673 0.135308230923172
2.6530612244898 0.154810447993378
2.85714285714286 0.176549637226684
3.06122448979592 0.200616939948798
3.26530612244898 0.227060431169787
3.46938775510204 0.255873778663143
3.6734693877551 0.286985895013538
3.87755102040816 0.320252889975834
4.08163265306122 0.355453713080069
4.28571428571429 0.392290739048649
4.48979591836735 0.430396147733291
4.69387755102041 0.469344300016118
4.89795918367347 0.508669498556666
5.10204081632653 0.547887699716675
5.30612244897959 0.586520092767142
5.51020408163265 0.624116142866145
5.71428571428571 0.66027378685328
5.91836734693878 0.694654951783551
6.12244897959184 0.726995314535684
6.3265306122449 0.757108060780975
6.53061224489796 0.78488215808882
6.73469387755102 0.810276204628114
6.93877551020408 0.833309197487963
7.14285714285714 0.854049597267893
7.3469387755102 0.872603908851776
7.55102040816327 0.889105731157977
7.75510204081633 0.903705925114807
7.95918367346939 0.916564264354424
8.16326530612245 0.927842699539279
8.36734693877551 0.937700197094331
8.57142857142857 0.94628900441777
8.77551020408163 0.953752136364384
8.97959183673469 0.960221858930708
9.18367346938776 0.965818952933122
9.38775510204082 0.9706525624316
9.59183673469388 0.974820461732943
9.79591836734694 0.978409605570338
10 0.981496856164916
