0 0.0423101227594251
0.204081632653061 0.0484724834487638
0.408163265306122 0.0554803807951413
0.612244897959184 0.0634339001872235
0.816326530612245 0.072440167338472
1.02040816326531 0.0826123421505761
1.22448979591837 0.094068051542097
1.42857142857143 0.106927149730529
1.63265306122449 0.121308702941869
1.83673469387755 0.137327119448682
2.04081632653061 0.155087390085928
2.24489795918367 0.174679473060141
2.44897959183673 0.196171951828467
2.6530612244898 0.219605213894407
2.85714285714286 0.244984533357413
3.06122448979592 0.272273575312432
3.26530612244898 0.301388952484707
3.46938775510204 0.332196525098431
3.6734693877551 0.364510114703121
3.87755102040816 0.398093179373149
4.08163265306122 0.432663764972048
4.28571428571429 0.467902721503924
4.48979591836735 0.503464796466026
4.69387755102041 0.538991849919346
4.89795918367347 0.574127147192758
5.10204081632653 0.608529533130957
5.30612244897959 0.641886308673051
5.51020408163265 0.673923812702415
5.71428571428571 0.704415021311695
5.91836734693878 0.733183851125734
6.12244897959184 0.760106224748303
6.3265306122449 0.785108266473474
6.53061224489796 0.808162208339186
6.73469387755102 0.829280688745176
6.93877551020408 0.84851012831162
7.14285714285714 0.865923794617762
7.3469387755102 0.881615048569568
7.55102040816327 0.89569112834081
7.75510204081633 0.90826769395899
7.95918367346939 0.919464240800644
8.16326530612245 0.929400400400619
8.36734693877551 0.938193083306148
8.57142857142857 0.945954378776009
8.77551020408163 0.952790105590925
8.97959183673469 0.958798902196399
9.18367346938776 0.964071748235424
9.38775510204082 0.968691819386495
9.59183673469388 0.972734590339006
9.79591836734694 0.97626811461249
10 0.979353423388289
