0 0.035857670701404
0.204081632653061 0.0410761062362469
0.408163265306122 0.0470169557311067
0.612244897959184 0.05376885342779
0.816326530612245 0.0614278617539903
1.02040816326531 0.0700970242552943
1.22448979591837 0.0798855110531574
1.42857142857143 0.0909072550102826
1.63265306122449 0.103278972832876
1.83673469387755 0.117117470383057
2.04081632653061 0.132536149742237
2.24489795918367 0.149640671596185
2.44897959183673 0.168523784398069
2.6530612244898 0.189259413965048
2.85714285714286 0.211896212907183
3.06122448979592 0.236450892791259
3.26530612244898 0.262901790881746
3.46938775510204 0.291183238242303
3.6734693877551 0.321181371600842
3.87755102040816 0.352732040148244
4.08163265306122 0.385621376834556
4.28571428571429 0.419589420048606
4.48979591836735 0.454336893228418
4.69387755102041 0.489534907332688
4.89795918367347 0.524836995357251
5.10204081632653 0.559892581850067
5.30612244897959 0.594360793134222
5.51020408163265 0.627923466191365
5.71428571428571 0.66029632592486
5.91836734693878 0.691237548460588
6.12244897959184 0.720553262273771
6.3265306122449 0.748099896525846
6.53061224489796 0.773783607557529
6.73469387755102 0.797557256599145
6.93877551020408 0.819415553527606
7.14285714285714 0.839389024023873
7.3469387755102 0.857537418249803
7.55102040816327 0.873943084211608
7.75510204081633 0.888704705555662
7.95918367346939 0.901931674869765
8.16326530612245 0.913739256204426
8.36734693877551 0.92424459400301
8.57142857142857 0.933563553465146
8.77551020408163 0.941808328807425
8.97959183673469 0.949085727633128
9.18367346938776 0.955496027285309
9.38775510204082 0.961132298154787
9.59183673469388 0.966080095473666
9.79591836734694 0.970417431949718
10 0.974214956314286
