0 0.0327654878380285
0.204081632653061 0.0375991957551836
0.408163265306122 0.0431142076083718
0.612244897959184 0.049396635953296
0.816326530612245 0.0565404223314107
1.02040816326531 0.064647089420498
1.22448979591837 0.0738251254900897
1.42857142857143 0.0841888983490892
1.63265306122449 0.0958569876734805
1.83673469387755 0.108949823612531
2.04081632653061 0.123586530088864
2.24489795918367 0.139880898072742
2.44897959183673 0.157936462225208
2.6530612244898 0.177840727592426
2.85714285714286 0.199658692911547
3.06122448979592 0.223425940555089
3.26530612244898 0.249141700830158
3.46938775510204 0.276762433194917
3.6734693877551 0.306196574353441
3.87755102040816 0.337301153571356
4.08163265306122 0.369880939876842
4.28571428571429 0.403690643566991
4.48979591836735 0.438440442443393
4.69387755102041 0.473804762221656
4.89795918367347 0.509433856463425
5.10204081632653 0.544967368554117
5.30612244897959 0.580048785657221
5.51020408163265 0.614339568003517
5.71428571428571 0.647531783214119
5.91836734693878 0.679358284695485
6.12244897959184 0.709599801700977
6.3265306122449 0.738088691430972
6.53061224489796 0.764709471912978
6.73469387755102 0.789396552464482
6.93877551020408 0.812129773410807
7.14285714285714 0.832928450880903
7.3469387755102 0.851844609330822
7.55102040816327 0.868956000073388
7.75510204081633 0.884359378706185
7.95918367346939 0.898164375365198
8.16326530612245 0.910488159951107
8.36734693877551 0.921450992772479
8.57142857142857 0.931172665199047
8.77551020408163 0.939769775330461
8.97959183673469 0.947353747398562
9.18367346938776 0.954029486033702
9.38775510204082 0.959894552669557
9.59183673469388 0.965038756688102
9.79591836734694 0.969544064676111
10 0.973484744550668
