0 0.0177996523389807
0.204081632653061 0.0209444951440517
0.408163265306122 0.0246310350367285
0.612244897959184 0.0289472750052847
0.816326530612245 0.0339935142639628
1.02040816326531 0.0398833094485884
1.22448979591837 0.0467442041084146
1.42857142857143 0.0547180755920773
1.63265306122449 0.0639609044588342
1.83673469387755 0.0746417249987519
2.04081632653061 0.0869404720383946
2.24489795918367 0.101044408429913
2.44897959183673 0.117142813496665
2.6530612244898 0.135419653839422
2.85714285714286 0.156044066002379
3.06122448979592 0.179158676456263
3.26530612244898 0.204866081133238
3.46938775510204 0.233214199063979
3.6734693877551 0.264181667328303
3.87755102040816 0.297664883669955
4.08163265306122 0.333468617019385
4.28571428571429 0.371302162627343
4.48979591836735 0.410782701862996
4.69387755102041 0.451446788131448
4.89795918367347 0.492769783403404
5.10204081632653 0.534191806037857
5.30612244897959 0.575147604921265
5.51020408163265 0.615097042738735
5.71428571428571 0.653552755018946
5.91836734693878 0.690102084459551
6.12244897959184 0.724421422461075
6.3265306122449 0.756282347430546
6.53061224489796 0.78555013234483
6.73469387755102 0.812176071474994
6.93877551020408 0.836185539358794
7.14285714285714 0.857663757901513
7.3469387755102 0.876741008221553
7.55102040816327 0.893578614094827
7.75510204081633 0.90835656543162
7.95918367346939 0.921263231015642
8.16326530612245 0.932487277761385
8.36734693877551 0.94221168341854
8.57142857142857 0.950609593073937
8.77551020408163 0.95784170785776
8.97959183673469 0.964054884928055
9.18367346938776 0.969381651129128
9.38775510204082 0.97394037302061
9.59183673469388 0.977835872248065
9.79591836734694 0.981160320547644
10 0.983994289247936
