0 0.0182182418205275
0.0334448160535117 0.0187110303891113
0.0668896321070234 0.0192168875808959
0.100334448160535 0.019736145685564
0.133779264214047 0.0202691446599987
0.167224080267559 0.0208162322619212
0.20066889632107 0.0213777641833307
0.234113712374582 0.0219541041835592
0.267558528428094 0.0225456242217429
0.301003344481605 0.0231527045885007
0.334448160535117 0.0237757340365928
0.367892976588629 0.024415109910322
0.40133779264214 0.0250712382734243
0.434782608695652 0.02574453403518
0.468227424749164 0.0264354210744605
0.501672240802676 0.0271443323614115
0.535117056856187 0.0278717100764534
0.568561872909699 0.0286180057262652
0.602006688963211 0.0293836802563972
0.635451505016722 0.0301692041601415
0.668896321070234 0.0309750575832689
0.702341137123746 0.0318017304242199
0.735785953177257 0.032649722429319
0.769230769230769 0.033519543282559
0.802675585284281 0.0344117126894808
0.836120401337793 0.0353267604546527
0.869565217391304 0.0362652265522285
0.903010033444816 0.0372276611890438
0.936454849498328 0.0382146248596836
0.969899665551839 0.039226688392931
1.00334448160535 0.0402644329889838
1.03678929765886 0.0413284502467997
1.07023411371237 0.0424193421809059
1.10367892976589 0.0435377212269849
1.1371237458194 0.0446842102355232
1.17056856187291 0.0458594424527815
1.20401337792642 0.0470640614883243
1.23745819397993 0.0482987212683183
1.27090301003344 0.0495640859737852
1.30434782608696 0.0508608299629699
1.33779264214047 0.0521896376769623
1.37123745819398 0.0535512035276852
1.40468227424749 0.054946231767339
1.438127090301 0.0563754363383745
1.47157190635451 0.0578395407030387
1.50501672240803 0.0593392776515265
1.53846153846154 0.0608753890877447
1.57190635451505 0.0624486257916863
1.60535117056856 0.0640597471573914
1.63879598662207 0.0657095209054634
1.67224080267559 0.067398722769096
1.7056856187291 0.069128136152559
1.73913043478261 0.0708985517610863
1.77257525083612 0.0727107672011075
1.80602006688963 0.0745655865497651
1.83946488294314 0.0764638198926629
1.87290969899666 0.0784062828288039
1.90635451505017 0.0803937959416837
1.93979933110368 0.0824271842355265
1.97324414715719 0.0845072765356717
2.0066889632107 0.0866349048521465
2.04013377926421 0.0888109037054936
2.07357859531773 0.0910361094139597
2.10702341137124 0.0933113593411998
2.14046822742475 0.0956374911036984
2.17391304347826 0.0980153417371716
2.20735785953177 0.100445746821277
2.24080267558528 0.102929539562031
2.2742474916388 0.10546754983142
2.30769230769231 0.10806060316377
2.34113712374582 0.110709519708544
2.37458193979933 0.113415113139345
2.40802675585284 0.11617818951901
2.44147157190635 0.118999546120807
2.47491638795987 0.121879970205881
2.50836120401338 0.124820237757242
2.54180602006689 0.127821112170721
2.5752508361204 0.130883342903513
2.60869565217391 0.134007664081065
2.64214046822742 0.13719479306326
2.67558528428094 0.14044542897104
2.70903010033445 0.143760251174813
2.74247491638796 0.147139917746166
2.77591973244147 0.150585063874662
2.80936454849498 0.154096300251689
2.84280936454849 0.157674211423573
2.87625418060201 0.1613193541164
2.90969899665552 0.165032255535229
2.94314381270903 0.168813411640626
2.97658862876254 0.172663285405705
3.01003344481605 0.176582305057105
3.04347826086956 0.18057086230359
3.07692307692308 0.184629310556219
3.11036789297659 0.188757963144272
3.1438127090301 0.192957091531388
3.17725752508361 0.197226923536602
3.21070234113712 0.201567641565212
3.24414715719064 0.205979380854651
3.27759197324415 0.210462227740746
3.31103678929766 0.21501621794997
3.34448160535117 0.219641334923487
3.37792642140468 0.224337508178976
3.41137123745819 0.229104611716382
3.44481605351171 0.233942462473895
3.47826086956522 0.238850818840573
3.51170568561873 0.243829379232135
3.54515050167224 0.248877780736514
3.57859531772575 0.253995597835827
3.61204013377926 0.25918234121141
3.64548494983278 0.264437456638568
3.67892976588629 0.26976032397764
3.7123745819398 0.275150256267905
3.74581939799331 0.280606498930703
3.77926421404682 0.286128229088035
3.81270903010033 0.291714555002682
3.84615384615385 0.297364515645646
3.87959866220736 0.303077080396471
3.91304347826087 0.308851148881648
3.94648829431438 0.314685550955997
3.97993311036789 0.320579046831496
4.0133779264214 0.326530327357603
4.04682274247492 0.332538014456665
4.08026755852843 0.338600661717477
4.11371237458194 0.344716755149536
4.14715719063545 0.350884714099956
4.18060200668896 0.357102892334401
4.21404682274247 0.363369579282793
4.24749163879599 0.369683001449852
4.2809364548495 0.376041323989922
4.31438127090301 0.382442652444765
4.34782608695652 0.38888503464239
4.38127090301003 0.39536646275421
4.41471571906354 0.401884875507135
4.44816053511706 0.408438160546505
4.48160535117057 0.415024156945033
4.51505016722408 0.421640657852271
4.54849498327759 0.428285413278389
4.5819397993311 0.434956133005429
4.61538461538461 0.441650489618556
4.64882943143813 0.4483661216492
4.68227424749164 0.455100636821453
4.71571906354515 0.461851615392511
4.74916387959866 0.468616613577494
4.78260869565217 0.475393167048514
4.81605351170569 0.482178794497492
4.8494983277592 0.488971001251852
4.88294314381271 0.49576728293198
4.91638795986622 0.502565129139087
4.94983277591973 0.509362027161935
4.98327759197324 0.516155465690845
5.01672240802676 0.522942938527289
5.05016722408027 0.529721948277451
5.08361204013378 0.536490010018201
5.11705685618729 0.543244654924077
5.1505016722408 0.549983433844089
5.18394648829431 0.556703920817413
5.21739130434783 0.563403716517381
5.25083612040134 0.57008045161353
5.28428093645485 0.576731790041947
5.31772575250836 0.583355432174559
5.35117056856187 0.589949117878606
5.38461538461538 0.59651062945805
5.4180602006689 0.603037794469285
5.45150501672241 0.609528488404148
5.48494983277592 0.615980637233873
5.51839464882943 0.622392219808316
5.55183946488294 0.628761270105459
5.58528428093645 0.635085879326918
5.61872909698997 0.641364197835885
5.65217391304348 0.647594436934642
5.68561872909699 0.653774870479505
5.7190635451505 0.659903836331752
5.75250836120401 0.665979737643781
5.78595317725753 0.672001043980424
5.81939799331104 0.677966292275993
5.85284280936455 0.683874087628283
5.88628762541806 0.689723103931334
5.91973244147157 0.695512084349375
5.95317725752508 0.701239841634879
5.9866220735786 0.706905258294199
6.02006688963211 0.71250728660472
6.05351170568562 0.718044948487906
6.08695652173913 0.72351733524302
6.12040133779264 0.728923607146667
6.15384615384615 0.734262992923615
6.18729096989967 0.739534789094656
6.22073578595318 0.744738359207484
6.25418060200669 0.749873132956811
6.2876254180602 0.754938605200053
6.32107023411371 0.759934334875107
6.35451505016722 0.76485994382678
6.38795986622074 0.769715115548517
6.42140468227425 0.774499593846084
6.45484949832776 0.779213181429863
6.48829431438127 0.783855738442367
6.52173913043478 0.788427180927513
6.55518394648829 0.792927479248106
6.58862876254181 0.797356656457865
6.62207357859532 0.801714786634178
6.65551839464883 0.806001993177605
6.68896321070234 0.810218447083989
6.72240802675585 0.814364365194822
6.75585284280936 0.818440008431306
6.78929765886288 0.822445680017333
6.82274247491639 0.826381723696386
6.8561872909699 0.830248521947093
6.88963210702341 0.834046494201957
6.92307692307692 0.837776095073515
6.95652173913043 0.841437812591928
6.98996655518395 0.845032166457751
7.02341137123746 0.848559706313383
7.05685618729097 0.852021010036436
7.09030100334448 0.855416682058016
7.12374581939799 0.85874735170866
7.1571906354515 0.862013671594432
7.19063545150502 0.865216316005441
7.22408026755853 0.868355979358828
7.25752508361204 0.871433374678012
7.29096989966555 0.874449232109804
7.32441471571906 0.877404297480781
7.35785953177257 0.88029933089409
7.39130434782609 0.883135105367692
7.4247491638796 0.885912405514855
7.45819397993311 0.888632026267534
7.49163879598662 0.89129477164313
7.52508361204013 0.893901453554929
7.55852842809364 0.896452890666427
7.59197324414716 0.898949907289562
7.62541806020067 0.901393332326785
7.65886287625418 0.903783998256773
7.69230769230769 0.906122740163461
7.7257525083612 0.908410394808008
7.75919732441471 0.910647799743181
7.79264214046823 0.912835792469591
7.82608695652174 0.914975209633116
7.85953177257525 0.917066886262797
7.89297658862876 0.919111655048412
7.92642140468227 0.921110345656912
7.95986622073579 0.923063784086815
7.9933110367893 0.92497279205965
8.02675585284281 0.926838186447489
8.06020066889632 0.928660778735585
8.09364548494983 0.930441374519099
8.12709030100334 0.932180773032898
8.16053511705686 0.933879766713373
8.19397993311037 0.935539140791237
8.22742474916388 0.937159672914233
8.26086956521739 0.938742132798706
8.2943143812709 0.940287281908965
8.32775919732441 0.941795873163405
8.36120401337793 0.943268650666315
8.39464882943144 0.944706349464365
8.42809364548495 0.946109695326721
8.46153846153846 0.947479404547797
8.49498327759197 0.948816183771648
8.52842809364548 0.950120729837014
8.561872909699 0.951393729642078
8.59531772575251 0.952635860027992
8.62876254180602 0.95384778768025
8.66220735785953 0.955030169047036
8.69565217391304 0.956183650273653
8.72909698996656 0.95730886715221
8.76254180602007 0.95840644508573
8.79598662207358 0.959476999065901
8.82943143812709 0.960521133663681
8.8628762541806 0.961539443032021
8.89632107023411 0.962532510919986
8.92976588628762 0.963500910697582
8.96321070234114 0.964445205390605
8.99665551839465 0.965365947724889
9.03010033444816 0.966263680179309
9.06354515050167 0.967138935046966
9.09698996655518 0.967992234503961
9.1304347826087 0.96882409068523
9.16387959866221 0.969635005766896
9.19732441471572 0.970425472054654
9.23076923076923 0.971195972077692
9.26421404682274 0.971946978687705
9.29765886287625 0.972678955162552
9.33110367892977 0.973392355314153
9.36454849498328 0.974087623600219
9.39799331103679 0.974765195239439
9.4314381270903 0.975425496329772
9.46488294314381 0.976068943969509
9.49832775919732 0.976695946380759
9.53177257525084 0.977306903035086
9.56521739130435 0.977902204780989
9.59866220735786 0.978482233972955
9.63210702341137 0.979047364601831
9.66555183946488 0.979597962426275
9.69899665551839 0.980134385105053
9.73244147157191 0.98065698232997
9.76588628762542 0.98116609595923
9.79933110367893 0.981662060151048
9.83277591973244 0.982145201497313
9.86622073578595 0.982615839157171
9.89966555183946 0.983074284990337
9.93311036789298 0.983520843690018
9.96655518394649 0.983955812915307
10 0.984379483422912
