0 0.0372492336491839
0.204081632653061 0.042711203204945
0.408163265306122 0.0489333708192612
0.612244897959184 0.056008949539076
0.816326530612245 0.0640387408249376
1.02040816326531 0.0731305499269638
1.22448979591837 0.0833981402008711
1.42857142857143 0.0949596161678397
1.63265306122449 0.107935123493171
1.83673469387755 0.12244376354272
2.04081632653061 0.138599645550473
2.24489795918367 0.156507045588354
2.44897959183673 0.1762547124847
2.6530612244898 0.197909458244146
2.85714285714286 0.221509291793569
3.06122448979592 0.247056491247502
3.26530612244898 0.274511144999485
3.46938775510204 0.303785801882223
3.6734693877551 0.334741926250847
3.87755102040816 0.36718882598155
4.08163265306122 0.400885588683953
4.28571428571429 0.4355463190834
4.48979591836735 0.470848637134613
4.69387755102041 0.506445015666037
4.89795918367347 0.541976171121465
5.10204081632653 0.577085440037749
5.30612244897959 0.611432934429496
5.51020408163265 0.644708300782059
5.71428571428571 0.676641103141998
5.91836734693878 0.707008169817669
6.12244897959184 0.735637622040991
6.3265306122449 0.762409673039201
6.53061224489796 0.787254590189734
6.73469387755102 0.810148416420293
6.93877551020408 0.831107140177875
7.14285714285714 0.85017999788962
7.3469387755102 0.867442514061775
7.55102040816327 0.882989761944657
7.75510204081633 0.896930189736157
7.95918367346939 0.909380224917393
8.16326530612245 0.920459756027418
8.36734693877551 0.930288503314239
8.57142857142857 0.938983228067526
8.77551020408163 0.946655692336412
8.97959183673469 0.953411261685739
9.18367346938776 0.959348038705205
9.38775510204082 0.964556419578289
9.59183673469388 0.969118976340399
9.79591836734694 0.973110580613804
10 0.976598698563835
