0 0.0169904814888896
0.0334448160535117 0.0174504667947316
0.0668896321070234 0.0179226782838282
0.100334448160535 0.0184074284767967
0.133779264214047 0.0189050372010816
0.167224080267559 0.019415831724057
0.20066889632107 0.0199401468863599
0.234113712374582 0.0204783252353009
0.267558528428094 0.0210307171581832
0.301003344481605 0.0215976810153549
0.334448160535117 0.0221795832728015
0.367892976588629 0.0227767986340782
0.40133779264214 0.0233897101713648
0.434782608695652 0.0240187094554146
0.468227424749164 0.0246641966841531
0.501672240802676 0.0253265808096692
0.535117056856187 0.0260062796633232
0.568561872909699 0.0267037200786842
0.602006688963211 0.0274193380119888
0.635451505016722 0.028153578659799
0.668896321070234 0.0289068965735171
0.702341137123746 0.0296797557703998
0.735785953177257 0.0304726298406914
0.769230769230769 0.0312860020504793
0.802675585284281 0.0321203654398541
0.836120401337793 0.0329762229159352
0.869565217391304 0.0338540873403024
0.903010033444816 0.0347544816103518
0.936454849498328 0.0356779387340731
0.969899665551839 0.0366250018977205
1.00334448160535 0.0375962245258289
1.03678929765886 0.0385921703330006
1.07023411371237 0.0396134133668669
1.10367892976589 0.040660538041601
1.1371237458194 0.0417341391613373
1.17056856187291 0.0428348219328251
1.20401337792642 0.0439632019666207
1.23745819397993 0.0451199052660961
1.27090301003344 0.0463055682035181
1.30434782608696 0.0475208374824261
1.33779264214047 0.048766370085511
1.37123745819398 0.0500428332071757
1.40468227424749 0.0513509041699299
1.438127090301 0.0526912703237508
1.47157190635451 0.0540646289275175
1.50501672240803 0.0554716870116034
1.53846153846154 0.0569131612206915
1.57190635451505 0.0583897776358553
1.60535117056856 0.059902271574931
1.63879598662207 0.0614513873701869
1.67224080267559 0.0630378781222817
1.7056856187291 0.0646625054294895
1.73913043478261 0.0663260390911557
1.77257525083612 0.0680292567843413
1.80602006688963 0.0697729437126027
1.83946488294314 0.0715578922258537
1.87290969899666 0.073384901410252
1.90635451505017 0.0752547766470582
1.93979933110368 0.0771683291394184
1.97324414715719 0.0791263754060341
2.0066889632107 0.0811297367406957
2.04013377926421 0.0831792386366775
2.07357859531773 0.0852757101750116
2.10702341137124 0.0874199833756932
2.14046822742475 0.0896128925109
2.17391304347826 0.0918552733793517
2.20735785953177 0.0941479625409822
2.24080267558528 0.09649179651115
2.2742474916388 0.098887610913676
2.30769230769231 0.10133623959206
2.34113712374582 0.103838513678313
2.37458193979933 0.106395260618909
2.40802675585284 0.109007303157477
2.44147157190635 0.111675458273922
2.47491638795987 0.114400536079806
2.50836120401338 0.11718333866991
2.54180602006689 0.120024658930041
2.5752508361204 0.122925279301277
2.60869565217391 0.125885970500995
2.64214046822742 0.128907490201169
2.67558528428094 0.131990581664602
2.70903010033445 0.135135972339925
2.74247491638796 0.138344372416371
2.77591973244147 0.141616473339537
2.80936454849498 0.144952946289536
2.84280936454849 0.148354440623149
2.87625418060201 0.151821582281816
2.90969899665552 0.155354972167514
2.94314381270903 0.158955184488808
2.97658862876254 0.1626227650796
3.01003344481605 0.166358229693333
3.04347826086956 0.170162062275667
3.07692307692308 0.174034713218889
3.11036789297659 0.177976597601559
3.1438127090301 0.181988093417173
3.17725752508361 0.186069539795852
3.21070234113712 0.190221235223337
3.24414715719064 0.194443435761804
3.27759197324415 0.19873635327727
3.31103678929766 0.203100153678586
3.34448160535117 0.207534955173251
3.37792642140468 0.212040826545503
3.41137123745819 0.216617785462339
3.44481605351171 0.221265796813307
3.47826086956522 0.225984771090124
3.51170568561873 0.230774562812273
3.54515050167224 0.235634969004928
3.57859531772575 0.240565727735643
3.61204013377926 0.245566516716333
3.64548494983278 0.250636951977142
3.67892976588629 0.25577658661885
3.7123745819398 0.260984909650442
3.74581939799331 0.266261344918457
3.77926421404682 0.271605250134693
3.81270903010033 0.277015916008698
3.84615384615385 0.282492565491402
3.87959866220736 0.288034353136051
3.91304347826087 0.293640364582372
3.94648829431438 0.29930961616972
3.97993311036789 0.305041054684576
4.0133779264214 0.310833557247546
4.04682274247492 0.316685931344543
4.08026755852843 0.322596915006513
4.11371237458194 0.328565177141567
4.14715719063545 0.33458931802293
4.18060200668896 0.340667869935597
4.21404682274247 0.346799297984038
4.24749163879599 0.352982001062699
4.2809364548495 0.359214312990474
4.31438127090301 0.365494503809645
4.34782608695652 0.371820781249165
4.38127090301003 0.378191292351462
4.41471571906354 0.384604125261273
4.44816053511706 0.391057311174278
4.48160535117057 0.397548826442649
4.51505016722408 0.404076594833863
4.54849498327759 0.410638489938465
4.5819397993311 0.417232337721736
4.61538461538461 0.423855919213544
4.64882943143813 0.430506973329994
4.68227424749164 0.437183199819814
4.71571906354515 0.443882262327833
4.74916387959866 0.450601791567263
4.78260869565217 0.457339388591999
4.81605351170569 0.464092628159577
4.8494983277592 0.470859062175008
4.88294314381271 0.477636223205241
4.91638795986622 0.48442162805367
4.94983277591973 0.491212781383751
4.98327759197324 0.498007179380555
5.01672240802676 0.504802313438865
5.05016722408027 0.511595673866299
5.08361204013378 0.518384753589837
5.11705685618729 0.525167051854136
5.1505016722408 0.531940077900042
5.18394648829431 0.538701354611831
5.21739130434783 0.545448422121861
5.25083612040134 0.552178841361558
5.28428093645485 0.558890197547946
5.31772575250836 0.565580103595257
5.35117056856187 0.572246203441564
5.38461538461538 0.578886175280835
5.4180602006689 0.585497734691266
5.45150501672241 0.592078637651308
5.48494983277592 0.598626683435383
5.51839464882943 0.605139717381846
5.55183946488294 0.611615633526449
5.58528428093645 0.618052377095159
5.61872909698997 0.624447946850906
5.65217391304348 0.630800397289512
5.68561872909699 0.637107840680761
5.7190635451505 0.643368448951272
5.75250836120401 0.649580455406565
5.78595317725753 0.655742156290402
5.81939799331104 0.661851912180172
5.85284280936455 0.667908149217817
5.88628762541806 0.673909360176397
5.91973244147157 0.679854105363114
5.95317725752508 0.685741013360177
5.9866220735786 0.691568781605524
6.02006688963211 0.697336176815961
6.05351170568562 0.703042035255844
6.08695652173913 0.708685262854888
6.12040133779264 0.714264835179183
6.15384615384615 0.719779797259921
6.18729096989967 0.725229263284707
6.22073578595318 0.730612416156701
6.25418060200669 0.735928506927125
6.2876254180602 0.741176854106957
6.32107023411371 0.74635684286386
6.35451505016722 0.751467924110565
6.38795986622074 0.756509613491123
6.42140468227425 0.761481490271503
6.45484949832776 0.766383196141152
6.48829431438127 0.771214433932112
6.52173913043478 0.775974966262374
6.55518394648829 0.780664614110059
6.58862876254181 0.785283255325023
6.62207357859532 0.78983082308437
6.65551839464883 0.794307304298286
6.68896321070234 0.798712737972439
6.72240802675585 0.803047213533091
6.75585284280936 0.807310869120876
6.78929765886288 0.811503889858994
6.82274247491639 0.815626506101432
6.8561872909699 0.819678991666541
6.88963210702341 0.823661662061123
6.92307692307692 0.82757487269993
6.95652173913043 0.831419017125239
6.98996655518395 0.835194525230922
7.02341137123746 0.838901861495175
7.05685618729097 0.842541523225826
7.09030100334448 0.84611403882189
7.12374581939799 0.84961996605476
7.1571906354515 0.85305989037221
7.19063545150502 0.856434423228116
7.22408026755853 0.859744200440538
7.25752508361204 0.862989880580623
7.29096989966555 0.866172143394474
7.32441471571906 0.869291688259986
7.35785953177257 0.872349232680357
7.39130434782609 0.87534551081583
7.4247491638796 0.878281272054956
7.45819397993311 0.881157279626532
7.49163879598662 0.883974309253136
7.52508361204013 0.886733147847023
7.55852842809364 0.889434592248967
7.59197324414716 0.892079448010488
7.62541806020067 0.894668528219735
7.65886287625418 0.897202652371162
7.69230769230769 0.899682645279014
7.7257525083612 0.902109336034488
7.75919732441471 0.904483557006356
7.79264214046823 0.906806142884699
7.82608695652174 0.909077929767326
7.85953177257525 0.911299754288358
7.89297658862876 0.91347245278837
7.92642140468227 0.915596860525422
7.95986622073579 0.917673810926237
7.9933110367893 0.919704134876733
8.02675585284281 0.921688660051051
8.06020066889632 0.923628210278208
8.09364548494983 0.925523604945418
8.12709030100334 0.927375658437137
8.16053511705686 0.929185179608833
8.19397993311037 0.930952971294472
8.22742474916388 0.932679829846692
8.26086956521739 0.934366544708614
8.2943143812709 0.936013898016255
8.32775919732441 0.937622664230472
8.36120401337793 0.939193609797389
8.39464882943144 0.940727492836258
8.42809364548495 0.942225062853694
8.46153846153846 0.943687060483249
8.49498327759197 0.945114217249302
8.52842809364548 0.946507255354232
8.561872909699 0.947866887487889
8.59531772575251 0.949193816658363
8.62876254180602 0.950488736043091
8.66220735785953 0.951752328859356
8.69565217391304 0.952985268253236
8.72909698996656 0.954188217206124
8.76254180602007 0.955361828457902
8.79598662207358 0.956506744445941
8.82943143812709 0.957623597259072
8.8628762541806 0.958713008605724
8.89632107023411 0.959775589795442
8.92976588628762 0.96081194173302
8.96321070234114 0.961822654924521
8.99665551839465 0.962808309494461
9.03010033444816 0.963769475213488
9.06354515050167 0.96470671153587
9.09698996655518 0.965620567646188
9.1304347826087 0.96651158251459
9.16387959866221 0.967380284960046
9.19732441471572 0.968227193721015
9.23076923076923 0.969052817533013
9.26421404682274 0.969857655212535
9.29765886287625 0.97064219574686
9.33110367892977 0.971406918389251
9.36454849498328 0.972152292759111
9.39799331103679 0.972878778946656
9.4314381270903 0.973586827621701
9.46488294314381 0.974276880146164
9.49832775919732 0.974949368689923
9.53177257525084 0.975604716349676
9.56521739130435 0.976243337270458
9.59866220735786 0.976865636769515
9.63210702341137 0.977472011462225
9.66555183946488 0.978062849389783
9.69899665551839 0.978638530148394
9.73244147157191 0.979199425019701
9.76588628762542 0.979745897102235
9.79933110367893 0.980278301443645
9.83277591973244 0.980796985173501
9.86622073578595 0.981302287636483
9.89966555183946 0.981794540525756
9.93311036789298 0.982274068016372
9.96655518394649 0.982741186898519
10 0.983196206710494
