0 0.0194190070591474
0.204081632653061 0.0229481938185132
0.408163265306122 0.0271010441191863
0.612244897959184 0.0319808215554897
0.816326530612245 0.0377051927555482
1.02040816326531 0.0444071872945862
1.22448979591837 0.052235778325231
1.42857142857143 0.0613558671827091
1.63265306122449 0.0719473976832334
1.83673469387755 0.0842032694603259
2.04081632653061 0.0983256752948124
2.24489795918367 0.114520471696997
2.44897959183673 0.132989228015491
2.6530612244898 0.153918715009055
2.85714285714286 0.177467817396851
3.06122448979592 0.203752206030197
3.26530612244898 0.232827581375885
3.46938775510204 0.264672859922401
3.6734693877551 0.299175226504957
3.87755102040816 0.336119374287414
4.08163265306122 0.375183327044308
4.28571428571429 0.415942833547019
4.48979591836735 0.457885380109618
4.69387755102041 0.500433476541107
4.89795918367347 0.542975295972902
5.10204081632653 0.584899371204282
5.30612244897959 0.625629247963312
5.51020408163265 0.664654004148514
5.71428571428571 0.701551361103082
5.91836734693878 0.736001498825401
6.12244897959184 0.767791261617768
6.3265306122449 0.796809824472508
6.53061224489796 0.823037823611716
6.73469387755102 0.846532348686929
6.93877551020408 0.867410112921693
7.14285714285714 0.88583071394284
7.3469387755102 0.901981345208973
7.55102040816327 0.916063758994931
7.75510204081633 0.928283808131432
7.95918367346939 0.938843545240075
8.16326530612245 0.947935637063308
8.36734693877551 0.955739737738231
8.57142857142857 0.962420430164898
8.77551020408163 0.96812636110884
8.97959183673469 0.972990240454981
9.18367346938776 0.97712943151703
9.38775510204082 0.980646916792512
9.59183673469388 0.983632475971417
9.79591836734694 0.986163957565719
10 0.988308561527727
