0 0.0212351599929636
0.0334448160535117 0.0217992656987021
0.0668896321070234 0.0223780140878576
0.100334448160535 0.0229717668283623
0.133779264214047 0.0235808935318997
0.167224080267559 0.0242057718744842
0.20066889632107 0.0248467877157278
0.234113712374582 0.0255043352165553
0.267558528428094 0.0261788169551173
0.301003344481605 0.0268706440406324
0.334448160535117 0.0275802362248802
0.367892976588629 0.0283080220110467
0.40133779264214 0.0290544387596101
0.434782608695652 0.0298199327909381
0.468227424749164 0.0306049594842512
0.501672240802676 0.0314099833725874
0.535117056856187 0.0322354782333883
0.568561872909699 0.0330819271743057
0.602006688963211 0.0339498227138098
0.635451505016722 0.0348396668561618
0.668896321070234 0.0357519711602903
0.702341137123746 0.0366872568020955
0.735785953177257 0.0376460546296801
0.769230769230769 0.0386289052109871
0.802675585284281 0.0396363588733024
0.836120401337793 0.0406689757340579
0.869565217391304 0.0417273257223518
0.903010033444816 0.0428119885905744
0.936454849498328 0.043923553915513
0.969899665551839 0.0450626210882807
1.00334448160535 0.0462297992923952
1.03678929765886 0.0474257074693104
1.07023411371237 0.0486509742706792
1.10367892976589 0.0499062379966092
1.1371237458194 0.0511921465191444
1.17056856187291 0.0525093571901908
1.20401337792642 0.0538585367330799
1.23745819397993 0.0552403611169441
1.27090301003344 0.0566555154130612
1.30434782608696 0.0581046936323041
1.33779264214047 0.0595885985428163
1.37123745819398 0.0611079414670179
1.40468227424749 0.0626634420570321
1.438127090301 0.0642558280476084
1.47157190635451 0.0658858349856104
1.50501672240803 0.0675542059351242
1.53846153846154 0.069261691157238
1.57190635451505 0.0710090477635405
1.60535117056856 0.07279703934238
1.63879598662207 0.0746264355569336
1.67224080267559 0.076498011714134
1.7056856187291 0.0784125483035137
1.73913043478261 0.0803708305050373
1.77257525083612 0.0823736476650051
1.80602006688963 0.0844217927391361
1.83946488294314 0.0865160617019586
1.87290969899666 0.0886572529216684
1.90635451505017 0.0908461664996475
1.93979933110368 0.0930836035738764
1.97324414715719 0.0953703655855191
2.0066889632107 0.0977072535080108
2.04013377926421 0.100095067038036
2.07357859531773 0.102534603747848
2.10702341137124 0.105026658198456
2.14046822742475 0.107572021013276
2.17391304347826 0.11017147791194
2.20735785953177 0.112825808704032
2.24080267558528 0.115535786242643
2.2742474916388 0.118302175337725
2.30769230769231 0.121125731629355
2.34113712374582 0.124007200421138
2.37458193979933 0.126947315474106
2.40802675585284 0.129946797761628
2.44147157190635 0.133006354185976
2.47491638795987 0.13612667625736
2.50836120401338 0.139308438736414
2.54180602006689 0.142552298241272
2.5752508361204 0.145858891820573
2.60869565217391 0.149228835493912
2.64214046822742 0.15266272276145
2.67558528428094 0.156161123084592
2.70903010033445 0.159724580339873
2.74247491638796 0.16335361124836
2.77591973244147 0.16704870378315
2.80936454849498 0.170810315557713
2.84280936454849 0.174638872198088
2.87625418060201 0.178534765702158
2.90969899665552 0.182498352789433
2.94314381270903 0.186529953245038
2.97658862876254 0.19062984826178
3.01003344481605 0.194798278784438
3.04347826086956 0.199035443860589
3.07692307692308 0.203341499002527
3.11036789297659 0.207716554565036
3.1438127090301 0.212160674143935
3.17725752508361 0.216673873000558
3.21070234113712 0.221256116517441
3.24414715719064 0.225907318690692
3.27759197324415 0.230627340664632
3.31103678929766 0.235415989314439
3.34448160535117 0.24027301588261
3.37792642140468 0.245198114675159
3.41137123745819 0.25019092182351
3.44481605351171 0.255251014118092
3.47826086956522 0.260377907919641
3.51170568561873 0.265571058154195
3.54515050167224 0.270829857397725
3.57859531772575 0.276153635056253
3.61204013377926 0.2815416566472
3.64548494983278 0.286993123187567
3.67892976588629 0.292507170694363
3.7123745819398 0.298082869802473
3.74581939799331 0.30371922550494
3.77926421404682 0.309415177020313
3.81270903010033 0.315169597791417
3.84615384615385 0.320981295619548
3.87959866220736 0.326849012937695
3.91304347826087 0.332771427225988
3.94648829431438 0.338747151572102
3.97993311036789 0.34477473537889
4.0133779264214 0.35085266522098
4.04682274247492 0.356979365851559
4.08026755852843 0.363153201359997
4.11371237458194 0.369372476480397
4.14715719063545 0.375635438050529
4.18060200668896 0.381940276620042
4.21404682274247 0.38828512820619
4.24749163879599 0.394668076194675
4.2809364548495 0.401087153382615
4.31438127090301 0.407540344159967
4.34782608695652 0.414025586825135
4.38127090301003 0.420540776029868
4.41471571906354 0.427083765347929
4.44816053511706 0.433652369961464
4.48160535117057 0.440244369458391
4.51505016722408 0.446857510733608
4.54849498327759 0.453489510986313
4.5819397993311 0.460138060805229
4.61538461538461 0.466800827333092
4.64882943143813 0.473475457501379
4.68227424749164 0.480159581325848
4.71571906354515 0.486850815253196
4.74916387959866 0.493546765548853
4.78260869565217 0.500245031715711
4.81605351170569 0.506943209933451
4.8494983277592 0.513638896507988
4.88294314381271 0.520329691320539
4.91638795986622 0.527013201265791
4.94983277591973 0.533687043668721
4.98327759197324 0.54034884966972
5.01672240802676 0.546996267567848
5.05016722408027 0.553626966112253
5.08361204013378 0.560238637732071
5.11705685618729 0.566829001695419
5.1505016722408 0.57339580718848
5.18394648829431 0.579936836306056
5.21739130434783 0.586449906945444
5.25083612040134 0.592932875595938
5.28428093645485 0.599383640016804
5.31772575250836 0.605800141797097
5.35117056856187 0.612180368791279
5.38461538461538 0.618522357425167
5.4180602006689 0.624824194867367
5.45150501672241 0.631084021061954
5.48494983277592 0.637300030618805
5.51839464882943 0.643470474558596
5.55183946488294 0.649593661910143
5.58528428093645 0.655667961158378
5.61872909698997 0.661691801541854
5.65217391304348 0.667663674199332
5.68561872909699 0.673582133165544
5.7190635451505 0.679445796216848
5.75250836120401 0.68525334556802
5.78595317725753 0.691003528421976
5.81939799331104 0.69669515737471
5.85284280936455 0.702327110678237
5.88628762541806 0.70789833236475
5.91973244147157 0.713407832235637
5.95317725752508 0.718854685719379
5.9866220735786 0.724238033602718
6.02006688963211 0.729557081639758
6.05351170568562 0.734811100044007
6.08695652173913 0.739999422868549
6.12040133779264 0.745121447279803
6.15384615384615 0.750176632730452
6.18729096989967 0.755164500037319
6.22073578595318 0.76008463037004
6.25418060200669 0.764936664156472
6.2876254180602 0.769720299910842
6.32107023411371 0.774435292990632
6.35451505016722 0.779081454288201
6.38795986622074 0.783658648863113
6.42140468227425 0.788166794521075
6.45484949832776 0.792605860345286
6.48829431438127 0.796975865185941
6.52173913043478 0.801276876113452
6.55518394648829 0.805509006840847
6.58862876254181 0.809672416120632
6.62207357859532 0.81376730612123
6.65551839464883 0.817793920787936
6.68896321070234 0.821752544193113
6.72240802675585 0.82564349888017
6.75585284280936 0.829467144205639
6.78929765886288 0.833223874683451
6.82274247491639 0.836914118335299
6.8561872909699 0.840538335050736
6.88963210702341 0.844097014960451
6.92307692307692 0.847590676825916
6.95652173913043 0.851019866448389
6.98996655518395 0.854385155100031
7.02341137123746 0.857687137979668
7.05685618729097 0.86092643269552
7.09030100334448 0.864103677777006
7.12374581939799 0.86721953121752
7.1571906354515 0.870274669049876
7.19063545150502 0.873269783955938
7.22408026755853 0.876205583911737
7.25752508361204 0.879082790869225
7.29096989966555 0.881902139475618
7.32441471571906 0.884664375831139
7.35785953177257 0.887370256285792
7.39130434782609 0.890020546275672
7.4247491638796 0.892616019199151
7.45819397993311 0.895157455333176
7.49163879598662 0.897645640789763
7.52508361204013 0.900081366512669
7.55852842809364 0.902465427314128
7.59197324414716 0.904798620951402
7.62541806020067 0.90708174724285
7.65886287625418 0.909315607223087
7.69230769230769 0.911501002336775
7.7257525083612 0.913638733670473
7.75919732441471 0.915729601221939
7.79264214046823 0.917774403206211
7.82608695652174 0.919773935397735
7.85953177257525 0.92172899050778
7.89297658862876 0.923640357596319
7.92642140468227 0.925508821517546
7.95986622073579 0.927335162398147
7.9933110367893 0.929120155147427
8.02675585284281 0.930864568998393
8.06020066889632 0.932569167078839
8.09364548494983 0.934234706011515
8.12709030100334 0.935861935542409
8.16053511705686 0.937451598196198
8.19397993311037 0.939004428957919
8.22742474916388 0.940521154979887
8.26086956521739 0.942002495312931
8.2943143812709 0.943449160660999
8.32775919732441 0.944861853158188
8.36120401337793 0.946241266167298
8.39464882943144 0.94758808409898
8.42809364548495 0.948902982250602
8.46153846153846 0.950186626663939
8.49498327759197 0.951439674000834
8.52842809364548 0.952662771435988
8.561872909699 0.953856556566049
8.59531772575251 0.955021657334204
8.62876254180602 0.956158691969479
8.66220735785953 0.957268268940005
8.69565217391304 0.958350986919484
8.72909698996656 0.959407434766166
8.76254180602007 0.960438191513611
8.79598662207358 0.961443826372589
8.82943143812709 0.962424898743453
8.8628762541806 0.963381958238351
8.89632107023411 0.964315544712693
8.92976588628762 0.965226188305267
8.96321070234114 0.966114409486443
8.99665551839465 0.966980719113947
9.03010033444816 0.96782561849566
9.06354515050167 0.968649599458955
9.09698996655518 0.969453144426097
9.1304347826087 0.970236726495249
9.16387959866221 0.971000809526641
9.19732441471572 0.971745848233487
9.23076923076923 0.972472288277259
9.26421404682274 0.973180566366925
9.29765886287625 0.973871110361802
9.33110367892977 0.974544339377665
9.36454849498328 0.975200663895801
9.39799331103679 0.975840485874678
9.4314381270903 0.976464198863954
9.46488294314381 0.977072188120528
9.49832775919732 0.977664830726376
9.53177257525084 0.978242495707924
9.56521739130435 0.978805544156713
9.59866220735786 0.97935432935114
9.63210702341137 0.979889196879057
9.66555183946488 0.980410484761037
9.69899665551839 0.980918523574116
9.73244147157191 0.981413636575828
9.76588628762542 0.981896139828391
9.79933110367893 0.982366342322856
9.83277591973244 0.982824546103113
9.86622073578595 0.983271046389586
9.89966555183946 0.983706131702513
9.93311036789298 0.98413008398468
9.96655518394649 0.984543178723519
10 0.984945685072441
