0 0.0382131539331471
0.204081632653061 0.0438092395045676
0.408163265306122 0.0501820791936402
0.612244897959184 0.0574262869245284
0.816326530612245 0.0656439824024441
1.02040816326531 0.074944129211454
1.22448979591837 0.0854413922452444
1.42857142857143 0.0972544034337078
1.63265306122449 0.110503324827835
1.83673469387755 0.125306610151424
2.04081632653061 0.141776894766748
2.24489795918367 0.160015994445877
2.44897959183673 0.18010906908785
2.6530612244898 0.202118109591134
2.85714285714286 0.226075030896466
3.06122448979592 0.251974791675534
3.26530612244898 0.279769093469623
3.46938775510204 0.309361314167632
3.6734693877551 0.340603372964831
3.87755102040816 0.373295178042826
4.08163265306122 0.407187155225975
4.28571428571429 0.441986094889885
4.48979591836735 0.477364208682236
4.69387755102041 0.512970905002075
4.89795918367347 0.548446437748185
5.10204081632653 0.583436324495634
5.30612244897959 0.617605321062257
5.51020408163265 0.65064980259641
5.71428571428571 0.682307623371938
5.91836734693878 0.712364862228486
6.12244897959184 0.740659242418716
6.3265306122449 0.767080376017479
6.53061224489796 0.791567270430043
6.73469387755102 0.814103717706002
6.93877551020408 0.834712261089749
7.14285714285714 0.853447412364328
7.3469387755102 0.870388704711987
7.55102040816327 0.885634038954413
7.75510204081633 0.899293642878354
7.95918367346939 0.911484833800971
8.16326530612245 0.922327665688441
8.36734693877551 0.931941459186984
8.57142857142857 0.940442155892732
8.77551020408163 0.947940403932147
8.97959183673469 0.954540265809822
9.18367346938776 0.960338436588674
9.38775510204082 0.965423866344854
9.59183673469388 0.96987769185058
9.79591836734694 0.97377339585372
10 0.977177126250825
