0 0.0303275900443859
0.204081632653061 0.0348165807804759
0.408163265306122 0.0399426474693839
0.612244897959184 0.0457876250208797
0.816326530612245 0.0524412028473568
1.02040816326531 0.0600008419864753
1.22448979591837 0.0685713759599162
1.42857142857143 0.0782641988243822
1.63265306122449 0.0891959329550931
1.83673469387755 0.101486463555115
2.04081632653061 0.115256230436519
2.24489795918367 0.130622684819606
2.44897959183673 0.147695854729608
2.6530612244898 0.166573021680696
2.85714285714286 0.18733259676395
3.06122448979592 0.210027395700203
3.26530612244898 0.234677644246165
3.46938775510204 0.261264184804292
3.6734693877551 0.289722481529069
3.87755102040816 0.31993810722567
4.08163265306122 0.351744410592433
4.28571428571429 0.384922980439736
4.48979591836735 0.419207330574543
4.69387755102041 0.454289932076132
4.89795918367347 0.489832351142938
5.10204081632653 0.525477866261396
5.30612244897959 0.560865606924478
5.51020408163265 0.595645043039884
5.71428571428571 0.629489604079698
5.91836734693878 0.662108330657794
6.12244897959184 0.6932547322772
6.3265306122449 0.72273238789212
6.53061224489796 0.750397211519065
6.73469387755102 0.776156648521985
6.93877551020408 0.799966322903261
7.14285714285714 0.821824800633696
7.3469387755102 0.84176717156666
7.55102040816327 0.859858103167081
7.75510204081633 0.876184912231894
7.95918367346939 0.890851065720035
8.16326530612245 0.903970383560141
8.36734693877551 0.915662092124351
8.57142857142857 0.926046776462323
8.77551020408163 0.935243205476578
8.97959183673469 0.943365955615742
9.18367346938776 0.950523731450063
9.38775510204082 0.956818270757376
9.59183673469388 0.962343722620756
9.79591836734694 0.967186395297057
10 0.971424782922564
