0 0.0929498308269885
0.0334448160535117 0.0943366152631256
0.0668896321070234 0.0957419061827786
0.100334448160535 0.0971658851556134
0.133779264214047 0.0986087335568536
0.167224080267559 0.100070632495916
0.20066889632107 0.101551762743039
0.234113712374582 0.103052304653886
0.267558528428094 0.104572438092121
0.301003344481605 0.106112342349935
0.334448160535117 0.107672196066526
0.367892976588629 0.109252177144509
0.40133779264214 0.110852462664274
0.434782608695652 0.112473228796269
0.468227424749164 0.114114650711212
0.501672240802676 0.115776902488246
0.535117056856187 0.117460157021019
0.568561872909699 0.119164585921713
0.602006688963211 0.12089035942302
0.635451505016722 0.122637646278082
0.668896321070234 0.124406613658403
0.702341137123746 0.126197427049757
0.735785953177257 0.128010250146096
0.769230769230769 0.129845244741504
0.802675585284281 0.131702570620198
0.836120401337793 0.133582385444617
0.869565217391304 0.135484844641631
0.903010033444816 0.137410101286899
0.936454849498328 0.139358305987418
0.969899665551839 0.141329606762302
1.00334448160535 0.14332414892184
1.03678929765886 0.145342074944879
1.07023411371237 0.147383524354582
1.10367892976589 0.149448633592627
1.1371237458194 0.151537535891895
1.17056856187291 0.153650361147717
1.20401337792642 0.155787235787756
1.23745819397993 0.15794828264058
1.27090301003344 0.160133620803011
1.30434782608696 0.162343365506342
1.33779264214047 0.164577627981479
1.37123745819398 0.166836515323128
1.40468227424749 0.169120130353095
1.438127090301 0.171428571482817
1.47157190635451 0.17376193257521
1.50501672240803 0.176120302805949
1.53846153846154 0.178503766524288
1.57190635451505 0.18091240311354
1.60535117056856 0.183346286851324
1.63879598662207 0.185805486769715
1.67224080267559 0.188290066515422
1.7056856187291 0.190800084210122
1.73913043478261 0.193335592311084
1.77257525083612 0.195896637472236
1.80602006688963 0.198483260405807
1.83946488294314 0.201095495744691
1.87290969899666 0.203733371905697
1.90635451505017 0.206396910953827
1.93979933110368 0.209086128467754
1.97324414715719 0.211801033406648
2.0066889632107 0.214541627978527
2.04013377926421 0.217307907510303
2.07357859531773 0.22009986031968
2.10702341137124 0.222917467589096
2.14046822742475 0.225760703241878
2.17391304347826 0.228629533820789
2.20735785953177 0.231523918369145
2.24080267558528 0.234443808314701
2.2742474916388 0.237389147356464
2.30769230769231 0.240359871354652
2.34113712374582 0.243355908223953
2.37458193979933 0.246377177830301
2.40802675585284 0.249423591891336
2.44147157190635 0.252495053880747
2.47491638795987 0.255591458936692
2.50836120401338 0.258712693774461
2.54180602006689 0.261858636603595
2.5752508361204 0.265029157049636
2.60869565217391 0.268224116080678
2.64214046822742 0.271443365938932
2.67558528428094 0.274686750077459
2.70903010033445 0.27795410310225
2.74247491638796 0.281245250719852
2.77591973244147 0.284560009690672
2.80936454849498 0.287898187788163
2.84280936454849 0.291259583764026
2.87625418060201 0.294643987319604
2.90969899665552 0.29805117908361
2.94314381270903 0.301480930596338
2.97658862876254 0.304933004300506
3.01003344481605 0.308407153538848
3.04347826086956 0.31190312255861
3.07692307692308 0.315526689229632
3.11036789297659 0.319178943907271
3.1438127090301 0.322853533364106
3.17725752508361 0.32655013616097
3.21070234113712 0.330268420702672
3.24414715719064 0.33400804529518
3.27759197324415 0.337768658211921
3.31103678929766 0.341549897769298
3.34448160535117 0.345351392411469
3.37792642140468 0.34917276080444
3.41137123745819 0.353013611939499
3.44481605351171 0.356873545246027
3.47826086956522 0.360752150713668
3.51170568561873 0.364649009023868
3.54515050167224 0.368563691690751
3.57859531772575 0.37249576121129
3.61204013377926 0.376444771224723
3.64548494983278 0.38041026668115
3.67892976588629 0.384391784019204
3.7123745819398 0.389314326821498
3.74581939799331 0.394875486860322
3.77926421404682 0.40046399267015
3.81270903010033 0.406078514445272
3.84615384615385 0.411717695746639
3.87959866220736 0.417380154715648
3.91304347826087 0.423064485342459
3.94648829431438 0.428769258786603
3.97993311036789 0.434493024747443
4.0133779264214 0.440234312881853
4.04682274247492 0.445991634266329
4.08026755852843 0.451763482900554
4.11371237458194 0.457548337249306
4.14715719063545 0.463344661819432
4.18060200668896 0.469150908768476
4.21404682274247 0.474965519541459
4.24749163879599 0.480786926532138
4.2809364548495 0.486613554765046
4.31438127090301 0.49244382359448
4.34782608695652 0.498276148416554
4.38127090301003 0.504108942390401
4.41471571906354 0.509940618164534
4.44816053511706 0.515769589604398
4.48160535117057 0.521594273517098
4.51505016722408 0.527413091369343
4.54849498327759 0.533224470994626
4.5819397993311 0.539026848285745
4.61538461538461 0.544818668868807
4.64882943143813 0.550598389754922
4.68227424749164 0.556364480965898
4.71571906354515 0.562115427130357
4.74916387959866 0.567849729046762
4.78260869565217 0.573565905210039
4.81605351170569 0.57926249329856
4.8494983277592 0.58493805161843
4.88294314381271 0.590591160502192
4.91638795986622 0.596220423659202
4.94983277591973 0.601824469475145
4.98327759197324 0.607401952258309
5.01672240802676 0.612951553430468
5.05016722408027 0.618471982660385
5.08361204013378 0.623961978938178
5.11705685618729 0.62942031158898
5.1505016722408 0.634845781224545
5.18394648829431 0.640237220631646
5.21739130434783 0.645593495596338
5.25083612040134 0.650913505663352
5.28428093645485 0.656196184830109
5.31772575250836 0.661440502175024
5.35117056856187 0.666645462419996
5.38461538461538 0.671810106427163
5.4180602006689 0.676933511630183
5.45150501672241 0.682014792400503
5.48494983277592 0.687053100349251
5.51839464882943 0.692047624565546
5.55183946488294 0.696997591792196
5.58528428093645 0.701902266539904
5.61872909698997 0.706760951141243
5.65217391304348 0.711572985745801
5.68561872909699 0.716337748258031
5.7190635451505 0.72105465421943
5.75250836120401 0.725723156636825
5.78595317725753 0.73034274575859
5.81939799331104 0.734912948800738
5.85284280936455 0.739433329624902
5.88628762541806 0.743903488370277
5.91973244147157 0.748323061041658
5.95317725752508 0.752691719055767
5.9866220735786 0.75700916874807
6.02006688963211 0.761275150842351
6.05351170568562 0.765489439885297
6.08695652173913 0.769651843648382
6.12040133779264 0.773762202499331
6.15384615384615 0.778449466053976
6.18729096989967 0.783924286587241
6.22073578595318 0.789300435192085
6.25418060200669 0.794577872368033
6.2876254180602 0.799756659438427
6.32107023411371 0.804836954747957
6.35451505016722 0.80981900977717
6.38795986622074 0.814703165192101
6.42140468227425 0.819489846846376
6.45484949832776 0.824179561752358
6.48829431438127 0.828772894037038
6.52173913043478 0.833270500897487
6.55518394648829 0.837673108569791
6.58862876254181 0.841981508324423
6.62207357859532 0.846199294122155
6.65551839464883 0.850357927875005
6.68896321070234 0.854423460573574
6.72240802675585 0.858396932314446
6.75585284280936 0.862279430564894
6.78929765886288 0.866072086375718
6.82274247491639 0.869776070690488
6.8561872909699 0.873392590757271
6.88963210702341 0.876922886648058
6.92307692307692 0.880368227890283
6.95652173913043 0.883729910214064
6.98996655518395 0.887009252418034
7.02341137123746 0.890207593355973
7.05685618729097 0.893326289045756
7.09030100334448 0.896366709901581
7.12374581939799 0.899330238089836
7.1571906354515 0.902218265008471
7.19063545150502 0.905032188889261
7.22408026755853 0.907773412521914
7.25752508361204 0.910443341098603
7.29096989966555 0.913043380177104
7.32441471571906 0.915574933760486
7.35785953177257 0.918039402490934
7.39130434782609 0.920438181955126
7.4247491638796 0.922772661098307
7.45819397993311 0.925044220744085
7.49163879598662 0.927254232216769
7.52508361204013 0.929404056062997
7.55852842809364 0.931495040869268
7.59197324414716 0.933528522171938
7.62541806020067 0.935505821456187
7.65886287625418 0.937428245240424
7.69230769230769 0.939297084242584
7.7257525083612 0.941113612624796
7.75919732441471 0.942879087312864
7.79264214046823 0.944594747387115
7.82608695652174 0.946261813541124
7.85953177257525 0.947881487604942
7.89297658862876 0.949454952129484
7.92642140468227 0.950983370028821
7.95986622073579 0.952467884277176
7.9933110367893 0.953909617657532
8.02675585284281 0.955309672558824
8.06020066889632 0.9566691308188
8.09364548494983 0.957989053609713
8.12709030100334 0.959270481364112
8.16053511705686 0.960514433738101
8.19397993311037 0.961721909609522
8.22742474916388 0.96289388710864
8.26086956521739 0.96403132367898
8.2943143812709 0.9651351561661
8.32775919732441 0.966206300932144
8.36120401337793 0.967245653994154
8.39464882943144 0.968254091184189
8.42809364548495 0.969232468329412
8.46153846153846 0.970181621450377
8.49498327759197 0.971102366975873
8.52842809364548 0.971995501972726
8.561872909699 0.972861804389083
8.59531772575251 0.973702033309758
8.62876254180602 0.974516929222333
8.66220735785953 0.975307214292728
8.69565217391304 0.976073592649105
8.72909698996656 0.976816750672962
8.76254180602007 0.977537357296412
8.79598662207358 0.978236064304659
8.82943143812709 0.978913506642773
8.8628762541806 0.979570302725915
8.89632107023411 0.980207054752221
8.92976588628762 0.980824349017619
8.96321070234114 0.981422756231892
8.99665551839465 0.982002831835364
9.03010033444816 0.982565116315612
9.06354515050167 0.983110135523679
9.09698996655518 0.983638400989292
9.1304347826087 0.984150410234613
9.16387959866221 0.984646647086132
9.19732441471572 0.985127581984299
9.23076923076923 0.985593672290551
9.26421404682274 0.986045362591439
9.29765886287625 0.986483084999535
9.33110367892977 0.986907259450898
9.36454849498328 0.987318293998841
9.39799331103679 0.987716585103814
9.4314381270903 0.988102517919201
9.46488294314381 0.988476466572895
9.49832775919732 0.98883879444449
9.53177257525084 0.989189854437976
9.56521739130435 0.989529989249847
9.59866220735786 0.989859531632508
9.63210702341137 0.990178804652941
9.66555183946488 0.990488121946552
9.69899665551839 0.990787787966159
9.73244147157191 0.9910780982261
9.76588628762542 0.991359339541425
9.79933110367893 0.991631790262178
9.83277591973244 0.991895720502753
9.86622073578595 0.99215139236635
9.89966555183946 0.992399060164532
9.93311036789298 0.992638970631913
9.96655518394649 0.992871363136011
10 0.993096469882297
