0 0.0197923275440721
0.0334448160535117 0.0203224922385903
0.0668896321070234 0.020866555809665
0.100334448160535 0.0214248662427208
0.133779264214047 0.0219977793477663
0.167224080267559 0.0225856588866079
0.20066889632107 0.0231888766992894
0.234113712374582 0.0238078128295431
0.267558528428094 0.0244428556490281
0.301003344481605 0.0250944019801132
0.334448160535117 0.0257628572169505
0.367892976588629 0.0264486354445706
0.40133779264214 0.0271521595557135
0.434782608695652 0.027873861365096
0.468227424749164 0.0286141817207962
0.501672240802676 0.029373570612423
0.535117056856187 0.0301524872757171
0.568561872909699 0.030951400293214
0.602006688963211 0.0317707876905812
0.635451505016722 0.0326111370282196
0.668896321070234 0.0334729454877037
0.702341137123746 0.0343567199526112
0.735785953177257 0.0352629770832737
0.769230769230769 0.0361922433849593
0.802675585284281 0.0371450552689744
0.836120401337793 0.0381219591061516
0.869565217391304 0.0391235112721688
0.903010033444816 0.0401502781841184
0.936454849498328 0.0412028363277264
0.969899665551839 0.0422817722745962
1.00334448160535 0.043387682688827
1.03678929765886 0.0445211743223361
1.07023411371237 0.0456828639981874
1.10367892976589 0.0468733785812087
1.1371237458194 0.0480933549351515
1.17056856187291 0.0493434398656297
1.20401337792642 0.0506242900480456
1.23745819397993 0.0519365719396924
1.27090301003344 0.0532809616751971
1.30434782608696 0.05465814494445
1.33779264214047 0.0560688168521437
1.37123745819398 0.0575136817580247
1.40468227424749 0.058993453096944
1.438127090301 0.0605088531777749
1.47157190635451 0.0620606129602492
1.50501672240803 0.0636494718087505
1.53846153846154 0.0652761772220903
1.57190635451505 0.0669414845382821
1.60535117056856 0.06864615661332
1.63879598662207 0.0703909634729648
1.67224080267559 0.0721766819365362
1.7056856187291 0.0740040952117094
1.73913043478261 0.0758739924593201
1.77257525083612 0.0777871683271867
1.80602006688963 0.0797444224519716
1.83946488294314 0.0817465589281154
1.87290969899666 0.0837943857429011
1.90635451505017 0.0858887141767268
1.93979933110368 0.0880303581676944
1.97324414715719 0.0902201336396597
2.0066889632107 0.0924588577929241
2.04013377926421 0.0947473483568001
2.07357859531773 0.0970864228033299
2.10702341137124 0.0994768975215
2.14046822742475 0.101919586951356
2.17391304347826 0.104415302677502
2.20735785953177 0.106964852481533
2.24080267558528 0.109569039353068
2.2742474916388 0.112228660459111
2.30769230769231 0.114944506071591
2.34113712374582 0.11771735845305
2.37458193979933 0.120547990700561
2.40802675585284 0.12343716554807
2.44147157190635 0.126385634127542
2.47491638795987 0.129394134689376
2.50836120401338 0.132463391282771
2.54180602006689 0.135594112396842
2.5752508361204 0.138786989563478
2.60869565217391 0.142042695923124
2.64214046822742 0.145361884754842
2.67558528428094 0.148745187972202
2.70903010033445 0.152193214586786
2.74247491638796 0.155706549141255
2.77591973244147 0.159285750114191
2.80936454849498 0.162931348299118
2.84280936454849 0.166643845160358
2.87625418060201 0.170423711168578
2.90969899665552 0.174271384119167
2.94314381270903 0.178187267436768
2.97658862876254 0.182171728469572
3.01003344481605 0.186225096777187
3.04347826086956 0.190347662416156
3.07692307692308 0.194539674227416
3.11036789297659 0.198801338130226
3.1438127090301 0.203132815427312
3.17725752508361 0.207534221126204
3.21070234113712 0.212005622281917
3.24414715719064 0.21654703636637
3.27759197324415 0.221158429670059
3.31103678929766 0.225839715741729
3.34448160535117 0.230590753871885
3.37792642140468 0.235411347626151
3.41137123745819 0.240301243434573
3.44481605351171 0.245260129243063
3.47826086956522 0.250287633233232
3.51170568561873 0.255383322616906
3.54515050167224 0.260546702511624
3.57859531772575 0.265777214903379
3.61204013377926 0.271074237702845
3.64548494983278 0.276437083901207
3.67892976588629 0.281865000831617
3.7123745819398 0.287357169542128
3.74581939799331 0.292912704285786
3.77926421404682 0.298530652133304
3.81270903010033 0.304209992713499
3.84615384615385 0.309949638086369
3.87959866220736 0.315748432753334
3.91304347826087 0.321605153808799
3.94648829431438 0.327518511236794
3.97993311036789 0.333487148355985
4.0133779264214 0.339509642415867
4.04682274247492 0.345584505346473
4.08026755852843 0.351710184663343
4.11371237458194 0.357885064528972
4.14715719063545 0.364107466971337
4.18060200668896 0.370375653259509
4.21404682274247 0.376687825435698
4.24749163879599 0.383042128002467
4.2809364548495 0.389436649763154
4.31438127090301 0.395869425812911
4.34782608695652 0.402338439677074
4.38127090301003 0.408841625592922
4.41471571906354 0.415376870930232
4.44816053511706 0.421942018745354
4.48160535117057 0.428534870462932
4.51505016722408 0.435153188678748
4.54849498327759 0.441794700076596
4.5819397993311 0.448457098451502
4.61538461538461 0.455138047831099
4.64882943143813 0.461835185686444
4.68227424749164 0.468546126223129
4.71571906354515 0.475268463743103
4.74916387959866 0.481999776067267
4.78260869565217 0.488737628008593
4.81605351170569 0.495479574885233
4.8494983277592 0.502223166062891
4.88294314381271 0.508965948515567
4.91638795986622 0.515705470393694
4.94983277591973 0.522439284588637
4.98327759197324 0.529164952282556
5.01672240802676 0.535880046472696
5.05016722408027 0.542582155459318
5.08361204013378 0.549268886286682
5.11705685618729 0.555937868126697
5.1505016722408 0.56258675559522
5.18394648829431 0.569213231991276
5.21739130434783 0.575815012449903
5.25083612040134 0.582389846999759
5.28428093645485 0.588935523517113
5.31772575250836 0.595449870568361
5.35117056856187 0.601930760133771
5.38461538461538 0.608376110205739
5.4180602006689 0.614783887255451
5.45150501672241 0.621152108562473
5.48494983277592 0.627478844402447
5.51839464882943 0.633762220088724
5.55183946488294 0.64000041786442
5.58528428093645 0.646191678642074
5.61872909698997 0.652334303588733
5.65217391304348 0.65842665555496
5.68561872909699 0.664467160346902
5.7190635451505 0.670454307841217
5.75250836120401 0.67638665294324
5.78595317725753 0.682262816389417
5.81939799331104 0.68808148539556
5.85284280936455 0.693841414153073
5.88628762541806 0.699541424175783
5.91973244147157 0.705180404500532
5.95317725752508 0.710757311745118
5.9866220735786 0.716271170027599
6.02006688963211 0.721721070751393
6.05351170568562 0.727106172260907
6.08695652173913 0.732425699372791
6.12040133779264 0.737678942788157
6.15384615384615 0.742865258391364
6.18729096989967 0.747984066441162
6.22073578595318 0.753034850660169
6.25418060200669 0.758017157228761
6.2876254180602 0.762930593689592
6.32107023411371 0.767774827768988
6.35451505016722 0.772549586121515
6.38795986622074 0.77725465300402
6.42140468227425 0.781889868885398
6.45484949832776 0.786455128998327
6.48829431438127 0.790950381839074
6.52173913043478 0.795375627621439
6.55518394648829 0.799730916690724
6.58862876254181 0.804016347903506
6.62207357859532 0.808232066978819
6.65551839464883 0.812378264826167
6.68896321070234 0.816455175855616
6.72240802675585 0.820463076275006
6.75585284280936 0.824402282379086
6.78929765886288 0.828273148835202
6.82274247491639 0.832076066969899
6.8561872909699 0.835811463060581
6.88963210702341 0.839479796636142
6.92307692307692 0.843081558790239
6.95652173913043 0.846617270510629
6.98996655518395 0.850087481027765
7.02341137123746 0.853492766185628
7.05685618729097 0.856833726837479
7.09030100334448 0.860110987269061
7.12374581939799 0.863325193651499
7.1571906354515 0.866477012525948
7.19063545150502 0.869567129321829
7.22408026755853 0.872596246910282
7.25752508361204 0.875565084194247
7.29096989966555 0.878474374736433
7.32441471571906 0.881324865426208
7.35785953177257 0.884117315186292
7.39130434782609 0.886852493719958
7.4247491638796 0.889531180299303
7.45819397993311 0.892154162594965
7.49163879598662 0.894722235547565
7.52508361204013 0.897236200280992
7.55852842809364 0.899696863057527
7.59197324414716 0.902105034274704
7.62541806020067 0.90446152750367
7.65886287625418 0.906767158568745
7.69230769230769 0.909022744667751
7.7257525083612 0.911229103532632
7.75919732441471 0.913387052629783
7.79264214046823 0.91549740839946
7.82608695652174 0.91756098553357
7.85953177257525 0.91957859629108
7.89297658862876 0.921551049850256
7.92642140468227 0.923479151696876
7.95986622073579 0.925363703047543
7.9933110367893 0.927205500307189
8.02675585284281 0.929005334559823
8.06020066889632 0.930763991091577
8.09364548494983 0.932482248945065
8.12709030100334 0.934160880504077
8.16053511705686 0.935800651107602
8.19397993311037 0.937402318692192
8.22742474916388 0.938966633461658
8.26086956521739 0.940494337583099
8.2943143812709 0.941986164908271
8.32775919732441 0.943442840719312
8.36120401337793 0.944865081497832
8.39464882943144 0.946253594716419
8.42809364548495 0.947609078651595
8.46153846153846 0.948932222217288
8.49498327759197 0.950223704817906
8.52842809364548 0.951484196220094
8.561872909699 0.952714356442315
8.59531772575251 0.953914835661369
8.62876254180602 0.955086274135018
8.66220735785953 0.956229302139905
8.69565217391304 0.957344539923953
8.72909698996656 0.958432597672485
8.76254180602007 0.959494075487301
8.79598662207358 0.960529563377998
8.82943143812709 0.961539641264811
8.8628762541806 0.962524878992318
8.89632107023411 0.963485836353328
8.92976588628762 0.964423063122332
8.96321070234114 0.965337099097913
8.99665551839465 0.96622847415351
9.03010033444816 0.96709770829599
9.06354515050167 0.967945311731474
9.09698996655518 0.96877178493791
9.1304347826087 0.969577618743879
9.16387959866221 0.970363294413185
9.19732441471572 0.971129283734738
9.23076923076923 0.97187604911733
9.26421404682274 0.972604043688865
9.29765886287625 0.973313711399666
9.33110367892977 0.974005487129464
9.36454849498328 0.97467979679773
9.39799331103679 0.975337057476994
9.4314381270903 0.975977677508837
9.46488294314381 0.976602056622252
9.49832775919732 0.977210586054067
9.53177257525084 0.977803648671182
9.56521739130435 0.978381619094336
9.59866220735786 0.978944863823172
9.63210702341137 0.979493741362361
9.66555183946488 0.980028602348583
9.69899665551839 0.980549789678132
9.73244147157191 0.98105763863498
9.76588628762542 0.981552477019104
9.79933110367893 0.982034625274912
9.83277591973244 0.982504396619605
9.86622073578595 0.982962097171327
9.89966555183946 0.983408026076973
9.93311036789298 0.983842475639519
9.96655518394649 0.984265731444748
10 0.984678072487274
