0 0.0353895514438497
0.0334448160535117 0.0361957931943407
0.0668896321070234 0.0370196977613508
0.100334448160535 0.0378616196803824
0.133779264214047 0.038721919113256
0.167224080267559 0.0396009618668082
0.20066889632107 0.040499119407713
0.234113712374582 0.0414167688731992
0.267558528428094 0.0423542930774315
0.301003344481605 0.0433120805133146
0.334448160535117 0.0442905253494723
0.367892976588629 0.0452900274221458
0.40133779264214 0.0463109922217481
0.434782608695652 0.0473538308738047
0.468227424749164 0.0484189601140019
0.501672240802676 0.0495068022570572
0.535117056856187 0.0506177851591204
0.568561872909699 0.0517523421734056
0.602006688963211 0.0529109120987459
0.635451505016722 0.0540939391207604
0.668896321070234 0.0553018727453105
0.702341137123746 0.0565351677239226
0.735785953177257 0.0577942839708423
0.769230769230769 0.0590796864713843
0.802675585284281 0.0603918451812335
0.836120401337793 0.0617312349163512
0.869565217391304 0.0630983352331324
0.903010033444816 0.0644936302984586
0.936454849498328 0.0659176087492871
0.969899665551839 0.0673707635414144
1.00334448160535 0.0688535917870488
1.03678929765886 0.0703665945808275
1.07023411371237 0.0719102768139114
1.10367892976589 0.0734851469757931
1.1371237458194 0.0750917169434514
1.17056856187291 0.0767305017574926
1.20401337792642 0.0784020193849176
1.23745819397993 0.0801067904681607
1.27090301003344 0.0818453380600518
1.30434782608696 0.083618187344358
1.33779264214047 0.0854258653415724
1.37123745819398 0.0872689005996235
1.40468227424749 0.0891478228691932
1.438127090301 0.0910631627633414
1.47157190635451 0.0930154514011499
1.50501672240803 0.0950052200351165
1.53846153846154 0.0970329996620431
1.57190635451505 0.0990993206171863
1.60535117056856 0.101204712151457
1.63879598662207 0.103349701991477
1.67224080267559 0.10553481588234
1.7056856187291 0.107760577112921
1.73913043478261 0.110027506023647
1.77257525083612 0.112336119496643
1.80602006688963 0.114686930428221
1.83946488294314 0.117080447183693
1.87290969899666 0.119517173034565
1.90635451505017 0.121997605578166
1.93979933110368 0.124522236139845
1.97324414715719 0.127091549157899
2.0066889632107 0.12970602155144
2.04013377926421 0.132366122071471
2.07357859531773 0.135072310635491
2.10702341137124 0.137825037645989
2.14046822742475 0.140624743293277
2.17391304347826 0.143471856843128
2.20735785953177 0.146366795909803
2.24080267558528 0.149309965715048
2.2742474916388 0.152301758333773
2.30769230769231 0.155342551927145
2.34113712374582 0.158432709963928
2.37458193979933 0.161572580430951
2.40802675585284 0.164762495033667
2.44147157190635 0.168002768387854
2.47491638795987 0.171293697203548
2.50836120401338 0.174635559462416
2.54180602006689 0.178028613589811
2.5752508361204 0.18147309762286
2.60869565217391 0.184969228375995
2.64214046822742 0.188517200605407
2.67558528428094 0.192117186173998
2.70903010033445 0.195769333218453
2.74247491638796 0.199473765320146
2.77591973244147 0.203230580681657
2.80936454849498 0.207039851310727
2.84280936454849 0.210901622213587
2.87625418060201 0.214815910599595
2.90969899665552 0.218782705099236
2.94314381270903 0.222801964997543
2.97658862876254 0.226873619485077
3.01003344481605 0.230997566928632
3.04347826086956 0.235173674163884
3.07692307692308 0.239401775812209
3.11036789297659 0.243681673623954
3.1438127090301 0.248013135850437
3.17725752508361 0.252395896646985
3.21070234113712 0.2568296555093
3.24414715719064 0.261314076745462
3.27759197324415 0.265848788985848
3.31103678929766 0.270433384733244
3.34448160535117 0.27506741995537
3.37792642140468 0.279750413722023
3.41137123745819 0.284481847888977
3.44481605351171 0.289261166830741
3.47826086956522 0.294087777224171
3.51170568561873 0.298961047884886
3.54515050167224 0.303880309658348
3.57859531772575 0.308844855367321
3.61204013377926 0.313853939817391
3.64548494983278 0.318906779862026
3.67892976588629 0.3240025545286
3.7123745819398 0.329140405206598
3.74581939799331 0.334319435899142
3.77926421404682 0.339538713538741
3.81270903010033 0.344797268368081
3.84615384615385 0.350094094386443
3.87959866220736 0.355428149862164
3.91304347826087 0.360798357911408
3.94648829431438 0.366203607143257
3.97993311036789 0.371642752370992
4.0133779264214 0.377114615389192
4.04682274247492 0.38261798581609
4.08026755852843 0.388151622000409
4.11371237458194 0.393714251991698
4.14715719063545 0.399304574572968
4.18060200668896 0.404921260354209
4.21404682274247 0.410562952925191
4.24749163879599 0.416228270065698
4.2809364548495 0.421915805011182
4.31438127090301 0.427624127771604
4.34782608695652 0.433351786501027
4.38127090301003 0.439097308915367
4.41471571906354 0.444859203755497
4.44816053511706 0.450635962292752
4.48160535117057 0.456426059873713
4.51505016722408 0.462227957500994
4.54849498327759 0.46804010344662
4.5819397993311 0.473860934894471
4.61538461538461 0.479688879608125
4.64882943143813 0.485522357620363
4.68227424749164 0.491359782940498
4.71571906354515 0.497199565275615
4.74916387959866 0.503040111761775
4.78260869565217 0.50887982870117
4.81605351170569 0.514717123301215
4.8494983277592 0.520550405411539
4.88294314381271 0.526378089254857
4.91638795986622 0.532198595147718
4.94983277591973 0.538010351207179
4.98327759197324 0.543811795039494
5.01672240802676 0.549601375406992
5.05016722408027 0.555377553869393
5.08361204013378 0.561138806395924
5.11705685618729 0.566883624944689
5.1505016722408 0.572610519005911
5.18394648829431 0.578318017105748
5.21739130434783 0.584004668267604
5.25083612040134 0.589669043427946
5.28428093645485 0.595309736803875
5.31772575250836 0.600925367209826
5.35117056856187 0.606514579320985
5.38461538461538 0.612076044881215
5.4180602006689 0.61760846385345
5.45150501672241 0.62311056551075
5.48494983277592 0.628581109466404
5.51839464882943 0.634018886641679
5.55183946488294 0.639422720170034
5.58528428093645 0.644791466236808
5.61872909698997 0.65012401485363
5.65217391304348 0.655419290566985
5.68561872909699 0.660676253100593
5.7190635451505 0.665893897931446
5.75250836120401 0.671071256799561
5.78595317725753 0.676207398151696
5.81939799331104 0.681301427519445
5.85284280936455 0.686352487832357
5.88628762541806 0.691359759666823
5.91973244147157 0.69632246143172
5.95317725752508 0.7012398494919
5.9866220735786 0.706111218230788
6.02006688963211 0.710935900053472
6.05351170568562 0.715713265331835
6.08695652173913 0.720442722293341
6.12040133779264 0.725123716855254
6.15384615384615 0.729755732406127
6.18729096989967 0.734338289536506
6.22073578595318 0.738870945720878
6.25418060200669 0.743353294952935
6.2876254180602 0.74778496733632
6.32107023411371 0.752165628633041
6.35451505016722 0.756494979771791
6.38795986622074 0.760772756318441
6.42140468227425 0.764998727911
6.45484949832776 0.769172697661326
6.48829431438127 0.773294501525906
6.52173913043478 0.777364007647993
6.55518394648829 0.781381115673395
6.58862876254181 0.785345756042172
6.62207357859532 0.789257889258492
6.65551839464883 0.793117505140846
6.68896321070234 0.796924622054797
6.72240802675585 0.800679286130389
6.75585284280936 0.804381570466283
6.78929765886288 0.808031574322658
6.82274247491639 0.81162942230483
6.8561872909699 0.8151752635395
6.88963210702341 0.818669270845464
6.92307692307692 0.822111639900575
6.95652173913043 0.825502588406631
6.98996655518395 0.828842355253854
7.02341137123746 0.832131199686489
7.05685618729097 0.835369400471029
7.09030100334448 0.838557255068469
7.12374581939799 0.841695078811915
7.1571906354515 0.844783204090819
7.19063545150502 0.847821979543016
7.22408026755853 0.850811769255677
7.25752508361204 0.853752951976204
7.29096989966555 0.856645920334026
7.32441471571906 0.859491080074206
7.35785953177257 0.862288849303641
7.39130434782609 0.865039657750629
7.4247491638796 0.867743946038481
7.45819397993311 0.870402164973774
7.49163879598662 0.873014774849812
7.52508361204013 0.875582244765782
7.55852842809364 0.878105051962021
7.59197324414716 0.880583681171776
7.62541806020067 0.883018623989769
7.65886287625418 0.885410378257829
7.69230769230769 0.8877594474678
7.7257525083612 0.890066340181891
7.75919732441471 0.892331569470586
7.79264214046823 0.894555652368194
7.82608695652174 0.896739109346049
7.85953177257525 0.89888246380339
7.89297658862876 0.900986241575847
7.92642140468227 0.903050970461475
7.95986622073579 0.905077179764222
7.9933110367893 0.907065399854697
8.02675585284281 0.909016161748066
8.06020066889632 0.910929996698893
8.09364548494983 0.912807435812715
8.12709030100334 0.914649009674103
8.16053511705686 0.916455247990971
8.19397993311037 0.918226679254847
8.22742474916388 0.919963830416831
8.26086956521739 0.92166722657893
8.2943143812709 0.923337390700454
8.32775919732441 0.924974843319162
8.36120401337793 0.926580102286807
8.39464882943144 0.928153682518742
8.42809364548495 0.929696095757245
8.46153846153846 0.931207850348205
8.49498327759197 0.932689451030794
8.52842809364548 0.934141398739798
8.561872909699 0.935564190420196
8.59531772575251 0.936958318853671
8.62876254180602 0.938324272496637
8.66220735785953 0.939662535329463
8.69565217391304 0.940973586716494
8.72909698996656 0.942257901276527
8.76254180602007 0.943515948763377
8.79598662207358 0.94474819395617
8.82943143812709 0.94595509655903
8.8628762541806 0.947137111109787
8.89632107023411 0.948294686897383
8.92976588628762 0.949428267887632
8.96321070234114 0.950538292656998
8.99665551839465 0.95162519433407
9.03010033444816 0.952689400548417
9.06354515050167 0.9537313333865
9.09698996655518 0.954751409354348
9.1304347826087 0.955750039346683
9.16387959866221 0.95672762862222
9.19732441471572 0.957684576784842
9.23076923076923 0.958621277770378
9.26421404682274 0.959538119838716
9.29765886287625 0.960435485570985
9.33110367892977 0.961313751871551
9.36454849498328 0.962173289974582
9.39799331103679 0.963014465454938
9.4314381270903 0.963837638243154
9.46488294314381 0.964643162644295
9.49832775919732 0.965431387360458
9.53177257525084 0.966202655516718
9.56521739130435 0.966957304690301
9.59866220735786 0.967695666942813
9.63210702341137 0.9684180688553
9.66555183946488 0.969124831565992
9.69899665551839 0.96981627081053
9.73244147157191 0.970492696964522
9.76588628762542 0.971154415088254
9.79933110367893 0.971801724973408
9.83277591973244 0.97243492119164
9.86622073578595 0.973054293144859
9.89966555183946 0.973660125117088
9.93311036789298 0.974252696327762
9.96655518394649 0.97483228098634
10 0.975399148348117
