0 0.0392007095618383
0.204081632653061 0.0449338456365458
0.408163265306122 0.0514605486973607
0.612244897959184 0.0588768223863934
0.816326530612245 0.0672860805929806
1.02040816326531 0.0767984048138282
1.22448979591837 0.0875293010048829
1.42857142857143 0.0995978443116163
1.63265306122449 0.113124102035535
1.83673469387755 0.128225739965
2.04081632653061 0.145013749661265
2.24489795918367 0.16358728914289
2.44897959183673 0.184027709981974
2.6530612244898 0.206391950429372
2.85714285714286 0.230705602176106
3.06122448979592 0.256956096300016
3.26530612244898 0.285086582634488
3.46938775510204 0.314991170026748
3.6734693877551 0.346512222892778
3.87755102040816 0.379440344912731
4.08163265306122 0.413517507434022
4.28571428571429 0.448443501361725
4.48979591836735 0.483885534945627
4.69387755102041 0.51949041764722
4.89795918367347 0.554898428943389
5.10204081632653 0.589757736922159
5.30612244897959 0.623738153326066
5.51020408163265 0.656543105968319
5.71428571428571 0.687918956120839
5.91836734693878 0.71766113667202
6.12244897959184 0.745616969354582
6.3265306122449 0.771685370240859
6.53061224489796 0.795813922273069
6.73469387755102 0.817993956334949
6.93877551020408 0.838254337220556
7.14285714285714 0.856654615452674
7.3469387755102 0.873278108045566
7.55102040816327 0.888225340709181
7.75510204081633 0.901608146292657
7.95918367346939 0.91354458793097
8.16326530612245 0.924154771118526
8.36734693877551 0.933557530878526
8.57142857142857 0.941867927644721
8.77551020408163 0.949195454900243
8.97959183673469 0.955642848268681
9.18367346938776 0.961305384756489
9.38775510204082 0.966270567886026
9.59183673469388 0.970618106067427
9.79591836734694 0.974420105168768
10 0.977741410104323
