0 0.0147729747611075
0.0334448160535117 0.0151735495201024
0.0668896321070234 0.0155848141977718
0.100334448160535 0.0160070446360388
0.133779264214047 0.0164405232769533
0.167224080267559 0.0168855392919578
0.20066889632107 0.0173423887120338
0.234113712374582 0.017811374558625
0.267558528428094 0.0182928069752214
0.301003344481605 0.0187870033594842
0.334448160535117 0.0192942884957774
0.367892976588629 0.0198149946879658
0.40133779264214 0.0203494618923252
0.434782608695652 0.0208980378504037
0.468227424749164 0.0214610782216589
0.501672240802676 0.0220389467156839
0.535117056856187 0.0226320152238252
0.568561872909699 0.0232406639499794
0.602006688963211 0.0238652815403448
0.635451505016722 0.0245062652118889
0.668896321070234 0.0251640208792776
0.702341137123746 0.0258389632799985
0.735785953177257 0.0265315160973932
0.769230769230769 0.0272421120812985
0.802675585284281 0.0279711931659792
0.836120401337793 0.0287192105850165
0.869565217391304 0.0294866249828003
0.903010033444816 0.0302739065222533
0.936454849498328 0.0310815349883953
0.969899665551839 0.0319099998873378
1.00334448160535 0.0327598005402781
1.03678929765886 0.0336314461720394
1.07023411371237 0.0345254559936851
1.10367892976589 0.03544235927871
1.1371237458194 0.0363826954322928
1.17056856187291 0.0373470140530659
1.20401337792642 0.0383358749868405
1.23745819397993 0.039349848371698
1.27090301003344 0.0403895146738355
1.30434782608696 0.0414554647135276
1.33779264214047 0.0425482996805459
1.37123745819398 0.0436686311383458
1.40468227424749 0.0448170810163137
1.438127090301 0.0459942815893344
1.47157190635451 0.0472008754439208
1.50501672240803 0.0484375154301167
1.53846153846154 0.0497048645983649
1.57190635451505 0.0510035961205034
1.60535117056856 0.0523343931940327
1.63879598662207 0.0536979489287711
1.67224080267559 0.0550949662149945
1.7056856187291 0.0565261575721353
1.73913043478261 0.0579922449770928
1.77257525083612 0.0594939596711911
1.80602006688963 0.0610320419448007
1.83946488294314 0.0626072408986234
1.87290969899666 0.0642203141806288
1.90635451505017 0.0658720276976134
1.93979933110368 0.0675631553003481
1.97324414715719 0.069294478441269
2.0066889632107 0.0710667858036626
2.04013377926421 0.0728808729012962
2.07357859531773 0.0747375416474421
2.10702341137124 0.0766375998922531
2.14046822742475 0.0785818609274544
2.17391304347826 0.0805711429573287
2.20735785953177 0.0826062685349914
2.24080267558528 0.0846880639629733
2.2742474916388 0.086817358657158
2.30769230769231 0.0889949844731512
2.34113712374582 0.0912217749942016
2.37458193979933 0.0934985647798356
2.40802675585284 0.0958261885744207
2.44147157190635 0.098205480474931
2.47491638795987 0.100637273057253
2.50836120401338 0.103122396460446
2.54180602006689 0.105661677428441
2.5752508361204 0.108255938308774
2.60869565217391 0.110905996008021
2.64214046822742 0.113612660903716
2.67558528428094 0.116376735712663
2.70903010033445 0.119199014315657
2.74247491638796 0.12208028053876
2.77591973244147 0.125021306891449
2.80936454849498 0.128022853262057
2.84280936454849 0.131085665571137
2.87625418060201 0.134210474383511
2.90969899665552 0.137397993479968
2.94314381270903 0.140648918389746
2.97658862876254 0.143963924885148
3.01003344481605 0.147343667439822
3.04347826086956 0.150788777652477
3.07692307692308 0.154299862638002
3.11036789297659 0.157877503388196
3.1438127090301 0.161522253104545
3.17725752508361 0.165234635505734
3.21070234113712 0.169015143112795
3.24414715719064 0.172864235515084
3.27759197324415 0.176782337620493
3.31103678929766 0.180769837893563
3.34448160535117 0.184827086585442
3.37792642140468 0.188954393959843
3.41137123745819 0.193152028519433
3.44481605351171 0.197420215237321
3.47826086956522 0.201759133798553
3.51170568561873 0.206168916856734
3.54515050167224 0.210649648311166
3.57859531772575 0.215201361610026
3.61204013377926 0.21982403808539
3.64548494983278 0.224517605326019
3.67892976588629 0.229281935594022
3.7123745819398 0.234116844291658
3.74581939799331 0.239022088484634
3.77926421404682 0.243997365488387
3.81270903010033 0.249042311523893
3.84615384615385 0.254156500449587
3.87959866220736 0.259339442576017
3.91304347826087 0.264590583569809
3.94648829431438 0.269909303453499
3.97993311036789 0.275294915707685
4.0133779264214 0.280746666481859
4.04682274247492 0.286263733920075
4.08026755852843 0.291845227607475
4.11371237458194 0.297490188143425
4.14715719063545 0.303197586846736
4.18060200668896 0.308966325598166
4.21404682274247 0.314795236825015
4.24749163879599 0.320683083632256
4.2809364548495 0.326628560084204
4.31438127090301 0.33263029164028
4.34782608695652 0.338686835747892
4.38127090301003 0.344796682594954
4.41471571906354 0.350958256023993
4.44816053511706 0.357169914609161
4.48160535117057 0.363429952896909
4.51505016722408 0.369736602810379
4.54849498327759 0.37608803521693
4.5819397993311 0.382482361657533
4.61538461538461 0.388917636236069
4.64882943143813 0.395391857665857
4.68227424749164 0.401902971470051
4.71571906354515 0.40844887233181
4.74916387959866 0.415027406589485
4.78260869565217 0.421636374871336
4.81605351170569 0.428273534863649
4.8494983277592 0.434936604205461
4.88294314381271 0.441623263502453
4.91638795986622 0.448331159452009
4.94983277591973 0.455057908070832
4.98327759197324 0.46180109801602
5.01672240802676 0.468558293989988
5.05016722408027 0.475327040219197
5.08361204013378 0.482104863996283
5.11705685618729 0.488889279274794
5.1505016722408 0.495677790305515
5.18394648829431 0.502467895303112
5.21739130434783 0.509257090131666
5.25083612040134 0.516042871997562
5.28428093645485 0.522822743138184
5.31772575250836 0.529594214494853
5.35117056856187 0.53635480935856
5.38461538461538 0.543102066977166
5.4180602006689 0.549833546112982
5.45150501672241 0.556546828539857
5.48494983277592 0.563239522469277
5.51839464882943 0.569909265895306
5.55183946488294 0.576553729848656
5.58528428093645 0.583170621550624
5.61872909698997 0.589757687458172
5.65217391304348 0.596312716191954
5.68561872909699 0.602833541339714
5.7190635451505 0.60931804412807
5.75250836120401 0.615764155956377
5.78595317725753 0.622169860787009
5.81939799331104 0.628533197387086
5.85284280936455 0.634852261417395
5.88628762541806 0.641125207364919
5.91973244147157 0.647350250316123
5.95317725752508 0.653525667568844
5.9866220735786 0.659649800081323
6.02006688963211 0.665721053757606
6.05351170568562 0.671737900569211
6.08695652173913 0.677698879513613
6.12040133779264 0.683602597410726
6.15384615384615 0.689447729539156
6.18729096989967 0.695233020114591
6.22073578595318 0.700957282613223
6.25418060200669 0.706619399943612
6.2876254180602 0.712218324470878
6.32107023411371 0.717753077897542
6.35451505016722 0.723222751005741
6.38795986622074 0.728626503265904
6.42140468227425 0.733963562317291
6.45484949832776 0.739233223326085
6.48829431438127 0.744434848226978
6.52173913043478 0.749567864854378
6.55518394648829 0.754631765969546
6.58862876254181 0.759626108190103
6.62207357859532 0.764550510828413
6.65551839464883 0.769404654645446
6.68896321070234 0.774188280526718
6.72240802675585 0.778901188086903
6.75585284280936 0.783543234209695
6.78929765886288 0.788114331529393
6.82274247491639 0.792614446860633
6.8561872909699 0.79704359958255
6.88963210702341 0.801401859983506
6.92307692307692 0.805689347572398
6.95652173913043 0.809906229362337
6.98996655518395 0.814052718132335
7.02341137123746 0.818129070672413
7.05685618729097 0.822135586017324
7.09030100334448 0.82607260367386
7.12374581939799 0.829940501846484
7.1571906354515 0.833739695665761
7.19063545150502 0.837470635423851
7.22408026755853 0.841133804821042
7.25752508361204 0.844729719227067
7.29096989966555 0.848258923960695
7.32441471571906 0.851721992590834
7.35785953177257 0.855119525262131
7.39130434782609 0.858452147047818
7.4247491638796 0.861720506332302
7.45819397993311 0.864925273225774
7.49163879598662 0.868067138012866
7.52508361204013 0.871146809637178
7.55852842809364 0.874165014223285
7.59197324414716 0.877122493637598
7.62541806020067 0.88002000408929
7.65886287625418 0.882858314772294
7.69230769230769 0.88563820654919
7.7257525083612 0.88836047067763
7.75919732441471 0.891025907579808
7.79264214046823 0.893635325655291
7.82608695652174 0.896189540137421
7.85953177257525 0.898689371993326
7.89297658862876 0.901135646867493
7.92642140468227 0.903529194068697
7.95986622073579 0.905870845600009
7.9933110367893 0.90816143523148
8.02675585284281 0.910401797615016
8.06020066889632 0.912592767440884
8.09364548494983 0.914735178635206
8.12709030100334 0.916829863597724
8.16053511705686 0.918877652479072
8.19397993311037 0.920879372496735
8.22742474916388 0.922835847288809
8.26086956521739 0.924747896304678
8.2943143812709 0.926616334231629
8.32775919732441 0.928441970456468
8.36120401337793 0.930225608561094
8.39464882943144 0.931968045851063
8.42809364548495 0.933670072916064
8.46153846153846 0.9353324732213
8.49498327759197 0.936956022728703
8.52842809364548 0.938541489546946
8.561872909699 0.940089633609195
8.59531772575251 0.941601206377558
8.62876254180602 0.943076950573195
8.66220735785953 0.944517599931054
8.69565217391304 0.945923878978218
8.72909698996656 0.94729650283486
8.76254180602007 0.948636177036826
8.79598662207358 0.94994359737885
8.82943143812709 0.951219449777486
8.8628762541806 0.952464410152791
8.89632107023411 0.953679144327878
8.92976588628762 0.954864307945422
8.96321070234114 0.956020546400283
8.99665551839465 0.957148494787382
9.03010033444816 0.958248777864025
9.06354515050167 0.959322010025877
9.09698996655518 0.960368795295821
9.1304347826087 0.961389727324955
9.16387959866221 0.962385389405013
9.19732441471572 0.963356354491516
9.23076923076923 0.964303185236981
9.26421404682274 0.965226434033548
9.29765886287625 0.966126643064411
9.33110367892977 0.967004344363442
9.36454849498328 0.967860059882458
9.39799331103679 0.968694301565573
9.4314381270903 0.969507571430099
9.46488294314381 0.970300361653525
9.49832775919732 0.971073154666062
9.53177257525084 0.971826423248319
9.56521739130435 0.972560630633657
9.59866220735786 0.973276230614819
9.63210702341137 0.973973667654433
9.66555183946488 0.974653376999005
9.69899665551839 0.975315784796054
9.73244147157191 0.975961308214052
9.76588628762542 0.976590355564827
9.79933110367893 0.977203326428145
9.83277591973244 0.977800611778177
9.86622073578595 0.978382594111572
9.89966555183946 0.978949647576876
9.93311036789298 0.979502138105074
9.96655518394649 0.980040423541
10 0.980564853775419
