0 0.0908471265416874
0.005005005005005 0.0911952431719859
0.01001001001001 0.0915445594306605
0.015015015015015 0.0918950784213302
0.02002002002002 0.0922468032476573
0.025025025025025 0.0925997370132739
0.03003003003003 0.0929538828217084
0.035035035035035 0.0933092437763108
0.04004004004004 0.0936658229801784
0.045045045045045 0.0940236235360793
0.05005005005005 0.0943826485463774
0.0550550550550551 0.0947429011129552
0.0600600600600601 0.0951043843371366
0.0650650650650651 0.0954671013196094
0.0700700700700701 0.0958310551603466
0.0750750750750751 0.0961962489585277
0.0800800800800801 0.0965626858124591
0.0850850850850851 0.0969303688194939
0.0900900900900901 0.0972993010759516
0.0950950950950951 0.0976694856770361
0.1001001001001 0.0980409257167546
0.105105105105105 0.0984136242878349
0.11011011011011 0.0987875844816421
0.115115115115115 0.0991628093880954
0.12012012012012 0.0995393020955836
0.125125125125125 0.0999170656908805
0.13013013013013 0.100296103259059
0.135135135135135 0.100676417883407
0.14014014014014 0.101058012645338
0.145145145145145 0.101440890624305
0.15015015015015 0.101825054897714
0.155155155155155 0.102210508540835
0.16016016016016 0.102597254626711
0.165165165165165 0.102985296226074
0.17017017017017 0.103374636407246
0.175175175175175 0.103765278236057
0.18018018018018 0.10415722477575
0.185185185185185 0.104550479086886
0.19019019019019 0.104945044227259
0.195195195195195 0.105340923251794
0.2002002002002 0.105738119212461
0.205205205205205 0.106136635158175
0.21021021021021 0.106536474134705
0.215215215215215 0.106937639184577
0.22022022022022 0.107340133346976
0.225225225225225 0.107743959657652
0.23023023023023 0.108149121148823
0.235235235235235 0.108555620849073
0.24024024024024 0.108963461783259
0.245245245245245 0.109372646972405
0.25025025025025 0.109783179433611
0.255255255255255 0.110195062179944
0.26026026026026 0.110608298220343
0.265265265265265 0.111022890559514
0.27027027027027 0.111438842197831
0.275275275275275 0.11185615613123
0.28028028028028 0.112274835351106
0.285285285285285 0.112694882844212
0.29029029029029 0.113116301592552
0.295295295295295 0.113539094573276
0.3003003003003 0.113963264758573
0.305305305305305 0.114388815115568
0.31031031031031 0.114815748606212
0.315315315315315 0.115244068187177
0.32032032032032 0.115673776809745
0.325325325325325 0.1161048774197
0.33033033033033 0.116537372957221
0.335335335335335 0.116971266356767
0.34034034034034 0.117406560546973
0.345345345345345 0.117843258450534
0.35035035035035 0.118281362984094
0.355355355355355 0.118720877058135
0.36036036036036 0.119161803576863
0.365365365365365 0.119604145438094
0.37037037037037 0.120047905533142
0.375375375375375 0.120493086746703
0.38038038038038 0.120939691956737
0.385385385385385 0.121387724034356
0.39039039039039 0.121837185843708
0.395395395395395 0.122288080241856
0.4004004004004 0.122740410078661
0.405405405405405 0.123194178196668
0.41041041041041 0.123649387430983
0.415415415415415 0.124106040609154
0.42042042042042 0.124564140551053
0.425425425425425 0.125023690068753
0.43043043043043 0.12548469196641
0.435435435435435 0.125947149040138
0.44044044044044 0.126411064077888
0.445445445445445 0.126876439859325
0.45045045045045 0.127343279155706
0.455455455455455 0.127811584729755
0.46046046046046 0.128281359335535
0.465465465465465 0.128752605718331
0.47047047047047 0.129225326614516
0.475475475475475 0.129699524751428
0.48048048048048 0.130175202847246
0.485485485485485 0.130652363610858
0.49049049049049 0.131131009741736
0.495495495495495 0.131611143929806
0.500500500500501 0.132092768855321
0.505505505505506 0.132575887188729
0.510510510510511 0.133060501590544
0.515515515515516 0.133546614711217
0.520520520520521 0.134034229191002
0.525525525525526 0.134523347659827
0.530530530530531 0.135013972737158
0.535535535535536 0.135506107031873
0.540540540540541 0.13599975314212
0.545545545545546 0.136494913655191
0.550550550550551 0.136991591147384
0.555555555555556 0.137489788183867
0.560560560560561 0.137989507318546
0.565565565565566 0.138490751093927
0.570570570570571 0.138993522040981
0.575575575575576 0.139497822679005
0.580580580580581 0.140003655515488
0.585585585585586 0.140511023045971
0.590590590590591 0.141019927753907
0.595595595595596 0.141530372110528
0.600600600600601 0.142042358574699
0.605605605605606 0.142555889592782
0.610610610610611 0.143070967598497
0.615615615615616 0.143587595012777
0.620620620620621 0.144105774243632
0.625625625625626 0.144625507686002
0.630630630630631 0.14514679772162
0.635635635635636 0.145669646718866
0.640640640640641 0.146194057032627
0.645645645645646 0.14672003100415
0.650650650650651 0.147247570960901
0.655655655655656 0.14777667921642
0.660660660660661 0.148307358070177
0.665665665665666 0.148839609807424
0.670670670670671 0.149373436699056
0.675675675675676 0.149908841001455
0.680680680680681 0.150445824956354
0.685685685685686 0.150984390790684
0.690690690690691 0.151524540716429
0.695695695695696 0.152066276930477
0.700700700700701 0.152609601614474
0.705705705705706 0.153154516934676
0.710710710710711 0.153701025041798
0.715715715715716 0.154249128070867
0.720720720720721 0.154798828141069
0.725725725725726 0.155350127355608
0.730730730730731 0.155903027801544
0.735735735735736 0.156457531549652
0.740740740740741 0.157013640654267
0.745745745745746 0.157571357153134
0.750750750750751 0.158130683067257
0.755755755755756 0.158691620400744
0.760760760760761 0.15925417114066
0.765765765765766 0.159818337256872
0.770770770770771 0.160384120701895
0.775775775775776 0.160951523410742
0.780780780780781 0.161520547300769
0.785785785785786 0.16209119427152
0.790790790790791 0.162663466204577
0.795795795795796 0.163237364963403
0.800800800800801 0.163812892393189
0.805805805805806 0.164390050320699
0.810810810810811 0.164968840554115
0.815815815815816 0.16554926488288
0.820820820820821 0.166131325077549
0.825825825825826 0.166715022889626
0.830830830830831 0.167300360051412
0.835835835835836 0.16788733827585
0.840840840840841 0.168475959256367
0.845845845845846 0.169066224666716
0.850850850850851 0.169658136160825
0.855855855855856 0.170251695372635
0.860860860860861 0.170846903915946
0.865865865865866 0.171443763384258
0.870870870870871 0.172042275350615
0.875875875875876 0.17264244136745
0.880880880880881 0.173244262966422
0.885885885885886 0.173847741658264
0.890890890890891 0.174452878932622
0.895895895895896 0.175059676257898
0.900900900900901 0.175668135081093
0.905905905905906 0.176278256827649
0.910910910910911 0.176890042901287
0.915915915915916 0.177503494683856
0.920920920920921 0.178118613535168
0.925925925925926 0.178735400792846
0.930930930930931 0.179353857772159
0.935935935935936 0.179973985765869
0.940940940940941 0.18059578604407
0.945945945945946 0.181219259854031
0.950950950950951 0.181844408420037
0.955955955955956 0.182471232943229
0.960960960960961 0.183099734601448
0.965965965965966 0.183729914549079
0.970970970970971 0.184361773916884
0.975975975975976 0.184995313811853
0.980980980980981 0.185630535317042
0.985985985985986 0.186267439491413
0.990990990990991 0.18690602736968
0.995995995995996 0.187546299962148
1.001001001001 0.188188258254554
1.00600600600601 0.188831903207915
1.01101101101101 0.189477235758362
1.01601601601602 0.190124256816992
1.02102102102102 0.190772967269701
1.02602602602603 0.191423367977033
1.03103103103103 0.192165264893625
1.03603603603604 0.193075966285079
1.04104104104104 0.19398994721826
1.04604604604605 0.194907209684356
1.05105105105105 0.195827755575945
1.05605605605606 0.196751586686182
1.06106106106106 0.197678704707983
1.06606606606607 0.19860911123322
1.07107107107107 0.199542807751908
1.07607607607608 0.200479795651401
1.08108108108108 0.201420076215584
1.08608608608609 0.202363650624077
1.09109109109109 0.203310519951428
1.0960960960961 0.204260685166322
1.1011011011011 0.205214147130784
1.10610610610611 0.206170906599387
1.11111111111111 0.207130964218466
1.11611611611612 0.208094320525329
1.12112112112112 0.209060975947477
1.12612612612613 0.210030930801825
1.13113113113113 0.211004185293925
1.13613613613614 0.211980739517194
1.14114114114114 0.21296059345215
1.14614614614615 0.21394374696564
1.15115115115115 0.214930199810086
1.15615615615616 0.215919951622725
1.16116116116116 0.216913001924861
1.16616616616617 0.21790935012111
1.17117117117117 0.218908995498664
1.17617617617618 0.219911937226549
1.18118118118118 0.220918174354892
1.18618618618619 0.22192770581419
1.19119119119119 0.222940530414589
1.1961961961962 0.223956646845164
1.2012012012012 0.224976053673204
1.20620620620621 0.225998749343509
1.21121121121121 0.227024732177681
1.21621621621622 0.228054000373432
1.22122122122122 0.229086552003892
1.22622622622623 0.230122385016924
1.23123123123123 0.231161497234445
1.23623623623624 0.232203886351756
1.24124124124124 0.233249549936872
1.24624624624625 0.234298485429867
1.25125125125125 0.235350690142219
1.25625625625626 0.236406161256166
1.26126126126126 0.237464895824066
1.26626626626627 0.238526890767764
1.27127127127127 0.239592142877973
1.27627627627628 0.24066064881365
1.28128128128128 0.241732405101393
1.28628628628629 0.242807408134838
1.29129129129129 0.243885654174061
1.2962962962963 0.244967139345
1.3013013013013 0.246051859638871
1.30630630630631 0.247139810911602
1.31131131131131 0.24823098888327
1.31631631631632 0.249325389137552
1.32132132132132 0.25042300712118
1.32632632632633 0.251523838143407
1.33133133133133 0.252627877375478
1.33633633633634 0.253735119850119
1.34134134134134 0.254845560461026
1.34634634634635 0.25595919396237
1.35135135135135 0.257076014968306
1.35635635635636 0.258196017952498
1.36136136136136 0.259319197247646
1.36636636636637 0.260445547045034
1.37137137137137 0.261575061394073
1.37637637637638 0.262707734201871
1.38138138138138 0.263843559232802
1.38638638638639 0.264982530108087
1.39139139139139 0.266124640305391
1.3963963963964 0.267269883158425
1.4014014014014 0.268418251856562
1.40640640640641 0.269569739444464
1.41141141141141 0.27072433882172
1.41641641641642 0.271882042742493
1.42142142142142 0.273042843815182
1.42642642642643 0.274206734502095
1.43143143143143 0.275373707119132
1.43643643643644 0.276543753835481
1.44144144144144 0.277716866673324
1.44644644644645 0.278893037507562
1.45145145145145 0.280072258065541
1.45645645645646 0.281254519926802
1.46146146146146 0.282439814522835
1.46646646646647 0.283628133136851
1.47147147147147 0.284819466903562
1.47647647647648 0.28601380680898
1.48148148148148 0.287211143690222
1.48648648648649 0.288411468235337
1.49149149149149 0.289614770983133
1.4964964964965 0.290821042323034
1.5015015015015 0.292030272494934
1.50650650650651 0.293242451589078
1.51151151151151 0.294457569545949
1.51651651651652 0.295675616156172
1.52152152152152 0.296896581060429
1.52652652652653 0.29812045374939
1.53153153153153 0.29934722356366
1.53653653653654 0.300576879693738
1.54154154154154 0.301809411179987
1.54654654654655 0.303044806912626
1.55155155155155 0.304283055631732
1.55655655655656 0.305524145927256
1.56156156156156 0.306768066239054
1.56656656656657 0.308014804856936
1.57157157157157 0.309264349920727
1.57657657657658 0.31051668942034
1.58158158158158 0.311771811195874
1.58658658658659 0.313029702937717
1.59159159159159 0.314290352186666
1.5965965965966 0.315553746334069
1.6016016016016 0.316819872621975
1.60660660660661 0.318088718143302
1.61161161161161 0.319360269842022
1.61661661661662 0.32063451451336
1.62162162162162 0.321911438804006
1.62662662662663 0.323191029212351
1.63163163163163 0.32447327208873
1.63663663663664 0.325758153635685
1.64164164164164 0.327045659908243
1.64664664664665 0.328335776814211
1.65165165165165 0.329628490114486
1.65665665665666 0.330923785423379
1.66166166166166 0.332221648208963
1.66666666666667 0.333522063793424
1.67167167167167 0.334825017353444
1.67667667667668 0.336130493920584
1.68168168168168 0.337438478381696
1.68668668668669 0.338748955479347
1.69169169169169 0.340061909812256
1.6966966966967 0.341377325835751
1.7017017017017 0.342695187862244
1.70670670670671 0.344015480061717
1.71171171171171 0.345338186462228
1.71671671671672 0.346663290950436
1.72172172172172 0.347990777272133
1.72672672672673 0.349320629032806
1.73173173173173 0.350652829698203
1.73673673673674 0.351987362594924
1.74174174174174 0.35332421091102
1.74674674674675 0.354663357696621
1.75175175175175 0.356004785864569
1.75675675675676 0.35734847819107
1.76176176176176 0.358694417316366
1.76676676676677 0.360042585745423
1.77177177177177 0.361392965848629
1.77677677677678 0.362745539862519
1.78178178178178 0.364100289890507
1.78678678678679 0.365457197903636
1.79179179179179 0.36681624574135
1.7967967967968 0.368177415112279
1.8018018018018 0.369540687595033
1.80680680680681 0.370906044639027
1.81181181181181 0.372273467565309
1.81681681681682 0.373642937567409
1.82182182182182 0.375014435712207
1.82682682682683 0.376387942940809
1.83183183183183 0.37776344006945
1.83683683683684 0.379140907790404
1.84184184184184 0.38052032667291
1.84684684684685 0.38190167716412
1.85185185185185 0.383284939590057
1.85685685685686 0.384670094156592
1.86186186186186 0.386057120950435
1.86686686686687 0.387445999940137
1.87187187187187 0.38883671097712
1.87687687687688 0.390229233796706
1.88188188188188 0.391623548019174
1.88688688688689 0.393019633150828
1.89189189189189 0.394417468585074
1.8968968968969 0.395817033603522
1.9019019019019 0.397218307377096
1.90690690690691 0.398621268967161
1.91191191191191 0.400025897326664
1.91691691691692 0.401432171301289
1.92192192192192 0.402840069630628
1.92692692692693 0.404249570949363
1.93193193193193 0.405660653788467
1.93693693693694 0.407073296576414
1.94194194194194 0.408487477640404
1.94694694694695 0.409903175207606
1.95195195195195 0.411320367406408
1.95695695695696 0.412739032267684
1.96196196196196 0.414159147726076
1.96696696696697 0.415580691621282
1.97197197197197 0.41700364169937
1.97697697697698 0.418427975614088
1.98198198198198 0.419853670928199
1.98698698698699 0.421280705114829
1.99199199199199 0.422709055558816
1.996996996997 0.424138699558082
2.002002002002 0.425569614325015
2.00700700700701 0.427001776987858
2.01201201201201 0.428435164592116
2.01701701701702 0.429869754101968
2.02202202202202 0.431305522401699
2.02702702702703 0.432742446297133
2.03203203203203 0.434180502517086
2.03703703703704 0.43561966771482
2.04204204204204 0.437059918469521
2.04704704704705 0.438501231287775
2.05205205205205 0.43994358260506
2.05705705705706 0.441386948787246
2.06206206206206 0.442831306132109
2.06706706706707 0.444276630870848
2.07207207207207 0.445722899169618
2.07707707707708 0.447170087131066
2.08208208208208 0.448618170795883
2.08708708708709 0.450067126144356
2.09209209209209 0.45151692909794
2.0970970970971 0.452967555520826
2.1021021021021 0.454418981221527
2.10710710710711 0.455871181954466
2.11211211211211 0.457324133421577
2.11711711711712 0.458777811273905
2.12212212212212 0.460232191113223
2.12712712712713 0.461687248493653
2.13213213213213 0.463142958923288
2.13713713713714 0.464599297865828
2.14214214214214 0.466056240742219
2.14714714714715 0.4675137629323
2.15215215215215 0.468971839776453
2.15715715715716 0.47043044657726
2.16216216216216 0.471889558601171
2.16716716716717 0.473349151080164
2.17217217217217 0.474809199213425
2.17717717717718 0.476269678169021
2.18218218218218 0.477730563085587
2.18718718718719 0.479191829074008
2.19219219219219 0.480653451219114
2.1971971971972 0.482115404581369
2.2022022022022 0.483577664198577
2.20720720720721 0.485040205087573
2.21221221221221 0.486503002245938
2.21721721721722 0.487966030653698
2.22222222222222 0.489429265275037
2.22722722722723 0.490892681060008
2.23223223223223 0.492356252946251
2.23723723723724 0.4938199558607
2.24224224224224 0.495283764721311
2.24724724724725 0.496747654438773
2.25225225225225 0.498211599918231
2.25725725725726 0.499675576061005
2.26226226226226 0.501139557766314
2.26726726726727 0.502603519932994
2.27227227227227 0.50406743746122
2.27727727727728 0.505531285254232
2.28228228228228 0.506995038220048
2.28728728728729 0.508458671273191
2.29229229229229 0.509922159336405
2.2972972972973 0.511385477342372
2.3023023023023 0.512848600235432
2.30730730730731 0.514311502973295
2.31231231231231 0.515774160528755
2.31731731731732 0.517236547891401
2.32232232232232 0.518698640069325
2.32732732732733 0.520160412090827
2.33233233233233 0.521621839006117
2.33733733733734 0.523082895889017
2.34234234234234 0.524543557838657
2.34734734734735 0.526003799981163
2.35235235235235 0.52746359747135
2.35735735735736 0.528922925494404
2.36236236236236 0.530381759267565
2.36736736736737 0.531840074041796
2.37237237237237 0.53329784510346
2.37737737737738 0.534755047775982
2.38238238238238 0.536211657421509
2.38738738738739 0.537667649442564
2.39239239239239 0.539122999283695
2.3973973973974 0.54057768243312
2.4024024024024 0.542031674424358
2.40740740740741 0.543484950837862
2.41241241241241 0.54493748730264
2.41741741741742 0.546389259497874
2.42242242242242 0.547840243154526
2.42742742742743 0.549290414056938
2.43243243243243 0.550739748044429
2.43743743743744 0.55218822101288
2.44244244244244 0.553635808916309
2.44744744744745 0.555082487768443
2.45245245245245 0.556528233644278
2.45745745745746 0.557973022681632
2.46246246246246 0.559416831082686
2.46746746746747 0.56085963511552
2.47247247247247 0.562301411115639
2.47747747747748 0.563742135487482
2.48248248248248 0.565181784705938
2.48748748748749 0.566620335317829
2.49249249249249 0.568057763943407
2.4974974974975 0.56949404727782
2.5025025025025 0.570929162092583
2.50750750750751 0.572363085237027
2.51251251251251 0.573795793639745
2.51751751751752 0.575227264310023
2.52252252252252 0.57665747433926
2.52752752752753 0.578086400902377
2.53253253253253 0.579514021259217
2.53753753753754 0.580940312755926
2.54254254254254 0.582365252826331
2.54754754754755 0.583788818993302
2.55255255255255 0.585210988870097
2.55755755755756 0.586631740161703
2.56256256256256 0.588051050666159
2.56756756756757 0.589468898275866
2.57257257257257 0.590885260978889
2.57757757757758 0.592300116860241
2.58258258258258 0.593713444103154
2.58758758758759 0.59512522099034
2.59259259259259 0.596535425905236
2.5975975975976 0.597944037333237
2.6026026026026 0.59935103386291
2.60760760760761 0.600756394187204
2.61261261261261 0.602160097104637
2.61761761761762 0.603562121520473
2.62262262262262 0.604962446447884
2.62762762762763 0.606361051009096
2.63263263263263 0.607757914436525
2.63763763763764 0.609153016073891
2.64264264264264 0.610546335377328
2.64764764764765 0.611937851916467
2.65265265265265 0.61332754537551
2.65765765765766 0.614715395554296
2.66266266266266 0.616101382369335
2.66766766766767 0.617485485854845
2.67267267267267 0.618867686163759
2.67767767767768 0.620247963568726
2.68268268268268 0.621626298463095
2.68768768768769 0.623002671361877
2.69269269269269 0.624377062902702
2.6976976976977 0.625749453846748
2.7027027027027 0.627119825079667
2.70770770770771 0.628488157612487
2.71271271271271 0.629854432582496
2.71771771771772 0.631218631254121
2.72272272272272 0.632580735019779
2.72772772772773 0.633940725400719
2.73273273273273 0.635298584047845
2.73773773773774 0.636654292742524
2.74274274274274 0.638007833397381
2.74774774774775 0.639359188057066
2.75275275275275 0.640708338899023
2.75775775775776 0.642055268234226
2.76276276276276 0.643399958507906
2.76776776776777 0.644742392300265
2.77277277277277 0.646082552327166
2.77777777777778 0.64742042144081
2.78278278278278 0.648755982630401
2.78778778778779 0.650089219022784
2.79279279279279 0.651420113883079
2.7977977977978 0.652748650615289
2.8028028028028 0.654074812762894
2.80780780780781 0.655398584009436
2.81281281281281 0.65671994817907
2.81781781781782 0.658038889237122
2.82282282282282 0.659355391290607
2.82782782782783 0.660669438588752
2.83283283283283 0.661981015523482
2.83783783783784 0.663290106629908
2.84284284284284 0.664596696586787
2.84784784784785 0.66590077021697
2.85285285285285 0.66720231248783
2.85785785785786 0.668501308511682
2.86286286286286 0.669797743546176
2.86786786786787 0.671091602994682
2.87287287287287 0.672382872406653
2.87787787787788 0.673671537477978
2.88288288288288 0.674957584051313
2.88788788788789 0.676240998116398
2.89289289289289 0.677521765810362
2.8978978978979 0.678799873418001
2.9029029029029 0.680075307372057
2.90790790790791 0.681348054253463
2.91291291291291 0.682618100791584
2.91791791791792 0.683885433864443
2.92292292292292 0.685150040498918
2.92792792792793 0.686411907870942
2.93293293293293 0.687671023305672
2.93793793793794 0.688927374277651
2.94294294294294 0.690180948410951
2.94794794794795 0.691431733479303
2.95295295295295 0.69267971740621
2.95795795795796 0.693924888265045
2.96296296296296 0.695167234279134
2.96796796796797 0.696406743821827
2.97297297297297 0.697643405416545
2.97797797797798 0.698877207736825
2.98298298298298 0.700108139606342
2.98798798798799 0.701336189998914
2.99299299299299 0.702561348038501
2.997997997998 0.703783602999185
3.003003003003 0.705002944305131
3.00800800800801 0.706219361530544
3.01301301301301 0.707432844399601
3.01801801801802 0.708643382786378
3.02302302302302 0.709850966714758
3.02802802802803 0.711055586358324
3.03303303303303 0.712257232040243
3.03803803803804 0.713455894233133
3.04304304304304 0.714651563558919
3.04804804804805 0.71584423078867
3.05305305305305 0.71703388684243
3.05805805805806 0.718220522789029
3.06306306306306 0.719404129845891
3.06806806806807 0.720584699378814
3.07307307307307 0.72176222290175
3.07807807807808 0.722936692076569
3.08308308308308 0.724108098712806
3.08808808808809 0.725276434767402
3.09309309309309 0.726441692344425
3.0980980980981 0.727603863694789
3.1031031031031 0.72876294121595
3.10810810810811 0.729918917451598
3.11311311311311 0.731071785091335
3.11811811811812 0.732221536970339
3.12312312312312 0.733368166069017
3.12812812812813 0.734511665512651
3.13313313313313 0.735652028571028
3.13813813813814 0.736789248658059
3.14314314314314 0.73792331933139
3.14814814814815 0.739054234292
3.15315315315315 0.740181987383786
3.15815815815816 0.741306572593144
3.16316316316316 0.742427984048535
3.16816816816817 0.743546216020037
3.17317317317317 0.744661262918895
3.17817817817818 0.745773119297056
3.18318318318318 0.746881779846695
3.18818818818819 0.74798723939973
3.19319319319319 0.749089492927329
3.1981981981982 0.75018853553941
3.2032032032032 0.751284362484122
3.20820820820821 0.752376969147332
3.21321321321321 0.753466351052087
3.21821821821822 0.754552503858079
3.22322322322322 0.755635423361095
3.22822822822823 0.756715105492461
3.23323323323323 0.757791546318474
3.23823823823824 0.758864742039832
3.24324324324324 0.759934688991048
3.24824824824825 0.761001383639865
3.25325325325325 0.762064822586653
3.25825825825826 0.763125002563803
3.26326326326326 0.764181920435121
3.26826826826827 0.765235573195196
3.27327327327327 0.766285957968782
3.27827827827828 0.767333072010155
3.28328328328328 0.768376912702474
3.28828828828829 0.769417477557132
3.29329329329329 0.770454764213098
3.2982982982983 0.771488770436253
3.3033033033033 0.772519494118725
3.30830830830831 0.773546933278207
3.31331331331331 0.774571086057281
3.31831831831832 0.775591950722726
3.32332332332332 0.776609525664826
3.32832832832833 0.777623809396669
3.33333333333333 0.77863480055344
3.33833833833834 0.779642497891716
3.34334334334334 0.780646900288741
3.34834834834835 0.781648006741713
3.35335335335335 0.782645816367048
3.35835835835836 0.783640328399659
3.36336336336336 0.78463154219221
3.36836836836837 0.785619457214381
3.37337337337337 0.786604073052117
3.37837837837838 0.787585389406883
3.38338338338338 0.788563406094907
3.38838838838839 0.789538123046421
3.39339339339339 0.790509540304897
3.3983983983984 0.791477658026285
3.4034034034034 0.792442476478237
3.40840840840841 0.793403996039339
3.41341341341341 0.794362217198328
3.41841841841842 0.795317140553313
3.42342342342342 0.796268766810993
3.42842842842843 0.797217096785867
3.43343343343343 0.798162131399445
3.43843843843844 0.799103871679455
3.44344344344344 0.800042318759046
3.44844844844845 0.80097747387599
3.45345345345345 0.801909338371884
3.45845845845846 0.80283791369134
3.46346346346346 0.803763201381188
3.46846846846847 0.804685203089659
3.47347347347347 0.805603920565582
3.47847847847848 0.806519355657571
3.48348348348348 0.807431510313209
3.48848848848849 0.808340386578236
3.49349349349349 0.809245986595728
3.4984984984985 0.810148312605286
3.5035035035035 0.811047366942208
3.50850850850851 0.811943152036675
3.51351351351351 0.812835670412925
3.51851851851852 0.813724924688435
3.52352352352352 0.81461091757309
3.52852852852853 0.815493651868366
3.53353353353353 0.816373130466501
3.53853853853854 0.817249356349667
3.54354354354354 0.818122332589151
3.54854854854855 0.818992062344522
3.55355355355355 0.819858548862805
3.55855855855856 0.820721795477657
3.56356356356356 0.821581805608539
3.56856856856857 0.822438582759886
3.57357357357357 0.823292130520284
3.57857857857858 0.824142452561641
3.58358358358358 0.824989552638362
3.58858858858859 0.825833434586521
3.59359359359359 0.826674102323039
3.5985985985986 0.827511559844855
3.6036036036036 0.828345811228107
3.60860860860861 0.829176860627302
3.61361361361361 0.830004712274501
3.61861861861862 0.830829370478491
3.62362362362362 0.831650839623968
3.62862862862863 0.832469124170717
3.63363363363363 0.833284228652794
3.63863863863864 0.834096157677709
3.64364364364364 0.834904915925609
3.64864864864865 0.835710508148465
3.65365365365365 0.836512939169263
3.65865865865866 0.837312213881185
3.66366366366366 0.838108337246809
3.66866866866867 0.838901314297292
3.67367367367367 0.839691150131575
3.67867867867868 0.84047784991557
3.68368368368368 0.841261418881361
3.68868868868869 0.842041862326407
3.69369369369369 0.842819185612741
3.6986986986987 0.843593394166178
3.7037037037037 0.844364493475516
3.70870870870871 0.845132489091752
3.71371371371371 0.845897386627287
3.71871871871872 0.846659191755146
3.72372372372372 0.847417910208189
3.72872872872873 0.848173547778333
3.73373373373373 0.848926110315774
3.73873873873874 0.849675603728208
3.74374374374374 0.850422033980062
3.74874874874875 0.851165407091721
3.75375375375375 0.85190572913876
3.75875875875876 0.852643006251183
3.76376376376376 0.85337724461266
3.76876876876877 0.854108450459765
3.77377377377377 0.854836630081227
3.77877877877878 0.85556178981717
3.78378378378378 0.856283936058371
3.78878878878879 0.857003075245511
3.79379379379379 0.857719213868429
3.7987987987988 0.858432358465389
3.8038038038038 0.859142515622339
3.80880880880881 0.85984969197218
3.81381381381381 0.860553894194037
3.81881881881882 0.861255129012531
3.82382382382382 0.861953403197061
3.82882882882883 0.86264872356108
3.83383383383383 0.863341096961383
3.83883883883884 0.864030530297396
3.84384384384384 0.864717030510465
3.84884884884885 0.865400604583155
3.85385385385385 0.866081259538547
3.85885885885886 0.866759002439542
3.86386386386386 0.867433840388169
3.86886886886887 0.868105780524895
3.87387387387387 0.86877483002794
3.87887887887888 0.869440996112596
3.88388388388388 0.870104286030546
3.88888888888889 0.870764707069198
3.89389389389389 0.871422266551006
3.8988988988989 0.872076971832813
3.9039039039039 0.872728830305183
3.90890890890891 0.873377849391747
3.91391391391391 0.874024036548549
3.91891891891892 0.874667399263394
3.92392392392392 0.875307945055208
3.92892892892893 0.875945681473391
3.93393393393393 0.876580616097183
3.93893893893894 0.877212756535031
3.94394394394394 0.877842110423961
3.94894894894895 0.87846868542895
3.95395395395395 0.87909248924231
3.95895895895896 0.87971352958307
3.96396396396396 0.880331814196364
3.96896896896897 0.880947350852823
3.97397397397397 0.881560147347975
3.97897897897898 0.882170211501639
3.98398398398398 0.882777551157339
3.98898898898899 0.883382174181708
3.99399399399399 0.883984088463903
3.998998998999 0.884583301915023
4.004004004004 0.885179822467533
4.00900900900901 0.885773658074689
4.01401401401401 0.886364816709972
4.01901901901902 0.886953306366521
4.02402402402402 0.887539135056572
4.02902902902903 0.888122310810908
4.03403403403403 0.8887028416783
4.03903903903904 0.889280735724967
4.04404404404404 0.88985600103403
4.04904904904905 0.890428645704972
4.05405405405405 0.890998677853109
4.05905905905906 0.891566105609057
4.06406406406406 0.89213093711821
4.06906906906907 0.892693180540216
4.07407407407407 0.893252844048461
4.07907907907908 0.89380993582956
4.08408408408408 0.89436446408285
4.08908908908909 0.894916437019881
4.09409409409409 0.895465862863924
4.0990990990991 0.896012749849473
4.1041041041041 0.896557106221756
4.10910910910911 0.897098940236248
4.11411411411411 0.897638260158193
4.11911911911912 0.898175074262124
4.12412412412412 0.898709390831392
4.12912912912913 0.899241218157697
4.13413413413413 0.899770564540625
4.13913913913914 0.900297438287188
4.14414414414414 0.900821847711368
4.14914914914915 0.901343801133667
4.15415415415415 0.901863306880661
4.15915915915916 0.902380373284556
4.16416416416416 0.902895008682752
4.16916916916917 0.903407221417408
4.17417417417417 0.903917019835011
4.17917917917918 0.904424412285954
4.18418418418418 0.904929407124114
4.18918918918919 0.905432012706433
4.19419419419419 0.905932237392509
4.1991991991992 0.906430089544183
4.2042042042042 0.906925577525141
4.20920920920921 0.90741870970051
4.21421421421421 0.90790949443646
4.21921921921922 0.90839794009982
4.22422422422422 0.908884055057682
4.22922922922923 0.909367847677023
4.23423423423423 0.909849326324325
4.23923923923924 0.910328499365197
4.24424424424424 0.910805375164008
4.24924924924925 0.911279962083518
4.25425425425425 0.911752268484512
4.25925925925926 0.912222302725448
4.26426426426426 0.912690073162096
4.26926926926927 0.913155588147189
4.27427427427427 0.913618856030077
4.27927927927928 0.914079885156384
4.28428428428428 0.914538683867667
4.28928928928929 0.914995260501084
4.29429429429429 0.915449623389058
4.2992992992993 0.915901780858957
4.3043043043043 0.916351741232762
4.30930930930931 0.916799512826755
4.31431431431431 0.917245103951199
4.31931931931932 0.917688522910027
4.32432432432432 0.918129778000535
4.32932932932933 0.918568877513075
4.33433433433433 0.91900582973076
4.33933933933934 0.919440642929158
4.34434434434434 0.91987332537601
4.34934934934935 0.920303885330931
4.35435435435435 0.920732331045131
4.35935935935936 0.921158670761127
4.36436436436436 0.921582912712472
4.36936936936937 0.922005065123473
4.37437437437437 0.922425136208925
4.37937937937938 0.922843134173838
4.38438438438438 0.923259067213181
4.38938938938939 0.923672943511612
4.39439439439439 0.92408477124323
4.3993993993994 0.924494558571313
4.4044044044044 0.924902313648077
4.40940940940941 0.925308044614419
4.41441441441441 0.925711759599684
4.41941941941942 0.926113466721418
4.42442442442442 0.926513174085137
4.42942942942943 0.926910889784088
4.43443443443443 0.927306621899024
4.43943943943944 0.927700378497978
4.44444444444444 0.928092167636036
4.44944944944945 0.928481997355119
4.45445445445445 0.928869875683769
4.45945945945946 0.929255810636932
4.46446446446446 0.929639810215751
4.46946946946947 0.930021882407354
4.47447447447447 0.930402035184659
4.47947947947948 0.930780276506163
4.48448448448448 0.931156614315754
4.48948948948949 0.931531056542509
4.49449449449449 0.931903611100507
4.4994994994995 0.932274285888639
4.5045045045045 0.932643088790425
4.50950950950951 0.933010027673829
4.51451451451451 0.93337511039108
4.51951951951952 0.933738344778497
4.52452452452452 0.934099738656315
4.52952952952953 0.934459299828514
4.53453453453453 0.934817036082653
4.53953953953954 0.935172955189702
4.54454454454454 0.935527064903885
4.54954954954955 0.935879372962517
4.55455455455455 0.936229887085847
4.55955955955956 0.936578614976908
4.56456456456456 0.936925564321365
4.56956956956957 0.937270742787367
4.57457457457457 0.937614158025397
4.57957957957958 0.93795581766814
4.58458458458458 0.938295729330331
4.58958958958959 0.938633900608627
4.59459459459459 0.938970339081465
4.5995995995996 0.939305052308937
4.6046046046046 0.939638047832654
4.60960960960961 0.939969333175624
4.61461461461461 0.940298915842124
4.61961961961962 0.940626803317578
4.62462462462462 0.940953003068441
4.62962962962963 0.94127752254208
4.63463463463463 0.941600369166657
4.63963963963964 0.94192155035102
4.64464464464464 0.942241073484592
4.64964964964965 0.942558945937265
4.65465465465465 0.942875175059291
4.65965965965966 0.943189768181185
4.66466466466466 0.943502732613618
4.66966966966967 0.943814075647325
4.67467467467467 0.944123804553006
4.67967967967968 0.944431926581231
4.68468468468468 0.944738448962352
4.68968968968969 0.945043378906411
4.69469469469469 0.945346723603055
4.6996996996997 0.945648490221449
4.7047047047047 0.945948685910194
4.70970970970971 0.946247317797249
4.71471471471471 0.946544392989846
4.71971971971972 0.946839918574422
4.72472472472472 0.947133901616537
4.72972972972973 0.947426349160806
4.73473473473473 0.947717268230827
4.73973973973974 0.948006665829112
4.74474474474474 0.948294548937023
4.74974974974975 0.948580924514706
4.75475475475475 0.948865799501026
4.75975975975976 0.949149180813512
4.76476476476476 0.949431075348291
4.76976976976977 0.94971148998004
4.77477477477477 0.949990431561921
4.77977977977978 0.950267906925535
4.78478478478478 0.95054392288087
4.78978978978979 0.950818486216247
4.79479479479479 0.951091603698276
4.7997997997998 0.951363282071807
4.8048048048048 0.951633528059892
4.80980980980981 0.951902348363732
4.81481481481481 0.952169749662646
4.81981981981982 0.952435738614025
4.82482482482482 0.952700321853297
4.82982982982983 0.952963505993893
4.83483483483483 0.953225297627208
4.83983983983984 0.953485703322571
4.84484484484484 0.953744729627214
4.84984984984985 0.954002383066243
4.85485485485485 0.954258670142605
4.85985985985986 0.95451359733707
4.86486486486486 0.954767171108198
4.86986986986987 0.955019397892318
4.87487487487487 0.955270284103509
4.87987987987988 0.955519836133575
4.88488488488488 0.955768060352029
4.88988988988989 0.956014963106071
4.89489489489489 0.956260550720579
4.8998998998999 0.956504829498085
4.9049049049049 0.956747805718769
4.90990990990991 0.956989485640443
4.91491491491491 0.95722987549854
4.91991991991992 0.957468981506105
4.92492492492492 0.957706809853789
4.92992992992993 0.957943366709838
4.93493493493493 0.958178658220089
4.93993993993994 0.958412690507967
4.94494494494494 0.95864546967448
4.94994994994995 0.958877001798216
4.95495495495495 0.959107292935346
4.95995995995996 0.959336349119622
4.96496496496496 0.959564176362376
4.96996996996997 0.959790780652528
4.97497497497497 0.960016167956585
4.97997997997998 0.960240344218651
4.98498498498498 0.960463315360428
4.98998998998999 0.960685087281227
4.99499499499499 0.960905665857974
5 0.96112505694522
