0 0.00907565433722464
0.0334448160535117 0.00937092025599269
0.0668896321070234 0.00967569851264162
0.100334448160535 0.0099902893606838
0.133779264214047 0.010315002121749
0.167224080267559 0.0106501554322993
0.20066889632107 0.0109960774952157
0.234113712374582 0.0113531063362205
0.267558528428094 0.0117215900650819
0.301003344481605 0.0121018871415397
0.334448160535117 0.0124943666458707
0.367892976588629 0.0128994085539999
0.40133779264214 0.013317404017045
0.434782608695652 0.0137487556451626
0.468227424749164 0.0141938777955482
0.501672240802676 0.0146531968644153
0.535117056856187 0.0151271515827617
0.568561872909699 0.0156161933157035
0.602006688963211 0.0161207863651334
0.635451505016722 0.0166414082754307
0.668896321070234 0.0171785501419228
0.702341137123746 0.0177327169217662
0.735785953177257 0.0183044277468812
0.769230769230769 0.0188942162385412
0.802675585284281 0.0195026308231778
0.836120401337793 0.0201302350489273
0.869565217391304 0.0207776079023983
0.903010033444816 0.0214453441250997
0.936454849498328 0.0221340545289199
0.969899665551839 0.0228443663100018
1.00334448160535 0.0235769233603028
1.03678929765886 0.0243323865760803
1.07023411371237 0.0251114341624822
1.10367892976589 0.0259147619333647
1.1371237458194 0.026743083605399
1.17056856187291 0.0275971310854604
1.20401337792642 0.0284776547502285
1.23745819397993 0.0293854237168558
1.27090301003344 0.0303212261034891
1.30434782608696 0.0312858692783515
1.33779264214047 0.0322801800960143
1.37123745819398 0.0333050051194069
1.40468227424749 0.0343612108260289
1.438127090301 0.0354496837967393
1.47157190635451 0.0365713308854138
1.50501672240803 0.0377270793676627
1.53846153846154 0.0389178770667156
1.57190635451505 0.0401446924544781
1.60535117056856 0.0414085147256704
1.63879598662207 0.0427103538428616
1.67224080267559 0.0440512405501092
1.7056856187291 0.0454322263528179
1.73913043478261 0.0468543834613282
1.77257525083612 0.0483188046956467
1.80602006688963 0.0498266033486306
1.83946488294314 0.0513789130048404
1.87290969899666 0.0529768873121789
1.90635451505017 0.0546216997033428
1.93979933110368 0.0563145430640213
1.97324414715719 0.0580566293446942
2.0066889632107 0.0598491891127976
2.04013377926421 0.0616934710419574
2.07357859531773 0.0635907413349201
2.10702341137124 0.0655422830767556
2.14046822742475 0.0675493955148581
2.17391304347826 0.0696133932622369
2.20735785953177 0.0717356054205607
2.24080267558528 0.0739173746194156
2.2742474916388 0.0761600559682373
2.30769230769231 0.0784650159174055
2.34113712374582 0.0808336310250277
2.37458193979933 0.0832672866260052
2.40802675585284 0.0857673754000579
2.44147157190635 0.0883352958354943
2.47491638795987 0.0909724505856516
2.50836120401338 0.0936802447150916
2.54180602006689 0.096460083832836
2.5752508361204 0.0993133721101482
2.60869565217391 0.10224151018063
2.64214046822742 0.105245892920699
2.67558528428094 0.108327907108839
2.70903010033445 0.111488928962397
2.74247491638796 0.114730321551108
2.77591973244147 0.118053432086971
2.80936454849498 0.121459589090623
2.84280936454849 0.124950099434869
2.87625418060201 0.128526245266624
2.90969899665552 0.132189280809157
2.94314381270903 0.135940429047179
2.97658862876254 0.139780878298057
3.01003344481605 0.143711778673176
3.04347826086956 0.147734238434284
3.07692307692308 0.151849320250482
3.11036789297659 0.156058037362415
3.1438127090301 0.160361349661107
3.17725752508361 0.164760159689849
3.21070234113712 0.16925530857849
3.24414715719064 0.173847571920491
3.27759197324415 0.178537655604081
3.31103678929766 0.183326191609883
3.34448160535117 0.188213733788375
3.37792642140468 0.193200753631569
3.41137123745819 0.198287636054262
3.44481605351171 0.203474675201198
3.47826086956522 0.208762070297394
3.51170568561873 0.21414992155978
3.54515050167224 0.219638226189132
3.57859531772575 0.225226874462026
3.61204013377926 0.230915645943261
3.64548494983278 0.23670420583975
3.67892976588629 0.242592101517411
3.7123745819398 0.248578759202954
3.74581939799331 0.254663480892708
3.77926421404682 0.26084544149077
3.81270903010033 0.267123686198722
3.84615384615385 0.273497128178972
3.87959866220736 0.27996454651345
3.91304347826087 0.286524584478842
3.94648829431438 0.293175748158869
3.97993311036789 0.299916405413222
4.0133779264214 0.3067447852217
4.04682274247492 0.313658977420843
4.08026755852843 0.320656932848898
4.11371237458194 0.327736463913334
4.14715719063545 0.334895245593314
4.18060200668896 0.342130816887546
4.21404682274247 0.348936384687775
4.24749163879599 0.354269805183483
4.2809364548495 0.359639715113844
4.31438127090301 0.365045005894498
4.34782608695652 0.370484534798511
4.38127090301003 0.375957125724684
4.41471571906354 0.381461570031802
4.44816053511706 0.386996627438084
4.48160535117057 0.392561026984888
4.51505016722408 0.398153468063505
4.54849498327759 0.403772621503655
4.5819397993311 0.409417130722112
4.61538461538461 0.415085612929644
4.64882943143813 0.420776660394259
4.68227424749164 0.426488841758556
4.71571906354515 0.43222070340876
4.74916387959866 0.437970770892852
4.78260869565217 0.443737550385011
4.81605351170569 0.449519530193401
4.8494983277592 0.455315182308201
4.88294314381271 0.461122963986581
4.91638795986622 0.466941319371232
4.94983277591973 0.472768681138873
4.98327759197324 0.478603472175099
5.01672240802676 0.484444107271777
5.05016722408027 0.490288994843152
5.08361204013378 0.49613653865672
5.11705685618729 0.501985139574885
5.1505016722408 0.507833197303359
5.18394648829431 0.513679112142254
5.21739130434783 0.519521286735794
5.25083612040134 0.525358127816577
5.28428093645485 0.531188047940349
5.31772575250836 0.537009467207281
5.35117056856187 0.542820814965803
5.38461538461538 0.548620531495107
5.4180602006689 0.55440706966252
5.45150501672241 0.560178896552049
5.48494983277592 0.565934495060521
5.51839464882943 0.571672365457833
5.55183946488294 0.577391026908019
5.58528428093645 0.583089018947942
5.61872909698997 0.588764902920605
5.65217391304348 0.59441726336025
5.68561872909699 0.60004470932658
5.7190635451505 0.605645875685629
5.75250836120401 0.611219424335019
5.78595317725753 0.616764045371514
5.81939799331104 0.622278458199016
5.85284280936455 0.627761412575335
5.88628762541806 0.633211689596289
5.91973244147157 0.63862810261591
5.95317725752508 0.644009498101721
5.9866220735786 0.649354756424288
6.02006688963211 0.654662792580461
6.05351170568562 0.659932556849904
6.08695652173913 0.665163035384746
6.12040133779264 0.670353250732379
6.15384615384615 0.674441550307162
6.18729096989967 0.678018955786673
6.22073578595318 0.681575610507569
6.25418060200669 0.685111223877701
6.2876254180602 0.688625514316761
6.32107023411371 0.692118209288348
6.35451505016722 0.695589045324706
6.38795986622074 0.699037768044268
6.42140468227425 0.702464132162081
6.45484949832776 0.705867901493249
6.48829431438127 0.7092488489495
6.52173913043478 0.712606756529023
6.55518394648829 0.715941415299687
6.58862876254181 0.719252625375808
6.62207357859532 0.722540195888599
6.65551839464883 0.725803944950454
6.68896321070234 0.729043699613233
6.72240802675585 0.732259295820705
6.75585284280936 0.735450578355321
6.78929765886288 0.738617400779481
6.82274247491639 0.741759625371474
6.8561872909699 0.744877123056272
6.88963210702341 0.747969773331352
6.92307692307692 0.751037464187731
6.95652173913043 0.7540800920264
6.98996655518395 0.757097561570341
7.02341137123746 0.760089785772314
7.05685618729097 0.763056685718605
7.09030100334448 0.765998190528918
7.12374581939799 0.768914237252608
7.1571906354515 0.771804770761432
7.19063545150502 0.774669743639018
7.22408026755853 0.77750911606723
7.25752508361204 0.780322855709619
7.29096989966555 0.783110937592145
7.32441471571906 0.785873343981348
7.35785953177257 0.788610064260163
7.39130434782609 0.791321094801534
7.4247491638796 0.794006438840033
7.45819397993311 0.796666106341628
7.49163879598662 0.799300113871801
7.52508361204013 0.801908484462158
7.55852842809364 0.804491247475714
7.59197324414716 0.807048438471008
7.62541806020067 0.809580099065207
7.65886287625418 0.812086276796356
7.69230769230769 0.81456702498492
7.7257525083612 0.817022402594774
7.75919732441471 0.81945247409378
7.79264214046823 0.821857309314083
7.82608695652174 0.824236983312281
7.85953177257525 0.826591576229575
7.89297658862876 0.828921173152052
7.92642140468227 0.831225863971203
7.95986622073579 0.833505743244807
7.9933110367893 0.835760910058287
8.02675585284281 0.83799146788666
8.06020066889632 0.840197524457172
8.09364548494983 0.842379191612727
8.12709030100334 0.844536585176214
8.16053511705686 0.846669824815806
8.19397993311037 0.848779033911337
8.22742474916388 0.850864339421837
8.26086956521739 0.852925871754295
8.2943143812709 0.854963764633742
8.32775919732441 0.85697815497471
8.36120401337793 0.858969182754146
8.39464882943144 0.860936990885843
8.42809364548495 0.862881725096436
8.46153846153846 0.864803533803039
8.49498327759197 0.866702567992553
8.52842809364548 0.868578981102717
8.561872909699 0.870432928904921
8.59531772575251 0.872264569388846
8.62876254180602 0.874074062648949
8.66220735785953 0.87586157077284
8.69565217391304 0.877627257731582
8.72909698996656 0.879371289271926
8.76254180602007 0.881093832810531
8.79598662207358 0.882795057330168
8.82943143812709 0.884475133277937
8.8628762541806 0.886134232465512
8.89632107023411 0.887772527971428
8.92976588628762 0.889390194045418
8.96321070234114 0.89098740601481
8.99665551839465 0.892564340192983
9.03010033444816 0.894121173789897
9.06354515050167 0.895658084824692
9.09698996655518 0.897175252040349
9.1304347826087 0.898672854820415
9.16387959866221 0.900151073107796
9.19732441471572 0.901610087325588
9.23076923076923 0.903050078299961
9.26421404682274 0.904471227185068
9.29765886287625 0.90587371538998
9.33110367892977 0.907257724507618
9.36454849498328 0.908623436245684
9.39799331103679 0.909971032359562
9.4314381270903 0.911300694587169
9.46488294314381 0.912612604585758
9.49832775919732 0.913906943870615
9.53177257525084 0.915183893755677
9.56521739130435 0.916443635295998
9.59866220735786 0.917686349232079
9.63210702341137 0.918912215936022
9.66555183946488 0.920121415359481
9.69899665551839 0.921314126983386
9.73244147157191 0.922490529769422
9.76588628762542 0.923650802113225
9.79933110367893 0.924795121799274
9.83277591973244 0.925923665957449
9.86622073578595 0.927036611021229
9.89966555183946 0.928134132687495
9.93311036789298 0.929216405877923
9.96655518394649 0.930283604701917
10 0.931335902421073
