0 0.0213722746092305
0.204081632653061 0.0250289445879387
0.408163265306122 0.0292925225588739
0.612244897959184 0.0342568646463798
0.816326530612245 0.0400278443359204
1.02040816326531 0.0467239788422768
1.22448979591837 0.0544767210311843
1.42857142857143 0.0634302528709067
1.63265306122449 0.0737405784354494
1.83673469387755 0.0855736790188745
2.04081632653061 0.0991024672602655
2.24489795918367 0.114502272054127
2.44897959183673 0.131944615652315
2.6530612244898 0.151589125475825
2.85714285714286 0.173573572284654
3.06122448979592 0.198002254879119
3.26530612244898 0.224933258324732
3.46938775510204 0.254365475585919
3.6734693877551 0.286226650825965
3.87755102040816 0.320363996068458
4.08163265306122 0.356539050673554
4.28571428571429 0.394428297684065
4.48979591836735 0.433630563748451
4.69387755102041 0.473681426791563
4.89795918367347 0.514073851472715
5.10204081632653 0.554283266141538
5.30612244897959 0.593794522597915
5.51020408163265 0.632127840170781
5.71428571428571 0.668861019809074
5.91836734693878 0.703645872229324
6.12244897959184 0.736217764290914
6.3265306122449 0.766398216599212
6.53061224489796 0.794091365555418
6.73469387755102 0.819275692098647
6.93877551020408 0.84199267211315
7.14285714285714 0.862333959317018
7.3469387755102 0.880428460233756
7.55102040816327 0.896430305476742
7.75510204081633 0.910508350254548
7.95918367346939 0.922837509629692
8.16326530612245 0.933591980864735
8.36734693877551 0.942940232758509
8.57142857142857 0.951041541753315
8.77551020408163 0.958043811171033
8.97959183673469 0.964082406163951
9.18367346938776 0.96927975769484
9.38775510204082 0.973745522269882
9.59183673469388 0.977577121934944
9.79591836734694 0.980860525959085
10 0.983671168759391
