0 0.00907565433722464
0.204081632653061 0.0110319943837828
0.408163265306122 0.0134043368921286
0.612244897959184 0.0162784356224193
0.816326530612245 0.0197564455573801
1.02040816326531 0.023959459449005
1.22448979591837 0.0290301477847527
1.42857142857143 0.0351353464452071
1.63265306122449 0.0424683439540744
1.83673469387755 0.0512504978583777
2.04081632653061 0.0617316568464345
2.24489795918367 0.074188688631317
2.44897959183673 0.0889212336275362
2.6530612244898 0.106243661848475
2.85714285714286 0.126472173576168
3.06122448979592 0.149906151299039
3.26530612244898 0.176803359230314
3.46938775510204 0.207349503924785
3.6734693877551 0.241624049808931
3.87755102040816 0.279565905954537
4.08163265306122 0.320944311777628
4.28571428571429 0.365341354234854
4.48979591836735 0.412152339788317
4.69387755102041 0.460608195741023
4.89795918367347 0.509820218042107
5.10204081632653 0.558842637593077
5.30612244897959 0.606744116222662
5.51020408163265 0.6526769590307
5.71428571428571 0.69593343244171
5.91836734693878 0.735981872434782
6.12244897959184 0.772480019445669
6.3265306122449 0.80526761663362
6.53061224489796 0.834343497402863
6.73469387755102 0.859833668425637
6.93877551020408 0.881956498638606
7.14285714285714 0.900989694686271
7.3469387755102 0.917241968549078
7.55102040816327 0.93103068886395
7.75510204081633 0.942665607895882
7.95918367346939 0.952438019481732
8.16326530612245 0.960614357142567
8.36734693877551 0.967433169293656
8.57142857142857 0.973104497626708
8.77551020408163 0.977810848766178
8.97959183673469 0.981709131508493
9.18367346938776 0.984933100638476
9.38775510204082 0.987595989367521
9.59183673469388 0.989793122514536
9.79591836734694 0.991604384008812
10 0.993096469882297
