0 0.0413835426874058
0.0334448160535117 0.0422391673561516
0.0668896321070234 0.043111686887316
0.100334448160535 0.044001401718819
0.133779264214047 0.0449086162487144
0.167224080267559 0.0458336388274803
0.20066889632107 0.0467767817470811
0.234113712374582 0.0477383612266501
0.267558528428094 0.0487186973946461
0.301003344481605 0.0497181142673276
0.334448160535117 0.0507369397233868
0.367892976588629 0.051775505474584
0.40133779264214 0.0528341470322166
0.434782608695652 0.053913203669255
0.468227424749164 0.0550130183779754
0.501672240802676 0.0561339378229152
0.535117056856187 0.0572763122889728
0.568561872909699 0.058440495624475
0.602006688963211 0.0596268451790266
0.635451505016722 0.0608357217359594
0.668896321070234 0.0620674894391931
0.702341137123746 0.0633225157143195
0.735785953177257 0.0646011711837177
0.769230769230769 0.0659038295755103
0.802675585284281 0.0672308676261655
0.836120401337793 0.0685826649765503
0.869565217391304 0.0699596040612419
0.903010033444816 0.0713620699908983
0.936454849498328 0.0727904504274973
0.969899665551839 0.074245135452245
1.00334448160535 0.0757265174259624
1.03678929765886 0.0772349908417581
1.07023411371237 0.0787709521697939
1.10367892976589 0.0803347996939589
1.1371237458194 0.0819269333402632
1.17056856187291 0.0835477544967733
1.20401337792642 0.0851976658249078
1.23745819397993 0.0868770710619244
1.27090301003344 0.0885863748144275
1.30434782608696 0.0903259823427377
1.33779264214047 0.0920962993359668
1.37123745819398 0.0938977316776527
1.40468227424749 0.0957306852018154
1.438127090301 0.0975955654393031
1.47157190635451 0.0994927773543121
1.50501672240803 0.101422725070968
1.53846153846154 0.103385811589877
1.57190635451505 0.105382438494555
1.60535117056856 0.10741300564767
1.63879598662207 0.109477910877046
1.67224080267559 0.111577549651374
1.7056856187291 0.113712314745621
1.73913043478261 0.115882595896119
1.77257525083612 0.118088779445361
1.80602006688963 0.120331247976519
1.83946488294314 0.122610379937747
1.87290969899666 0.124926549256345
1.90635451505017 0.127280124942876
1.93979933110368 0.129671470685362
1.97324414715719 0.132100944433699
2.0066889632107 0.134568897974477
2.04013377926421 0.137075676496391
2.07357859531773 0.139621618146471
2.10702341137124 0.142207053577407
2.14046822742475 0.14483230548623
2.17391304347826 0.147497688144684
2.20735785953177 0.150203506921637
2.24080267558528 0.152950057797907
2.2742474916388 0.155737626873926
2.30769230769231 0.15856648987069
2.34113712374582 0.161436911624479
2.37458193979933 0.164349145575872
2.40802675585284 0.167303433253604
2.44147157190635 0.170300003753874
2.47491638795987 0.173339073215716
2.50836120401338 0.176420844293113
2.54180602006689 0.179545505624548
2.5752508361204 0.182713231300738
2.60869565217391 0.185924180331328
2.64214046822742 0.189178496111351
2.67558528428094 0.192476305888309
2.70903010033445 0.195817720230764
2.74247491638796 0.199202832499347
2.77591973244147 0.202631718321145
2.80936454849498 0.206104435068445
2.84280936454849 0.209621021342867
2.87625418060201 0.213181496465913
2.90969899665552 0.216785859977015
2.94314381270903 0.220434091140189
2.97658862876254 0.224126148460415
3.01003344481605 0.227861969210887
3.04347826086956 0.231641468972317
3.07692307692308 0.235464541185459
3.11036789297659 0.239331056718068
3.1438127090301 0.243240863447502
3.17725752508361 0.247193785860189
3.21070234113712 0.251189624669183
3.24414715719064 0.255228156451043
3.27759197324415 0.25930913330326
3.31103678929766 0.263432282523451
3.34448160535117 0.267597306311541
3.37792642140468 0.271803881496126
3.41137123745819 0.2760516592862
3.44481605351171 0.280340265049415
3.47826086956522 0.284669298117998
3.51170568561873 0.289038331623436
3.54515050167224 0.293446912360998
3.57859531772575 0.29789456068513
3.61204013377926 0.302380770436698
3.64548494983278 0.306905008903025
3.67892976588629 0.31146671681161
3.7123745819398 0.316065308358354
3.74581939799331 0.320700171271052
3.77926421404682 0.325370666908868
3.81270903010033 0.330076130398405
3.84615384615385 0.334815870806941
3.87959866220736 0.339589171353296
3.91304347826087 0.344395289656732
3.94648829431438 0.349233458024201
3.97993311036789 0.354102883776146
4.0133779264214 0.359002749611008
4.04682274247492 0.363932214008455
4.08026755852843 0.368890411671281
4.11371237458194 0.373876454005817
4.14715719063545 0.37888942964059
4.18060200668896 0.383928404982874
4.21404682274247 0.388992424812655
4.24749163879599 0.394080512913468
4.2809364548495 0.399191672739407
4.31438127090301 0.404324888117552
4.34782608695652 0.409479123984937
4.38127090301003 0.41465332715907
4.41471571906354 0.419846427140939
4.44816053511706 0.425057336949324
4.48160535117057 0.43028495398515
4.51505016722408 0.435528160924518
4.54849498327759 0.440785826638952
4.5819397993311 0.446056807141345
4.61538461538461 0.451339946555977
4.64882943143813 0.456634078110909
4.68227424749164 0.461938025150985
4.71571906354515 0.467250602169629
4.74916387959866 0.472570615857522
4.78260869565217 0.477896866166217
4.81605351170569 0.483228147384706
4.8494983277592 0.488563249226889
4.88294314381271 0.493900957927873
4.91638795986622 0.499240057346992
4.94983277591973 0.504579330075433
4.98327759197324 0.509917558546314
5.01672240802676 0.515253526145068
5.05016722408027 0.520586018317981
5.08361204013378 0.52591382367675
5.11705685618729 0.5312357350969
5.1505016722408 0.536550550807989
5.18394648829431 0.541857075473478
5.21739130434783 0.547154121258244
5.25083612040134 0.552440508881711
5.28428093645485 0.557715068654643
5.31772575250836 0.562976641497687
5.35117056856187 0.568224079939815
5.38461538461538 0.573456249094892
5.4180602006689 0.578672027614633
5.45150501672241 0.583870308616335
5.48494983277592 0.589050000583802
5.51839464882943 0.594210028240002
5.55183946488294 0.599349333390067
5.58528428093645 0.604466875733334
5.61872909698997 0.609561633643225
5.65217391304348 0.614632604913871
5.68561872909699 0.61967880747246
5.7190635451505 0.624699280056422
5.75250836120401 0.629693082854624
5.78595317725753 0.6346592981119
5.81939799331104 0.639597030696305
5.85284280936455 0.644505408628595
5.88628762541806 0.649383583573562
5.91973244147157 0.654230731292912
5.95317725752508 0.659046052059519
5.9866220735786 0.663828771032945
6.02006688963211 0.668578138596258
6.05351170568562 0.673293430654232
6.08695652173913 0.677973948893135
6.12040133779264 0.682619021002387
6.15384615384615 0.687228000858461
6.18729096989967 0.691800268671483
6.22073578595318 0.696335231095057
6.25418060200669 0.700832321299938
6.2876254180602 0.705290999012215
6.32107023411371 0.709710750516777
6.35451505016722 0.714091088626844
6.38795986622074 0.718431552620457
6.42140468227425 0.72273170814484
6.45484949832776 0.726991147089599
6.48829431438127 0.731209487429804
6.52173913043478 0.735386373039976
6.55518394648829 0.739521473480111
6.58862876254181 0.743614483754836
6.62207357859532 0.74766512404688
6.65551839464883 0.751673139426011
6.68896321070234 0.755638299534656
6.72240802675585 0.759560398251396
6.75585284280936 0.763439253333571
6.78929765886288 0.767274706040212
6.82274247491639 0.771066620736529
6.8561872909699 0.774814884481193
6.88963210702341 0.778519406597622
6.92307692307692 0.782180118230491
6.95652173913043 0.785796971888678
6.98996655518395 0.789369940975825
7.02341137123746 0.792899019309696
7.05685618729097 0.79638422063148
7.09030100334448 0.79982557810618
7.12374581939799 0.803223143815186
7.1571906354515 0.806576988242122
7.19063545150502 0.809887199753022
7.22408026755853 0.813153884071857
7.25752508361204 0.816377163752404
7.29096989966555 0.819557177647432
7.32441471571906 0.822694080376122
7.35785953177257 0.825788041790615
7.39130434782609 0.828839246442552
7.4247491638796 0.831847893050436
7.45819397993311 0.834814193968589
7.49163879598662 0.837738374658457
7.52508361204013 0.840620673162992
7.55852842809364 0.843461339584768
7.59197324414716 0.846260635568484
7.62541806020067 0.849018833788452
7.65886287625418 0.851736217441638
7.69230769230769 0.854413079746788
7.7257525083612 0.857049723450134
7.75919732441471 0.859646460338136
7.79264214046823 0.862203610757694
7.82608695652174 0.864721503144218
7.85953177257525 0.867200473557909
7.89297658862876 0.869640865228593
7.92642140468227 0.872043028109388
7.95986622073579 0.874407318439479
7.9933110367893 0.876734098316237
8.02675585284281 0.879023735276882
8.06020066889632 0.881276601889883
8.09364548494983 0.883493075356235
8.12709030100334 0.885673537120751
8.16053511705686 0.887818372493471
8.19397993311037 0.88992797028127
8.22742474916388 0.892002722429717
8.26086956521739 0.894043023675238
8.2943143812709 0.896049271207583
8.32775919732441 0.89802186434261
8.36120401337793 0.89996120420536
8.39464882943144 0.901867693423387
8.42809364548495 0.903741735830303
8.46153846153846 0.905583736179446
8.49498327759197 0.907394099867621
8.52842809364548 0.9091732326688
8.561872909699 0.910921540477684
8.59531772575251 0.912639429063005
8.62876254180602 0.914327303830452
8.66220735785953 0.915985569595067
8.69565217391304 0.917614630362991
8.72909698996656 0.919214889122385
8.76254180602007 0.920786747643373
8.79598662207358 0.922330606286853
8.82943143812709 0.92384686382199
8.8628762541806 0.925335917252218
8.89632107023411 0.926798161649577
8.92976588628762 0.928233989997196
8.96321070234114 0.929643793039731
8.99665551839465 0.931027959141578
9.03010033444816 0.932386874152659
9.06354515050167 0.933720921281594
9.09698996655518 0.935030480976062
9.1304347826087 0.936315930810155
9.16387959866221 0.937577645378535
9.19732441471572 0.938815996197188
9.23076923076923 0.940031351610595
9.26421404682274 0.941224076705111
9.29765886287625 0.942394533228369
9.33110367892977 0.943543079514519
9.36454849498328 0.944670070415104
9.39799331103679 0.945775857235389
9.4314381270903 0.946860787675966
9.46488294314381 0.947925205779436
9.49832775919732 0.948969451882002
9.53177257525084 0.949993862569787
9.56521739130435 0.950998770639709
9.59866220735786 0.951984505064729
9.63210702341137 0.952951390963321
9.66555183946488 0.953899749572979
9.69899665551839 0.954829898227621
9.73244147157191 0.955742150338707
9.76588628762542 0.956636815379936
9.79933110367893 0.957514198875362
9.83277591973244 0.958374602390778
9.86622073578595 0.959218323528233
9.89966555183946 0.960045655923527
9.93311036789298 0.960856889246567
9.96655518394649 0.961652309204427
10 0.962432197547002
