0 0.0412486476128432
0.204081632653061 0.0472648736257568
0.408163265306122 0.0541090598559587
0.612244897959184 0.0618799480142477
0.816326530612245 0.0706834579618428
1.02040816326531 0.0806317729998531
1.22448979591837 0.0918418844205056
1.42857142857143 0.104433483443783
1.63265306122449 0.118526094823588
1.83673469387755 0.134235367118075
2.04081632653061 0.151668474792639
2.24489795918367 0.170918651302817
2.44897959183673 0.192058962508178
2.6530612244898 0.215135544911876
2.85714285714286 0.240160666350352
3.06122448979592 0.267106103645185
3.26530612244898 0.29589745042756
3.46938775510204 0.326410040836505
3.6734693877551 0.358467171414605
3.87755102040816 0.391841200149253
4.08163265306122 0.42625788831167
4.28571428571429 0.461404039456995
4.48979591836735 0.496938117767412
4.69387755102041 0.532503153376643
4.89795918367347 0.567740933890571
5.10204081632653 0.602306300674885
5.30612244897959 0.63588035355019
5.51020408163265 0.668181521508033
5.71428571428571 0.698973747438582
5.91836734693878 0.728071402949839
6.12244897959184 0.755340926575048
6.3265306122449 0.780699503754655
6.53061224489796 0.80411133866697
6.73469387755102 0.825582190078876
6.93877551020408 0.845152862526256
7.14285714285714 0.862892282627525
7.3469387755102 0.878890677468052
7.55102040816327 0.893253236467209
7.75510204081633 0.90609450313249
7.95918367346939 0.917533624187596
8.16326530612245 0.927690488844301
8.36734693877551 0.936682722593261
8.57142857142857 0.944623455897005
8.77551020408163 0.95161976445828
8.97959183673469 0.957771669419204
9.18367346938776 0.963171588209309
9.38775510204082 0.967904135785371
9.59183673469388 0.972046188562297
9.79591836734694 0.975667137170742
10 0.978829267801193
