0 0.0257639707239536
0.204081632653061 0.029920832755852
0.408163265306122 0.0347244744612168
0.612244897959184 0.0402673050742219
0.816326530612245 0.0466521388736444
1.02040816326531 0.0539924052064522
1.22448979591837 0.0624119838427937
1.42857142857143 0.0720445225372938
1.63265306122449 0.0830320696396357
1.83673469387755 0.095522836563602
2.04081632653061 0.109667899290893
2.24489795918367 0.125616663317225
2.44897959183673 0.143510962620432
2.6530612244898 0.163477750737454
2.85714285714286 0.185620479129357
3.06122448979592 0.210009447049287
3.26530612244898 0.236671639865306
3.46938775510204 0.265580825782958
3.6734693877551 0.296648912965918
3.87755102040816 0.329719723316019
4.08163265306122 0.364566352193332
4.28571428571429 0.400893101623365
4.48979591836735 0.438342575651346
4.69387755102041 0.476507938084794
4.89795918367347 0.514949639968583
5.10204081632653 0.553215257617981
5.30612244897959 0.590860587078625
5.51020408163265 0.627469934364135
5.71428571428571 0.66267367343385
5.91836734693878 0.696161582941694
6.12244897959184 0.727691113395665
6.3265306122449 0.757090435830799
6.53061224489796 0.784256744056132
6.73469387755102 0.809150727991211
6.93877551020408 0.831788365220504
7.14285714285714 0.852231204318225
7.3469387755102 0.870576185206001
7.55102040816327 0.886945821709797
7.75510204081633 0.901479318957807
7.95918367346939 0.914324958382009
8.16326530612245 0.92563388314689
8.36734693877551 0.935555268091145
8.57142857142857 0.944232760305157
8.77551020408163 0.951802021971726
8.97959183673469 0.95838918589433
9.18367346938776 0.964110035929915
9.38775510204082 0.969069740446451
9.59183673469388 0.973362990071116
9.79591836734694 0.977074416547863
10 0.980279194391431
