0 0.0183243828104548
0.204081632653061 0.0215604826369477
0.408163265306122 0.025353320305571
0.612244897959184 0.0297930628668899
0.816326530612245 0.0349823651817454
1.02040816326531 0.0410372997419109
1.22448979591837 0.0480880305451853
1.42857142857143 0.0562790724207229
1.63265306122449 0.0657689324290502
1.83673469387755 0.0767288833982764
2.04081632653061 0.089340577639111
2.24489795918367 0.103792181681596
2.44897959183673 0.120272715396831
2.6530612244898 0.138964330465904
2.85714285714286 0.160032385809167
3.06122448979592 0.183613391419461
3.26530612244898 0.209801207576341
3.46938775510204 0.238632293812075
3.6734693877551 0.27007125947742
3.87755102040816 0.303998394014896
4.08163265306122 0.340201132612553
4.28571428571429 0.378371409087483
4.48979591836735 0.418110454997939
4.69387755102041 0.458941790752894
4.89795918367347 0.500332007958827
5.10204081632653 0.541717675427238
5.30612244897959 0.582535608822545
5.51020408163265 0.622253112285695
5.71428571428571 0.660394805717991
5.91836734693878 0.696563292231224
6.12244897959184 0.730452017923593
6.3265306122449 0.76184994323525
6.53061224489796 0.790638787702147
6.73469387755102 0.816784416762968
6.93877551020408 0.840324325379352
7.14285714285714 0.861353171568671
7.3469387755102 0.880008031954926
7.55102040816327 0.896454623838258
7.75510204081633 0.910875281076591
7.95918367346939 0.923459064919571
8.16326530612245 0.934394077022183
8.36734693877551 0.943861829615832
8.57142857142857 0.952033406473
8.77551020408163 0.95906709765854
8.97959183673469 0.965107189157924
9.18367346938776 0.970283616014245
9.38775510204082 0.974712229766655
9.59183673469388 0.978495477557814
9.79591836734694 0.981723334986639
10 0.984474374292583
