0 0.014422890795004
0.204081632653061 0.0171563456287097
0.408163265306122 0.0203971288761473
0.612244897959184 0.0242349915333194
0.816326530612245 0.0287737641587257
1.02040816326531 0.0341328317226926
1.22448979591837 0.0404484486567276
1.42857142857143 0.047874725111457
1.63265306122449 0.0565840532822802
1.83673469387755 0.0667666710939981
2.04081632653061 0.0786289851579486
2.24489795918367 0.0923902068908141
2.44897959183673 0.108276813729659
2.6530612244898 0.12651435914143
2.85714285714286 0.147316256638146
3.06122448979592 0.170869394291905
3.26530612244898 0.197316830942037
3.46938775510204 0.226738393111845
3.6734693877551 0.259130695288609
3.87755102040816 0.294388839566045
4.08163265306122 0.332292631512405
4.28571428571429 0.372500342810402
4.48979591836735 0.414552635728305
4.69387755102041 0.457888129259572
4.89795918367347 0.501870328835482
5.10204081632653 0.545823602822552
5.30612244897959 0.589074088427758
5.51020408163265 0.630990371717783
5.71428571428571 0.671018834835314
5.91836734693878 0.708709682778696
6.12244897959184 0.743731504618971
6.3265306122449 0.775874257475497
6.53061224489796 0.805042276626697
6.73469387755102 0.831239989635488
6.93877551020408 0.854553369581921
7.14285714285714 0.875129926558438
7.3469387755102 0.893159434086993
7.55102040816327 0.908856850236745
7.75510204081633 0.922448198067217
7.95918367346939 0.934159616263368
8.16326530612245 0.944209410856164
8.36734693877551 0.952802720144828
8.57142857142857 0.960128312587936
8.77551020408163 0.96635703152231
8.97959183673469 0.971641445679594
9.18367346938776 0.97611633372701
9.38775510204082 0.979899706454861
9.59183673469388 0.983094141156584
9.79591836734694 0.985788263968395
10 0.988058265735156
