0 0.0183257677165284
0.204081632653061 0.0215759003533743
0.408163265306122 0.0253875471462404
0.612244897959184 0.0298520231318915
0.816326530612245 0.0350733375002088
1.02040816326531 0.0411691396651306
1.22448979591837 0.0482714014652022
1.42857142857143 0.0565266718277839
1.63265306122449 0.0660956939735411
1.83673469387755 0.0771521272222454
2.04081632653061 0.0898800723531573
2.24489795918367 0.104470072072684
2.44897959183673 0.121113262084863
2.6530612244898 0.13999340380358
2.85714285714286 0.161276659758809
3.06122448979592 0.185099197920131
3.26530612244898 0.211553041721276
3.46938775510204 0.240671006920118
3.6734693877551 0.2724120390949
3.87755102040816 0.306648699683938
4.08163265306122 0.343158820151637
4.28571428571429 0.381623315455389
4.48979591836735 0.421631711369154
4.69387755102041 0.462696070541535
4.89795918367347 0.504272800222825
5.10204081632653 0.545790520922456
5.30612244897959 0.586681079325234
5.51020408163265 0.626410192200032
5.71428571428571 0.664504278985028
5.91836734693878 0.70057075891117
6.12244897959184 0.734310253094863
6.3265306122449 0.765520438682325
6.53061224489796 0.794092450814591
6.73469387755102 0.820001512715219
6.93877551020408 0.843293821523454
7.14285714285714 0.864071673768891
7.3469387755102 0.882478498086275
7.55102040816327 0.898685011657007
7.75510204081633 0.912877248420759
7.95918367346939 0.92524679955729
8.16326530612245 0.935983297757651
8.36734693877551 0.945268972487207
8.57142857142857 0.953274990567292
8.77551020408163 0.960159253276245
8.97959183673469 0.966065325174781
9.18367346938776 0.97112220159589
9.38775510204082 0.975444666585704
9.59183673469388 0.979134041162677
9.79591836734694 0.982279167136619
10 0.98495751135621
