0 0.0144320454243371
0.0334448160535117 0.0148234678227226
0.0668896321070234 0.0152253422834119
0.100334448160535 0.0156379388981634
0.133779264214047 0.0160615342437841
0.167224080267559 0.0164964115104705
0.20066889632107 0.0169428606311159
0.234113712374582 0.0174011784114837
0.267558528428094 0.0178716686611439
0.301003344481605 0.0183546423250542
0.334448160535117 0.0188504176156664
0.367892976588629 0.0193593201454206
0.40133779264214 0.0198816830594872
0.434782608695652 0.0204178471686022
0.468227424749164 0.0209681610818307
0.501672240802676 0.0215329813390843
0.535117056856187 0.0221126725432033
0.568561872909699 0.0227076074914053
0.602006688963211 0.0233181673058858
0.635451505016722 0.0239447415633448
0.668896321070234 0.0245877284231992
0.702341137123746 0.0252475347542259
0.735785953177257 0.0259245762593647
0.769230769230769 0.0266192775983952
0.802675585284281 0.0273320725081861
0.836120401337793 0.0280634039201961
0.869565217391304 0.0288137240748904
0.903010033444816 0.0295834946327178
0.936454849498328 0.0303731867812748
0.969899665551839 0.0311832813382625
1.00334448160535 0.0320142688498252
1.03678929765886 0.0328666496838365
1.07023411371237 0.0337409341176776
1.10367892976589 0.0346376424200345
1.1371237458194 0.0355573049262131
1.17056856187291 0.0365004621064549
1.20401337792642 0.037467664626707
1.23745819397993 0.0384594734012818
1.27090301003344 0.0394764596368151
1.30434782608696 0.0405192048669064
1.33779264214047 0.041588300976805
1.37123745819398 0.042684350217475
1.40468227424749 0.0438079652083525
1.438127090301 0.0449597689280801
1.47157190635451 0.046140394692481
1.50501672240803 0.0473504861190072
1.53846153846154 0.0485906970768759
1.57190635451505 0.0498616916220783
1.60535117056856 0.0511641439164265
1.63879598662207 0.0524987381297751
1.67224080267559 0.0538661683245352
1.7056856187291 0.0552671383215744
1.73913043478261 0.0567023615465751
1.77257525083612 0.0581725608559028
1.80602006688963 0.0596784683410185
1.83946488294314 0.0612208251104496
1.87290969899666 0.0628003810483201
1.90635451505017 0.0644178945484235
1.93979933110368 0.0660741322228136
1.97324414715719 0.0677698685838758
2.0066889632107 0.0695058856988345
2.04013377926421 0.0712829728156488
2.07357859531773 0.0731019259592476
2.10702341137124 0.0749635474970539
2.14046822742475 0.0768686456727593
2.17391304347826 0.0788180341073118
2.20735785953177 0.0808125312661019
2.24080267558528 0.0828529598913427
2.2742474916388 0.0849401463986682
2.30769230769231 0.0870749202369985
2.34113712374582 0.0892581132107581
2.37458193979933 0.091490558763569
2.40802675585284 0.0937730912225895
2.44147157190635 0.0961065450027208
2.47491638795987 0.0984917537699616
2.50836120401338 0.100929549563259
2.54180602006689 0.103420761874277
2.5752508361204 0.105966216684587
2.60869565217391 0.108566735459867
2.64214046822742 0.111223134100811
2.67558528428094 0.113936221850536
2.70903010033445 0.116706800158402
2.74247491638796 0.119535661500288
2.77591973244147 0.122423588155484
2.80936454849498 0.125371350940521
2.84280936454849 0.128379707900397
2.87625418060201 0.131449402957837
2.90969899665552 0.134581164521362
2.94314381270903 0.137775704053171
2.97658862876254 0.141033714597975
3.01003344481605 0.144355869274162
3.04347826086956 0.147742819728852
3.07692307692308 0.151195194558627
3.11036789297659 0.154713597697934
3.1438127090301 0.158298606777392
3.17725752508361 0.161950771454477
3.21070234113712 0.165670611719262
3.24414715719064 0.169458616178198
3.27759197324415 0.173315240319098
3.31103678929766 0.177240904760784
3.34448160535117 0.181235993491102
3.37792642140468 0.185300852097237
3.41137123745819 0.189435785992545
3.44481605351171 0.193641058644342
3.47826086956522 0.197916889807335
3.51170568561873 0.202263453767641
3.54515050167224 0.206680877602535
3.57859531772575 0.211169239461308
3.61204013377926 0.215728566872832
3.64548494983278 0.220358835085593
3.67892976588629 0.225059965446173
3.7123745819398 0.229831823822279
3.74581939799331 0.234674219076602
3.77926421404682 0.239586901597868
3.81270903010033 0.24456956189558
3.84615384615385 0.249621829264976
3.87959866220736 0.254743270528812
3.91304347826087 0.259933388862564
3.94648829431438 0.26519162270963
3.97993311036789 0.27051734479307
4.0133779264214 0.275909861230325
4.04682274247492 0.281368410757239
4.08026755852843 0.286892164067537
4.11371237458194 0.29248022327374
4.14715719063545 0.298131621495222
4.18060200668896 0.303845322578877
4.21404682274247 0.309620220957526
4.24749163879599 0.315455141650829
4.2809364548495 0.321348840413117
4.31438127090301 0.327300004032071
4.34782608695652 0.333307250781748
4.38127090301003 0.339369131032931
4.41471571906354 0.345484128023254
4.44816053511706 0.351650658788961
4.48160535117057 0.357867075259589
4.51505016722408 0.364131665516228
4.54849498327759 0.370442655213345
4.5819397993311 0.376798209163533
4.61538461538461 0.383196433083812
4.64882943143813 0.389635375501473
4.68227424749164 0.396113029816687
4.71571906354515 0.402627336518463
4.74916387959866 0.409176185549772
4.78260869565217 0.415757418817017
4.81605351170569 0.422368832838278
4.8494983277592 0.42900818152415
4.88294314381271 0.435673179084303
4.91638795986622 0.442361503052269
4.94983277591973 0.449070797420396
4.98327759197324 0.45579867587631
5.01672240802676 0.462542725131724
5.05016722408027 0.469300508333964
5.08361204013378 0.476069568550115
5.11705685618729 0.482847432313354
5.1505016722408 0.48963161322066
5.18394648829431 0.496419615570857
5.21739130434783 0.503208938031709
5.25083612040134 0.509997077324636
5.28428093645485 0.516781531915524
5.31772575250836 0.52355980570007
5.35117056856187 0.530329411672142
5.38461538461538 0.537087875563697
5.4180602006689 0.543832739444998
5.45150501672241 0.550561565274027
5.48494983277592 0.557271938384319
5.51839464882943 0.563961470900714
5.55183946488294 0.570627805072953
5.58528428093645 0.577268616517432
5.61872909698997 0.583881617357935
5.65217391304348 0.590464559256669
5.68561872909699 0.597015236327486
5.7190635451505 0.603531487923783
5.75250836120401 0.610011201294173
5.78595317725753 0.61645231409969
5.81939799331104 0.622852816786949
5.85284280936455 0.629210754812374
5.88628762541806 0.635524230713295
5.91973244147157 0.641791406022447
5.95317725752508 0.648010503023056
5.9866220735786 0.654179806342469
6.02006688963211 0.66029766438292
6.05351170568562 0.666362490588737
6.08695652173913 0.672372764549967
6.12040133779264 0.678327032943025
6.15384615384615 0.684223910309615
6.18729096989967 0.690062079675762
6.22073578595318 0.695840293013379
6.25418060200669 0.7015573715473
6.2876254180602 0.707212205911268
6.32107023411371 0.712803756156777
6.35451505016722 0.718331051619155
6.38795986622074 0.723793190645636
6.42140468227425 0.729189340190537
6.45484949832776 0.734518735282979
6.48829431438127 0.739780678372862
6.52173913043478 0.744974538561042
6.55518394648829 0.75009975071987
6.58862876254181 0.755155814510401
6.62207357859532 0.760142293302707
6.65551839464883 0.765058813005837
6.68896321070234 0.769905060813988
6.72240802675585 0.774680783875502
6.75585284280936 0.779385787891273
6.78929765886288 0.784019935649122
6.82274247491639 0.788583145500612
6.8561872909699 0.7930753897867
6.88963210702341 0.797496693218491
6.92307692307692 0.801847131219228
6.95652173913043 0.806126828233471
6.98996655518395 0.810335956009278
7.02341137123746 0.814474731858967
7.05685618729097 0.818543416903855
7.09030100334448 0.82254231430814
7.12374581939799 0.826471767506882
7.1571906354515 0.830332158432758
7.19063545150502 0.834123905746089
7.22408026755853 0.837847463072317
7.25752508361204 0.841503317250926
7.29096989966555 0.845091986599494
7.32441471571906 0.848614019196355
7.35785953177257 0.852069991185069
7.39130434782609 0.855460505103662
7.4247491638796 0.858786188241358
7.45819397993311 0.862047691025275
7.49163879598662 0.865245685439338
7.52508361204013 0.8683808634774
7.55852842809364 0.871453935632393
7.59197324414716 0.874465629423066
7.62541806020067 0.877416687959691
7.65886287625418 0.880307868549919
7.69230769230769 0.88313994134575
7.7257525083612 0.885913688032456
7.75919732441471 0.88862990056006
7.79264214046823 0.891289379917869
7.82608695652174 0.893892934952364
7.85953177257525 0.896441381228638
7.89297658862876 0.898935539935422
7.92642140468227 0.901376236833615
7.95986622073579 0.903764301248123
7.9933110367893 0.906100565102708
8.02675585284281 0.908385861997438
8.06020066889632 0.910621026328249
8.09364548494983 0.912806892448049
8.12709030100334 0.9149442938687
8.16053511705686 0.917034062503189
8.19397993311037 0.919077027947184
8.22742474916388 0.921074016799168
8.26086956521739 0.923025852018268
8.2943143812709 0.924933352318867
8.32775919732441 0.926797331601054
8.36120401337793 0.928618598415926
8.39464882943144 0.93039795546476
8.42809364548495 0.932136199131016
8.46153846153846 0.933834119044149
8.49498327759197 0.935492497674195
8.52842809364548 0.937112109956072
8.561872909699 0.938693722942542
8.59531772575251 0.940238095484811
8.62876254180602 0.941745977939687
8.66220735785953 0.94321811190229
8.69565217391304 0.94465522996327
8.72909698996656 0.946058055489522
8.76254180602007 0.947427302427394
8.79598662207358 0.948763675127407
8.82943143812709 0.950067868189519
8.8628762541806 0.951340566327978
8.89632107023411 0.952582444254843
8.92976588628762 0.953794166581257
8.96321070234114 0.954976387735599
8.99665551839465 0.956129751897639
9.03010033444816 0.95725489294787
9.06354515050167 0.958352434431192
9.09698996655518 0.959422989534167
9.1304347826087 0.960467161075074
9.16387959866221 0.961485541506027
9.19732441471572 0.962478712926442
9.23076923076923 0.963447247107156
9.26421404682274 0.96439170552454
9.29765886287625 0.965312639403966
9.33110367892977 0.966210589772003
9.36454849498328 0.967086087516758
9.39799331103679 0.967939653455798
9.4314381270903 0.96877179841109
9.46488294314381 0.969583023290458
9.49832775919732 0.970373819175051
9.53177257525084 0.971144667412334
9.56521739130435 0.971896039714163
9.59866220735786 0.972628398259503
9.63210702341137 0.973342195801368
9.66555183946488 0.974037875777603
9.69899665551839 0.97471587242512
9.73244147157191 0.975376610897238
9.76588628762542 0.976020507383793
9.79933110367893 0.976647969233687
9.83277591973244 0.977259395079585
9.86622073578595 0.977855174964463
9.89966555183946 0.978435690469741
9.93311036789298 0.979001314844744
9.96655518394649 0.979552413137252
10 0.980089342324905
