0 0.0235111463929772
0.204081632653061 0.0274496420091407
0.408163265306122 0.0320262606256704
0.612244897959184 0.0373366350194091
0.816326530612245 0.0434879797915496
1.02040816326531 0.0505995114350798
1.22448979591837 0.0588024896081334
1.42857142857143 0.0682397159529034
1.63265306122449 0.0790642942099005
1.83673469387755 0.0914374278421138
2.04081632653061 0.105525016501326
2.24489795918367 0.121492820984195
2.44897959183673 0.139500011027141
2.6530612244898 0.159691005813954
2.85714285714286 0.182185676099679
3.06122448979592 0.207068205374536
3.26530612244898 0.234375198179432
3.46938775510204 0.264083948948176
3.6734693877551 0.296102092146392
3.87755102040816 0.33026006838831
4.08163265306122 0.3663078745928
4.28571428571429 0.403917343725815
4.48979591836735 0.442690688225311
4.69387755102041 0.482175278003427
4.89795918367347 0.521883727317024
5.10204081632653 0.56131751660984
5.30612244897959 0.599991773761391
5.51020408163265 0.637458635968525
5.71428571428571 0.673326861870565
5.91836734693878 0.707275998679207
6.12244897959184 0.739064271525003
6.3265306122449 0.768530252755368
6.53061224489796 0.795589110458891
6.73469387755102 0.82022471773014
6.93877551020408 0.842479098032128
7.14285714285714 0.862440626269682
7.3469387755102 0.88023217775646
7.55102040816327 0.896000104897991
7.75510204081633 0.909904597712933
7.95918367346939 0.922111699113488
8.16326530612245 0.932787024402759
8.36734693877551 0.942091082351779
8.57142857142857 0.950176005539647
8.77551020408163 0.957183457321881
8.97959183673469 0.963243477418189
9.18367346938776 0.968474044722181
9.38775510204082 0.972981164288568
9.59183673469388 0.97685931824097
9.79591836734694 0.980192152849321
10 0.98305330355672
