0 0.022735554989201
0.204081632653061 0.0265894330372209
0.408163265306122 0.0310758044978717
0.612244897959184 0.0362909289725377
0.816326530612245 0.0423430056470041
1.02040816326531 0.0493526739009907
1.22448979591837 0.057453139645573
1.42857142857143 0.0667897581591191
1.63265306122449 0.0775188685547483
1.83673469387755 0.0898056438183617
2.04081632653061 0.103820701498922
2.24489795918367 0.119735224771218
2.44897959183673 0.137714385943474
2.6530612244898 0.157908960458927
2.85714285714286 0.180445183523894
3.06122448979592 0.205413141436972
3.26530612244898 0.232854299231721
3.46938775510204 0.26274911719656
3.6734693877551 0.295006045545165
3.87755102040816 0.329453427020461
4.08163265306122 0.365835885597933
4.28571428571429 0.403816551110722
4.48979591836735 0.442985925530195
4.69387755102041 0.482877375152949
4.89795918367347 0.522988262874997
5.10204081632653 0.562804816158756
5.30612244897959 0.601828177832641
5.51020408163265 0.639598875458863
5.71428571428571 0.675717227008003
5.91836734693878 0.709857901027316
6.12244897959184 0.741777789570827
6.3265306122449 0.771317311719922
6.53061224489796 0.798396052325708
6.73469387755102 0.823004138748629
6.93877551020408 0.845190942280364
7.14285714285714 0.865052608514083
7.3469387755102 0.882719660456683
7.55102040816327 0.898345574814428
7.75510204081633 0.912096884203129
7.95918367346939 0.924145057528277
8.16326530612245 0.934660181976101
8.36734693877551 0.943806316661024
8.57142857142857 0.951738300835112
8.77551020408163 0.958599763712413
8.97959183673469 0.964522082585629
9.18367346938776 0.969624057193412
9.38775510204082 0.974012100559624
9.59183673469388 0.977780782331077
9.79591836734694 0.981013595315797
10 0.983783846907237
