0 0.0250536803654349
0.0334448160535117 0.0256832508698312
0.0668896321070234 0.0263282145390142
0.100334448160535 0.0269889260351358
0.133779264214047 0.0276657470898858
0.167224080267559 0.0283590465884529
0.20066889632107 0.0290692006512648
0.234113712374582 0.0297965927132774
0.267558528428094 0.0305416136005674
0.301003344481605 0.0313046616039753
0.334448160535117 0.0320861425495306
0.367892976588629 0.0328864698653802
0.40133779264214 0.0337060646449289
0.434782608695652 0.0345453557058853
0.468227424749164 0.0354047796448977
0.501672240802676 0.0362847808874461
0.535117056856187 0.0371858117326463
0.568561872909699 0.0381083323926074
0.602006688963211 0.0390528110259681
0.635451505016722 0.0400197237652245
0.668896321070234 0.0410095547374482
0.702341137123746 0.0420227960779755
0.735785953177257 0.0430599479366381
0.769230769230769 0.0441215184760871
0.802675585284281 0.0452080238617493
0.836120401337793 0.046319988242939
0.869565217391304 0.0474579437246336
0.903010033444816 0.0486224303294078
0.936454849498328 0.0498139959490038
0.969899665551839 0.0510331962850046
1.00334448160535 0.0522805947780582
1.03678929765886 0.053556762525092
1.07023411371237 0.0548622781839404
1.10367892976589 0.0561977278647949
1.1371237458194 0.057563705007877
1.17056856187291 0.0589608102467197
1.20401337792642 0.0603896512564339
1.23745819397993 0.0618508425863262
1.27090301003344 0.063345005476225
1.30434782608696 0.0648727676558644
1.33779264214047 0.0664347631266689
1.37123745819398 0.0680316319252761
1.40468227424749 0.0696640198681312
1.438127090301 0.0713325782764855
1.47157190635451 0.0730379636811289
1.50501672240803 0.0747808375061893
1.53846153846154 0.0765618657313357
1.57190635451505 0.0783817185317258
1.60535117056856 0.0802410698950482
1.63879598662207 0.0821405972150201
1.67224080267559 0.0840809808607128
1.7056856187291 0.0860629037210973
1.73913043478261 0.0880870507242172
1.77257525083612 0.09015410833042
1.80602006688963 0.0922647639991069
1.83946488294314 0.0944197056284856
1.87290969899666 0.096619620967846
1.90635451505017 0.0988651970019174
1.93979933110368 0.101157119306905
1.97324414715719 0.103496071377846
2.0066889632107 0.105882733926988
2.04013377926421 0.108317784152921
2.07357859531773 0.110801894980291
2.10702341137124 0.113335734269943
2.14046822742475 0.115919963999455
2.17391304347826 0.118555239414056
2.20735785953177 0.121242208148039
2.24080267558528 0.123981509316821
2.2742474916388 0.126773772579945
2.30769230769231 0.129619617175358
2.34113712374582 0.132519650925436
2.37458193979933 0.135474469215317
2.40802675585284 0.138484653944221
2.44147157190635 0.141550772450537
2.47491638795987 0.144673376411584
2.50836120401338 0.147853000719095
2.54180602006689 0.151090162331563
2.5752508361204 0.154385359104754
2.60869565217391 0.157739068601818
2.64214046822742 0.161151746884562
2.67558528428094 0.164623827287604
2.70903010033445 0.168155719177262
2.74247491638796 0.171747806697191
2.77591973244147 0.175400447502912
2.80936454849498 0.179113971487558
2.84280936454849 0.182888679501274
2.87625418060201 0.186724842066892
2.90969899665552 0.190622698094632
2.94314381270903 0.194582453598728
2.97658862876254 0.198604280419038
3.01003344481605 0.202688314950803
3.04347826086956 0.206834656885909
3.07692307692308 0.211043367969076
3.11036789297659 0.215314470772561
3.1438127090301 0.219647947493072
3.17725752508361 0.224043738774683
3.21070234113712 0.228501742561645
3.24414715719064 0.233021812985077
3.27759197324415 0.237603759287589
3.31103678929766 0.242247344789952
3.34448160535117 0.246952285903972
3.37792642140468 0.251718251195771
3.41137123745819 0.256544860503666
3.44481605351171 0.261431684114863
3.47826086956522 0.266378242005145
3.51170568561873 0.271384003145699
3.54515050167224 0.276448384881159
3.57859531772575 0.281570752382891
3.61204013377926 0.286750418181397
3.64548494983278 0.291986641781641
3.67892976588629 0.297278629364934
3.7123745819398 0.302625533580834
3.74581939799331 0.308026453432365
3.77926421404682 0.313480434257624
3.81270903010033 0.31898646781061
3.84615384615385 0.324543492443876
3.87959866220736 0.330150393395318
3.91304347826087 0.335806003181115
3.94648829431438 0.341509102096534
3.97993311036789 0.347258418825978
4.0133779264214 0.353052631163303
4.04682274247492 0.35889036684306
4.08026755852843 0.364770204482963
4.11371237458194 0.370690674637463
4.14715719063545 0.376650260961927
4.18060200668896 0.382647401486512
4.21404682274247 0.388680489998392
4.24749163879599 0.394747877530592
4.2809364548495 0.400847873955263
4.31438127090301 0.406978749678784
4.34782608695652 0.413138737435701
4.38127090301003 0.419326034178067
4.41471571906354 0.425538803056356
4.44816053511706 0.43177517548773
4.48160535117057 0.438033253307061
4.51505016722408 0.44431111099573
4.54849498327759 0.450606797982911
4.5819397993311 0.456918341013679
4.61538461538461 0.463243746578018
4.64882943143813 0.4695810033945
4.68227424749164 0.475928084942164
4.71571906354515 0.482282952033907
4.74916387959866 0.488643555424489
4.78260869565217 0.495007838446107
4.81605351170569 0.50137373966436
4.8494983277592 0.507739195547324
4.88294314381271 0.514102143140402
4.91638795986622 0.520460522739586
4.94983277591973 0.526812280555772
4.98327759197324 0.53315537136281
5.01672240802676 0.539487761122055
5.05016722408027 0.545807429576289
5.08361204013378 0.552112372806028
5.11705685618729 0.558400605741412
5.1505016722408 0.564670164623065
5.18394648829431 0.57091910940557
5.21739130434783 0.577145526097445
5.25083612040134 0.583347529031817
5.28428093645485 0.589523263062291
5.31772575250836 0.595670905678836
5.35117056856187 0.601788669038903
5.38461538461538 0.607874801909306
5.4180602006689 0.613927591514839
5.45150501672241 0.619945365289948
5.48494983277592 0.625926492530242
5.51839464882943 0.631869385940978
5.55183946488294 0.637772503080129
5.58528428093645 0.643634347694041
5.61872909698997 0.649453470944099
5.65217391304348 0.655228472523262
5.68561872909699 0.660958001661723
5.7190635451505 0.666640758021365
5.75250836120401 0.672275492479068
5.78595317725753 0.67786100779934
5.81939799331104 0.683396159197061
5.85284280936455 0.688879854791557
5.88628762541806 0.69431105595349
5.91973244147157 0.699688777546446
5.95317725752508 0.705012088065332
5.9866220735786 0.710280109674058
6.02006688963211 0.715492018145176
6.05351170568562 0.720647042704439
6.08695652173913 0.725744465783433
6.12040133779264 0.730783622683671
6.15384615384615 0.735763901155677
6.18729096989967 0.740684740896769
6.22073578595318 0.745545632971387
6.25418060200669 0.750346119157905
6.2876254180602 0.755085791225978
6.32107023411371 0.759764290148527
6.35451505016722 0.764381305252539
6.38795986622074 0.768936573312865
6.42140468227425 0.773429877593229
6.45484949832776 0.777861046838653
6.48829431438127 0.782229954223465
6.52173913043478 0.786536516259058
6.55518394648829 0.79078069166546
6.58862876254181 0.79496248021076
6.62207357859532 0.799081921522331
6.65551839464883 0.803139093873695
6.68896321070234 0.807134112950794
6.72240802675585 0.811067130601302
6.75585284280936 0.814938333570507
6.78929765886288 0.818747942227152
6.82274247491639 0.822496209282515
6.8561872909699 0.826183418505835
6.88963210702341 0.829809883439088
6.92307692307692 0.833375946113939
6.95652173913043 0.836881975773572
6.98996655518395 0.84032836760193
7.02341137123746 0.843715541462767
7.05685618729097 0.847043940650751
7.09030100334448 0.850314030656696
7.12374581939799 0.853526297948894
7.1571906354515 0.856681248772309
7.19063545150502 0.859779407967313
7.22408026755853 0.862821317809453
7.25752508361204 0.865807536871633
7.29096989966555 0.86873863890994
7.32441471571906 0.871615211774215
7.35785953177257 0.874437856344361
7.39130434782609 0.877207185493228
7.4247491638796 0.87992382307682
7.45819397993311 0.882588402952459
7.49163879598662 0.885201568025398
7.52508361204013 0.887763969324333
7.55852842809364 0.890276265106102
7.59197324414716 0.892739119989816
7.62541806020067 0.895153204120551
7.65886287625418 0.897519192362663
7.69230769230769 0.899837763522707
7.7257525083612 0.902109599601865
7.75919732441471 0.90433538507773
7.79264214046823 0.90651580621522
7.82608695652174 0.908651550406359
7.85953177257525 0.910743305538577
7.89297658862876 0.912791759391171
7.92642140468227 0.914797599059497
7.95986622073579 0.916761510406432
7.9933110367893 0.918684177540619
8.02675585284281 0.920566282320965
8.06020066889632 0.922408503886831
8.09364548494983 0.924211518213348
8.12709030100334 0.925975997691251
8.16053511705686 0.927702610730614
8.19397993311037 0.929392021387861
8.22742474916388 0.931044889015393
8.26086956521739 0.932661867933198
8.2943143812709 0.934243607121763
8.32775919732441 0.935790749935638
8.36120401337793 0.937303933836972
8.39464882943144 0.938783790148356
8.42809364548495 0.940230943824315
8.46153846153846 0.941646013240765
8.49498327759197 0.943029610001788
8.52842809364548 0.944382338763073
8.561872909699 0.945704797071361
8.59531772575251 0.946997575219273
8.62876254180602 0.948261256114875
8.66220735785953 0.949496415165375
8.69565217391304 0.95070362017433
8.72909698996656 0.95188343125178
8.76254180602007 0.953036400736713
8.79598662207358 0.954163073131302
8.82943143812709 0.955263985046344
8.8628762541806 0.956339665157372
8.89632107023411 0.957390634170894
8.92976588628762 0.958417404800267
8.96321070234114 0.959420481750678
8.99665551839465 0.960400361712773
9.03010033444816 0.961357533364449
9.06354515050167 0.962292477380355
9.09698996655518 0.963205666448672
9.1304347826087 0.964097565294729
9.16387959866221 0.96496863071106
9.19732441471572 0.9658193115935
9.23076923076923 0.96665004898294
9.26421404682274 0.967461276112367
9.29765886287625 0.968253418458845
9.33110367892977 0.969026893800097
9.36454849498328 0.969782112275353
9.39799331103679 0.970519476450166
9.4314381270903 0.971239381384879
9.46488294314381 0.971942214706477
9.49832775919732 0.972628356683534
9.53177257525084 0.973298180303998
9.56521739130435 0.97395205135557
9.59866220735786 0.974590328508428
9.63210702341137 0.97521336340008
9.66555183946488 0.975821500722116
9.69899665551839 0.976415078308674
9.73244147157191 0.976994427226395
9.76588628762542 0.977559871865713
9.79933110367893 0.978111730033281
9.83277591973244 0.978650313045376
9.86622073578595 0.979175925822121
9.89966555183946 0.979688866982377
9.93311036789298 0.980189428939167
9.96655518394649 0.980677897995488
10 0.981154554440396
