0 0.0406520286063435
0.204081632653061 0.0463327541320959
0.408163265306122 0.0527636457572886
0.612244897959184 0.0600309454252095
0.816326530612245 0.068227096905555
1.02040816326531 0.0774500815118887
1.22448979591837 0.0878023504237513
1.42857142857143 0.0993892695507219
1.63265306122449 0.112316995015134
1.83673469387755 0.126689708574716
2.04081632653061 0.142606165923699
2.24489795918367 0.160155549928278
2.44897959183673 0.179412677734661
2.6530612244898 0.200432685734377
2.85714285714286 0.223245406920625
3.06122448979592 0.247849754344815
3.26530612244898 0.274208520367618
3.46938775510204 0.302244077654909
3.6734693877551 0.331835504800627
3.87755102040816 0.362817637799398
4.08163265306122 0.394982454268868
4.28571428571429 0.428083026846547
4.48979591836735 0.461840046941908
4.69387755102041 0.495950647557746
4.89795918367347 0.530098984791882
5.10204081632653 0.563967817861818
5.30612244897959 0.597250197849468
5.51020408163265 0.62966036104474
5.71428571428571 0.660943026606755
5.91836734693878 0.690880499940104
6.12244897959184 0.719297244745077
6.3265306122449 0.746061862395496
6.53061224489796 0.77108666442315
6.73469387755102 0.794325211346995
6.93877551020408 0.81576830363392
7.14285714285714 0.835438948487688
7.3469387755102 0.853386801475868
7.55102040816327 0.869682513237627
7.75510204081633 0.884412318555667
7.95918367346939 0.897673105399159
8.16326530612245 0.909568108152911
8.36734693877551 0.920203290148489
8.57142857142857 0.929684419369659
8.77551020408163 0.938114798032013
8.97959183673469 0.945593579711737
9.18367346938776 0.952214593821993
9.38775510204082 0.958065593223096
9.59183673469388 0.963227843541574
9.79591836734694 0.967775979786634
10 0.971778065090376
