1 1
1 1
1 1
1 1
1 1
1 1
1 1
1 1
1 1
1 1
1 1
1 1
1 1
1 1
1 1
1 1
0.999473961073119 1
0.999473961073119 1
0.999473961073119 1
0.998947922146239 1
0.998421883219358 1
0.997369805365597 1
0.997369805365597 1
0.997369805365597 1
0.997369805365597 1
0.996843766438716 1
0.996317727511836 1
0.995265649658075 1
0.994213571804313 1
0.993161493950552 1
0.992635455023672 1
0.991583377169911 0.996350364963504
0.99105733824303 0.996350364963504
0.990005260389269 0.994525547445255
0.988953182535508 0.994525547445255
0.987901104681746 0.994525547445255
0.987901104681746 0.994525547445255
0.986322987901105 0.994525547445255
0.984744871120463 0.994525547445255
0.982640715412941 0.989051094890511
0.981588637559179 0.989051094890511
0.980010520778538 0.987226277372263
0.978958442924776 0.985401459854015
0.976328248290373 0.981751824817518
0.972645975802209 0.981751824817518
0.970015781167806 0.981751824817518
0.967911625460284 0.981751824817518
0.965281430825881 0.981751824817518
0.961599158337717 0.981751824817518
0.958442924776433 0.976277372262774
0.954234613361389 0.976277372262774
0.951604418726986 0.970802919708029
0.950026301946344 0.968978102189781
0.948974224092583 0.968978102189781
0.944239873750658 0.968978102189781
0.941083640189374 0.968978102189781
0.938979484481852 0.965328467153285
0.933719095213046 0.963503649635037
0.92845870594424 0.963503649635037
0.920568122041031 0.961678832116788
0.915307732772225 0.958029197080292
0.911625460284061 0.950729927007299
0.907417148869016 0.945255474452555
0.900052603892688 0.945255474452555
0.894792214623882 0.943430656934307
0.890583903208837 0.936131386861314
0.884797475013151 0.936131386861314
0.877432930036823 0.930656934306569
0.871646501841136 0.928832116788321
0.862703840084166 0.927007299270073
0.855865334034719 0.927007299270073
0.849552866912151 0.925182481751825
0.843240399789584 0.925182481751825
0.837980010520779 0.925182481751825
0.832193582325092 0.925182481751825
0.823250920568122 0.91970802919708
0.816412414518674 0.917883211678832
0.813782219884271 0.916058394160584
0.807469752761704 0.916058394160584
0.800631246712257 0.914233576642336
0.79484481851657 0.914233576642336
0.786428195686481 0.914233576642336
0.778537611783272 0.906934306569343
0.770120988953182 0.905109489051095
0.764860599684377 0.905109489051095
0.756443976854287 0.903284671532847
0.75013150973172 0.903284671532847
0.742766964755392 0.901459854014598
0.74066280904787 0.901459854014598
0.735402419779064 0.901459854014598
0.730668069437138 0.901459854014598
0.723829563387691 0.897810218978102
0.720147290899527 0.894160583941606
0.715412940557601 0.89051094890511
0.709626512361915 0.888686131386861
0.700683850604945 0.888686131386861
0.697527617043661 0.888686131386861
0.690689110994214 0.888686131386861
0.682798527091005 0.888686131386861
0.675433982114677 0.886861313868613
0.664387164650184 0.885036496350365
0.661756970015781 0.87956204379562
0.655970541820095 0.87956204379562
0.650184113624408 0.877737226277372
0.643871646501841 0.875912408759124
0.637033140452393 0.875912408759124
0.63387690689111 0.875912408759124
0.628616517622304 0.875912408759124
0.624408206207259 0.875912408759124
0.620199894792215 0.872262773722628
0.613361388742767 0.872262773722628
0.6070489216202 0.87043795620438
0.59810625986323 0.87043795620438
0.592319831667543 0.87043795620438
0.588111520252499 0.87043795620438
0.584429247764335 0.868613138686131
0.58022093634929 0.868613138686131
0.576012624934245 0.868613138686131
0.568648079957917 0.866788321167883
0.56233561283535 0.866788321167883
0.554445028932141 0.866788321167883
0.551288795370857 0.864963503649635
0.543924250394529 0.857664233576642
0.539715938979484 0.857664233576642
0.534455549710679 0.852189781021898
0.531825355076276 0.85036496350365
0.525512887953709 0.85036496350365
0.521830615465544 0.85036496350365
0.515518148342977 0.843065693430657
0.511309836927933 0.841240875912409
0.505523408732246 0.839416058394161
0.501841136244082 0.835766423357664
0.499210941609679 0.832116788321168
0.495528669121515 0.832116788321168
0.49079431877959 0.832116788321168
0.486059968437664 0.828467153284672
0.483955812730142 0.826642335766423
0.4823776959495 0.824817518248175
0.479747501315097 0.822992700729927
0.477117306680694 0.822992700729927
0.47343503419253 0.819343065693431
0.468700683850605 0.815693430656934
0.465544450289321 0.815693430656934
0.463440294581799 0.813868613138686
0.459231983166754 0.812043795620438
0.459231983166754 0.81021897810219
0.456601788532351 0.81021897810219
0.451867438190426 0.806569343065693
0.449237243556023 0.799270072992701
0.448711204629143 0.799270072992701
0.44608100999474 0.799270072992701
0.443976854287217 0.799270072992701
0.440820620725934 0.799270072992701
0.434508153603367 0.797445255474453
0.432930036822725 0.797445255474453
0.42872172540768 0.797445255474453
0.426617569700158 0.797445255474453
0.422409258285113 0.793795620437956
0.420305102577591 0.793795620437956
0.412940557601262 0.79014598540146
0.409258285113098 0.782846715328467
0.406628090478695 0.781021897810219
0.403471856917412 0.779197080291971
0.402419779063651 0.779197080291971
0.40136770120989 0.779197080291971
0.400315623356128 0.779197080291971
0.399263545502367 0.773722627737226
0.398737506575487 0.768248175182482
0.398211467648606 0.768248175182482
0.395581273014203 0.766423357664234
0.3929510783798 0.764598540145985
0.387690689110994 0.762773722627737
0.386112572330352 0.762773722627737
0.385060494476591 0.762773722627737
0.382430299842188 0.760948905109489
0.380326144134666 0.760948905109489
0.376643871646502 0.760948905109489
0.376643871646502 0.755474452554745
0.37453971593898 0.755474452554745
0.371909521304577 0.755474452554745
0.370331404523935 0.753649635036496
0.368753287743293 0.75
0.367175170962651 0.75
0.364018937401368 0.748175182481752
0.362440820620726 0.748175182481752
0.360336664913204 0.744525547445255
0.358232509205681 0.744525547445255
0.355602314571278 0.739051094890511
0.355076275644398 0.739051094890511
0.351920042083114 0.737226277372263
0.349289847448711 0.737226277372263
0.346659652814308 0.737226277372263
0.344555497106786 0.731751824817518
0.342451341399264 0.731751824817518
0.342451341399264 0.731751824817518
0.340347185691741 0.731751824817518
0.337716991057338 0.72992700729927
0.337716991057338 0.72992700729927
0.336138874276696 0.72992700729927
0.335086796422935 0.717153284671533
0.332456601788532 0.713503649635037
0.331404523934771 0.711678832116788
0.33035244608101 0.70985401459854
0.329826407154129 0.70985401459854
0.328774329300368 0.70985401459854
0.327722251446607 0.706204379562044
0.325618095739085 0.706204379562044
0.322461862177801 0.704379562043796
0.320883745397159 0.704379562043796
0.319305628616518 0.700729927007299
0.316149395055234 0.697080291970803
0.314571278274592 0.695255474452555
0.311415044713309 0.691605839416058
0.309310889005786 0.687956204379562
0.308258811152025 0.687956204379562
0.304576538663861 0.686131386861314
0.302472382956339 0.684306569343066
0.297211993687533 0.684306569343066
0.292477643345608 0.684306569343066
0.292477643345608 0.684306569343066
0.286691215149921 0.684306569343066
0.28563913729616 0.682481751824818
0.282482903734876 0.680656934306569
0.279852709100473 0.678832116788321
0.277748553392951 0.677007299270073
0.27669647553919 0.677007299270073
0.273014203051026 0.673357664233577
0.270384008416623 0.673357664233577
0.2682798527091 0.671532846715328
0.2682798527091 0.667883211678832
0.266701735928459 0.666058394160584
0.266175697001578 0.666058394160584
0.264071541294056 0.660583941605839
0.263545502367175 0.658759124087591
0.261441346659653 0.656934306569343
0.260389268805892 0.656934306569343
0.257759074171489 0.656934306569343
0.256706996317728 0.655109489051095
0.254602840610205 0.655109489051095
0.253024723829563 0.655109489051095
0.25039452919516 0.653284671532847
0.249342451341399 0.64963503649635
0.248816412414519 0.645985401459854
0.247764334560757 0.644160583941606
0.246186217780116 0.644160583941606
0.243556023145713 0.644160583941606
0.239873750657549 0.642335766423358
0.239873750657549 0.636861313868613
0.238821672803787 0.633211678832117
0.238821672803787 0.627737226277372
0.237243556023146 0.627737226277372
0.237243556023146 0.625912408759124
0.236191478169385 0.625912408759124
0.235139400315623 0.622262773722628
0.23250920568122 0.622262773722628
0.230405049973698 0.622262773722628
0.227774855339295 0.622262773722628
0.227774855339295 0.613138686131387
0.226196738558653 0.60948905109489
0.225144660704892 0.60948905109489
0.22356654392425 0.607664233576642
0.22304050499737 0.605839416058394
0.221988427143609 0.604014598540146
0.220936349289847 0.598540145985402
0.219358232509206 0.598540145985402
0.217780115728564 0.596715328467153
0.216728037874803 0.593065693430657
0.216201998947922 0.585766423357664
0.215149921094161 0.582116788321168
0.213045765386639 0.582116788321168
0.211993687532877 0.582116788321168
0.210941609679116 0.578467153284672
0.208837453971594 0.574817518248175
0.208837453971594 0.574817518248175
0.207785376117833 0.574817518248175
0.207785376117833 0.574817518248175
0.206733298264072 0.571167883211679
0.206207259337191 0.569343065693431
0.204629142556549 0.563868613138686
0.203051025775907 0.563868613138686
0.201998947922146 0.563868613138686
0.201472908995266 0.56021897810219
0.199894792214624 0.558394160583942
0.197790636507102 0.558394160583942
0.19673855865334 0.558394160583942
0.194634402945818 0.552919708029197
0.192530247238296 0.543795620437956
0.190952130457654 0.543795620437956
0.190952130457654 0.541970802919708
0.18726985796949 0.536496350364963
0.185691741188848 0.536496350364963
0.184639663335087 0.534671532846715
0.182009468700684 0.534671532846715
0.180957390846923 0.529197080291971
0.179905312993161 0.529197080291971
0.179905312993161 0.527372262773723
0.179379274066281 0.521897810218978
0.17832719621252 0.52007299270073
0.176223040504997 0.518248175182482
0.175170962651236 0.518248175182482
0.174644923724356 0.516423357664234
0.172540768016833 0.512773722627737
0.171488690163072 0.509124087591241
0.171488690163072 0.501824817518248
0.170436612309311 0.498175182481752
0.16938453445555 0.496350364963504
0.168858495528669 0.494525547445255
0.168858495528669 0.490875912408759
0.168332456601789 0.490875912408759
0.167806417674908 0.485401459854015
0.166228300894266 0.483576642335766
0.163598106259863 0.47992700729927
0.163072067332983 0.474452554744526
0.162546028406102 0.474452554744526
0.162019989479221 0.474452554744526
0.16096791162546 0.474452554744526
0.159915833771699 0.474452554744526
0.159389794844819 0.472627737226277
0.159389794844819 0.472627737226277
0.158863755917938 0.467153284671533
0.158863755917938 0.465328467153285
0.154129405576013 0.463503649635036
0.153603366649132 0.45985401459854
0.15202524986849 0.45985401459854
0.15202524986849 0.45985401459854
0.150447133087848 0.458029197080292
0.149921094160968 0.452554744525547
0.147816938453446 0.450729927007299
0.147816938453446 0.448905109489051
0.147816938453446 0.447080291970803
0.147290899526565 0.447080291970803
0.147290899526565 0.447080291970803
0.145186743819043 0.443430656934307
0.142030510257759 0.443430656934307
0.140978432403998 0.443430656934307
0.139926354550237 0.441605839416058
0.139926354550237 0.43978102189781
0.138874276696476 0.43978102189781
0.137822198842714 0.43978102189781
0.136770120988953 0.437956204379562
0.135718043135192 0.436131386861314
0.134665965281431 0.436131386861314
0.134665965281431 0.436131386861314
0.13413992635455 0.434306569343066
0.133087848500789 0.432481751824818
0.133087848500789 0.428832116788321
0.133087848500789 0.428832116788321
0.133087848500789 0.427007299270073
0.131509731720147 0.425182481751825
0.131509731720147 0.423357664233577
0.129405576012625 0.423357664233577
0.127827459231983 0.421532846715328
0.126775381378222 0.41970802919708
0.126249342451341 0.416058394160584
0.1246712256707 0.412408759124088
0.124145186743819 0.412408759124088
0.124145186743819 0.410583941605839
0.123093108890058 0.405109489051095
0.122041031036297 0.394160583941606
0.121514992109416 0.392335766423358
0.120988953182536 0.385036496350365
0.119936875328774 0.383211678832117
0.118884797475013 0.381386861313869
0.118884797475013 0.375912408759124
0.118358758548133 0.368613138686131
0.117832719621252 0.366788321167883
0.116780641767491 0.364963503649635
0.11625460284061 0.364963503649635
0.115202524986849 0.364963503649635
0.114150447133088 0.364963503649635
0.113624408206207 0.363138686131387
0.113098369279327 0.361313868613139
0.111520252498685 0.361313868613139
0.110994213571804 0.35948905109489
0.110468174644924 0.357664233576642
0.110468174644924 0.355839416058394
0.110468174644924 0.355839416058394
0.109942135718043 0.354014598540146
0.109942135718043 0.352189781021898
0.109416096791163 0.352189781021898
0.108364018937401 0.352189781021898
0.107837980010521 0.35036496350365
0.106259863229879 0.346715328467153
0.105207785376118 0.346715328467153
0.104155707522357 0.344890510948905
0.104155707522357 0.344890510948905
0.103103629668595 0.344890510948905
0.102577590741715 0.344890510948905
0.102577590741715 0.344890510948905
0.102577590741715 0.343065693430657
0.100999473961073 0.339416058394161
0.100473435034193 0.339416058394161
0.0988953182535508 0.339416058394161
0.0983692793266702 0.335766423357664
0.0978432403997896 0.333941605839416
0.0962651236191478 0.332116788321168
0.0952130457653866 0.332116788321168
0.0941609679116255 0.332116788321168
0.0936349289847449 0.328467153284672
0.0931088900578643 0.328467153284672
0.0931088900578643 0.326642335766423
0.0920568122041031 0.326642335766423
0.0915307732772225 0.326642335766423
0.0894266175697002 0.324817518248175
0.088374539715939 0.324817518248175
0.0873224618621778 0.322992700729927
0.0862703840084166 0.319343065693431
0.0852183061546554 0.319343065693431
0.0852183061546554 0.315693430656934
0.0852183061546554 0.313868613138686
0.0852183061546554 0.312043795620438
0.0846922672277749 0.312043795620438
0.0836401893740137 0.31021897810219
0.0836401893740137 0.31021897810219
0.0836401893740137 0.308394160583942
0.0836401893740137 0.304744525547445
0.0825881115202525 0.302919708029197
0.0815360336664913 0.301094890510949
0.0815360336664913 0.299270072992701
0.0804839558127301 0.299270072992701
0.0799579168858496 0.297445255474453
0.0799579168858496 0.297445255474453
0.079431877958969 0.295620437956204
0.079431877958969 0.295620437956204
0.079431877958969 0.295620437956204
0.079431877958969 0.295620437956204
0.0789058390320884 0.293795620437956
0.0773277222514466 0.29014598540146
0.0773277222514466 0.286496350364964
0.0773277222514466 0.282846715328467
0.076801683324566 0.282846715328467
0.0762756443976854 0.282846715328467
0.0762756443976854 0.281021897810219
0.0762756443976854 0.281021897810219
0.0752235665439242 0.279197080291971
0.0741714886901631 0.279197080291971
0.0741714886901631 0.277372262773723
0.0741714886901631 0.273722627737226
0.0741714886901631 0.271897810218978
0.0736454497632825 0.271897810218978
0.0736454497632825 0.27007299270073
0.0731194108364019 0.266423357664234
0.0731194108364019 0.266423357664234
0.0720673329826407 0.260948905109489
0.0710152551288795 0.259124087591241
0.070489216201999 0.257299270072993
0.0699631772751184 0.255474452554745
0.0694371383482378 0.255474452554745
0.0694371383482378 0.253649635036496
0.067859021567596 0.253649635036496
0.0668069437138348 0.253649635036496
0.0662809047869542 0.253649635036496
0.0657548658600736 0.251824817518248
0.0647027880063125 0.25
0.0647027880063125 0.246350364963504
0.0647027880063125 0.246350364963504
0.0641767490794319 0.246350364963504
0.0641767490794319 0.246350364963504
0.0631246712256707 0.244525547445255
0.0625986322987901 0.244525547445255
0.0620725933719095 0.242700729927007
0.0610205155181483 0.242700729927007
0.0604944765912678 0.239051094890511
0.058916359810626 0.239051094890511
0.058916359810626 0.239051094890511
0.0583903208837454 0.239051094890511
0.0578642819568648 0.237226277372263
0.0568122041031036 0.237226277372263
0.056286165176223 0.235401459854015
0.056286165176223 0.231751824817518
0.0557601262493424 0.228102189781022
0.0557601262493424 0.228102189781022
0.0557601262493424 0.226277372262774
0.0547080483955813 0.222627737226277
0.0547080483955813 0.220802919708029
0.0536559705418201 0.218978102189781
0.0536559705418201 0.217153284671533
0.0536559705418201 0.215328467153285
0.0531299316149395 0.215328467153285
0.0531299316149395 0.213503649635036
0.0526038926880589 0.206204379562044
0.0515518148342977 0.206204379562044
0.0504997369805366 0.204379562043796
0.049973698053656 0.202554744525547
0.0494476591267754 0.197080291970803
0.0494476591267754 0.193430656934307
0.0489216201998948 0.193430656934307
0.0483955812730142 0.187956204379562
0.047343503419253 0.187956204379562
0.0468174644923724 0.186131386861314
0.0457653866386113 0.186131386861314
0.0452393477117307 0.182481751824818
0.0415570752235665 0.182481751824818
0.041031036296686 0.180656934306569
0.0399789584429248 0.180656934306569
0.0399789584429248 0.178832116788321
0.0394529195160442 0.178832116788321
0.0389268805891636 0.178832116788321
0.0389268805891636 0.178832116788321
0.038400841662283 0.175182481751825
0.038400841662283 0.171532846715328
0.0378748027354024 0.167883211678832
0.0378748027354024 0.164233576642336
0.0378748027354024 0.164233576642336
0.0378748027354024 0.162408759124088
0.0368227248816412 0.160583941605839
0.0352446081009995 0.160583941605839
0.0347185691741189 0.160583941605839
0.0347185691741189 0.160583941605839
0.0341925302472383 0.158759124087591
0.0331404523934771 0.158759124087591
0.0320883745397159 0.158759124087591
0.0305102577590742 0.156934306569343
0.029458179905313 0.153284671532847
0.029458179905313 0.151459854014599
0.0289321409784324 0.14963503649635
0.0273540241977906 0.145985401459854
0.0273540241977906 0.145985401459854
0.0273540241977906 0.138686131386861
0.0263019463440295 0.136861313868613
0.0263019463440295 0.133211678832117
0.0257759074171489 0.133211678832117
0.0257759074171489 0.122262773722628
0.0257759074171489 0.12043795620438
0.0257759074171489 0.12043795620438
0.0252498684902683 0.12043795620438
0.0247238295633877 0.116788321167883
0.0241977906365071 0.113138686131387
0.0241977906365071 0.113138686131387
0.0241977906365071 0.113138686131387
0.0241977906365071 0.113138686131387
0.0231457127827459 0.113138686131387
0.0220936349289847 0.113138686131387
0.0220936349289847 0.113138686131387
0.0215675960021042 0.113138686131387
0.0210415570752236 0.111313868613139
0.0210415570752236 0.111313868613139
0.0194634402945818 0.107664233576642
0.0189374013677012 0.107664233576642
0.0189374013677012 0.107664233576642
0.0189374013677012 0.107664233576642
0.01788532351394 0.102189781021898
0.01788532351394 0.102189781021898
0.01788532351394 0.10036496350365
0.01788532351394 0.0985401459854015
0.01788532351394 0.0985401459854015
0.0173592845870594 0.0967153284671533
0.0173592845870594 0.0948905109489051
0.0163072067332983 0.0912408759124088
0.0163072067332983 0.0912408759124088
0.0163072067332983 0.0912408759124088
0.0163072067332983 0.0912408759124088
0.0157811678064177 0.0894160583941606
0.0152551288795371 0.0875912408759124
0.0147290899526565 0.0875912408759124
0.0147290899526565 0.0875912408759124
0.0147290899526565 0.0875912408759124
0.0142030510257759 0.0875912408759124
0.0136770120988953 0.0875912408759124
0.0136770120988953 0.0875912408759124
0.0136770120988953 0.0839416058394161
0.0136770120988953 0.0839416058394161
0.0136770120988953 0.0839416058394161
0.0136770120988953 0.0839416058394161
0.0136770120988953 0.0839416058394161
0.0136770120988953 0.0821167883211679
0.0136770120988953 0.0821167883211679
0.0131509731720147 0.0821167883211679
0.0126249342451341 0.0821167883211679
0.0120988953182536 0.0802919708029197
0.0120988953182536 0.0802919708029197
0.0120988953182536 0.0802919708029197
0.0120988953182536 0.0802919708029197
0.0120988953182536 0.0802919708029197
0.011572856391373 0.0784671532846715
0.011572856391373 0.0784671532846715
0.011572856391373 0.0784671532846715
0.011572856391373 0.0784671532846715
0.011572856391373 0.0784671532846715
0.011572856391373 0.0766423357664234
0.011572856391373 0.0766423357664234
0.011572856391373 0.0766423357664234
0.011572856391373 0.0766423357664234
0.011572856391373 0.0748175182481752
0.011572856391373 0.0748175182481752
0.011572856391373 0.0748175182481752
0.011572856391373 0.0748175182481752
0.0110468174644924 0.0711678832116788
0.0110468174644924 0.0693430656934307
0.0110468174644924 0.0693430656934307
0.0105207785376118 0.0693430656934307
0.0105207785376118 0.0693430656934307
0.0105207785376118 0.0675182481751825
0.00999473961073119 0.0675182481751825
0.00999473961073119 0.0675182481751825
0.00999473961073119 0.0656934306569343
0.00999473961073119 0.062043795620438
0.00999473961073119 0.0602189781021898
0.00999473961073119 0.0602189781021898
0.00999473961073119 0.0583941605839416
0.00999473961073119 0.0583941605839416
0.0094687006838506 0.0583941605839416
0.0094687006838506 0.0583941605839416
0.0094687006838506 0.0583941605839416
0.0094687006838506 0.0547445255474453
0.00841662283008943 0.0547445255474453
0.00841662283008943 0.0547445255474453
0.00841662283008943 0.0547445255474453
0.00841662283008943 0.0547445255474453
0.00841662283008943 0.0547445255474453
0.00841662283008943 0.0547445255474453
0.00841662283008943 0.0529197080291971
0.00841662283008943 0.0510948905109489
0.00841662283008943 0.0510948905109489
0.00841662283008943 0.0510948905109489
0.00841662283008943 0.0510948905109489
0.00841662283008943 0.0510948905109489
0.00789058390320884 0.0510948905109489
0.00789058390320884 0.0510948905109489
0.00789058390320884 0.0510948905109489
0.00789058390320884 0.0510948905109489
0.00736454497632825 0.0510948905109489
0.00736454497632825 0.0510948905109489
0.00736454497632825 0.0510948905109489
0.00683850604944766 0.0510948905109489
0.00683850604944766 0.0510948905109489
0.00683850604944766 0.0510948905109489
0.00631246712256707 0.0510948905109489
0.00631246712256707 0.0510948905109489
0.00631246712256707 0.0510948905109489
0.00631246712256707 0.0510948905109489
0.00631246712256707 0.0510948905109489
0.00631246712256707 0.0492700729927007
0.00631246712256707 0.0492700729927007
0.00631246712256707 0.0492700729927007
0.00631246712256707 0.0492700729927007
0.00631246712256707 0.0492700729927007
0.00631246712256707 0.0492700729927007
0.00631246712256707 0.0492700729927007
0.00631246712256707 0.0492700729927007
0.00631246712256707 0.0492700729927007
0.00631246712256707 0.0492700729927007
0.00578642819568648 0.0456204379562044
0.00526038926880589 0.041970802919708
0.00526038926880589 0.041970802919708
0.00526038926880589 0.0401459854014599
0.0047343503419253 0.0383211678832117
0.00420831141504471 0.0383211678832117
0.00420831141504471 0.0383211678832117
0.00420831141504471 0.0364963503649635
0.00420831141504471 0.0364963503649635
0.00420831141504471 0.0364963503649635
0.00420831141504471 0.0364963503649635
0.00420831141504471 0.0346715328467153
0.00368227248816412 0.0346715328467153
0.00368227248816412 0.0346715328467153
0.00368227248816412 0.0346715328467153
0.00368227248816412 0.0346715328467153
0.00368227248816412 0.0346715328467153
0.00315623356128353 0.0346715328467153
0.00315623356128353 0.0346715328467153
0.00315623356128353 0.0328467153284672
0.00315623356128353 0.031021897810219
0.00263019463440295 0.031021897810219
0.00263019463440295 0.031021897810219
0.00210415570752236 0.031021897810219
0.00210415570752236 0.0273722627737226
0.00210415570752236 0.0273722627737226
0.00210415570752236 0.0273722627737226
0.00210415570752236 0.0273722627737226
0.00210415570752236 0.0273722627737226
0.00157811678064177 0.0273722627737226
0.00157811678064177 0.0273722627737226
0.00157811678064177 0.0273722627737226
0.00157811678064177 0.0273722627737226
0.00157811678064177 0.0273722627737226
0.00157811678064177 0.0218978102189781
0.00157811678064177 0.0200729927007299
0.00157811678064177 0.0200729927007299
0.00157811678064177 0.0200729927007299
0.00157811678064177 0.0200729927007299
0.00157811678064177 0.0200729927007299
0.00157811678064177 0.0200729927007299
0.00157811678064177 0.0200729927007299
0.00157811678064177 0.0182481751824818
0.00157811678064177 0.0182481751824818
0.00157811678064177 0.0182481751824818
0.00157811678064177 0.0182481751824818
0.00157811678064177 0.0164233576642336
0.00157811678064177 0.0164233576642336
0.00157811678064177 0.0164233576642336
0.00157811678064177 0.0164233576642336
0.00157811678064177 0.0164233576642336
0.00105207785376118 0.0164233576642336
0.00105207785376118 0.0145985401459854
0.00105207785376118 0.0145985401459854
0.00105207785376118 0.0145985401459854
0.00105207785376118 0.0145985401459854
0.00105207785376118 0.0145985401459854
0.00105207785376118 0.0145985401459854
0.00105207785376118 0.0145985401459854
0.00105207785376118 0.0145985401459854
0.00105207785376118 0.0145985401459854
0.00105207785376118 0.0145985401459854
0.00105207785376118 0.0145985401459854
0.00105207785376118 0.0145985401459854
0.00105207785376118 0.0145985401459854
0.00105207785376118 0.0145985401459854
0.00105207785376118 0.0145985401459854
0.00105207785376118 0.0145985401459854
0.00105207785376118 0.0145985401459854
0.00105207785376118 0.0145985401459854
0.00105207785376118 0.0145985401459854
0.00105207785376118 0.0145985401459854
0.00105207785376118 0.0145985401459854
0.00105207785376118 0.0145985401459854
0.00105207785376118 0.0145985401459854
0.00105207785376118 0.0145985401459854
0.00105207785376118 0.0127737226277372
0.00105207785376118 0.0109489051094891
0.00105207785376118 0.0109489051094891
0.00105207785376118 0.0072992700729927
0.00105207785376118 0.0072992700729927
0.00105207785376118 0.0072992700729927
0.00105207785376118 0.0072992700729927
0.00105207785376118 0.0072992700729927
0.00105207785376118 0.0072992700729927
0.00105207785376118 0.0072992700729927
0.00105207785376118 0.0072992700729927
0.00105207785376118 0.0072992700729927
0.00105207785376118 0.0072992700729927
0.00105207785376118 0.0072992700729927
0.00105207785376118 0.0072992700729927
0.00105207785376118 0.0072992700729927
0.00105207785376118 0.0072992700729927
0.00105207785376118 0.0072992700729927
0.00105207785376118 0.0072992700729927
0.00105207785376118 0.0072992700729927
0.00105207785376118 0.0072992700729927
0.00105207785376118 0.0072992700729927
0.00105207785376118 0.0072992700729927
0.00105207785376118 0.0072992700729927
0.00105207785376118 0.0072992700729927
0.00105207785376118 0.0072992700729927
0.00105207785376118 0.0072992700729927
0.00105207785376118 0.0072992700729927
0.00105207785376118 0.0072992700729927
0.00105207785376118 0.0072992700729927
0.00105207785376118 0.0072992700729927
0.00105207785376118 0.0072992700729927
0.00105207785376118 0.0072992700729927
0.000526038926880589 0.0072992700729927
0.000526038926880589 0.0072992700729927
0.000526038926880589 0.0072992700729927
0.000526038926880589 0.0072992700729927
0.000526038926880589 0.0072992700729927
0.000526038926880589 0.0072992700729927
0.000526038926880589 0.0072992700729927
0.000526038926880589 0.0072992700729927
0.000526038926880589 0.0072992700729927
0.000526038926880589 0.0072992700729927
0.000526038926880589 0.0072992700729927
0.000526038926880589 0.0072992700729927
0.000526038926880589 0.0072992700729927
0.000526038926880589 0.0072992700729927
0.000526038926880589 0.0072992700729927
0.000526038926880589 0.0072992700729927
0.000526038926880589 0.0072992700729927
0.000526038926880589 0.0072992700729927
0.000526038926880589 0.00547445255474453
0.000526038926880589 0.00547445255474453
0.000526038926880589 0.00547445255474453
0.000526038926880589 0.00547445255474453
0.000526038926880589 0.00547445255474453
0.000526038926880589 0.00547445255474453
0.000526038926880589 0.00547445255474453
0 0.00547445255474453
0 0.00547445255474453
0 0.00547445255474453
0 0.00547445255474453
0 0.00547445255474453
0 0.00547445255474453
0 0.00547445255474453
0 0.00547445255474453
0 0.00547445255474453
0 0.00547445255474453
0 0.00547445255474453
0 0.00547445255474453
0 0.00547445255474453
0 0.00547445255474453
0 0.00547445255474453
0 0.00547445255474453
0 0.00547445255474453
0 0.00547445255474453
0 0.00547445255474453
0 0.00547445255474453
0 0.00547445255474453
0 0.00547445255474453
0 0.00547445255474453
0 0.00547445255474453
0 0.00547445255474453
0 0.00547445255474453
0 0.00547445255474453
0 0.00547445255474453
0 0.00547445255474453
0 0.00547445255474453
0 0.00547445255474453
0 0.00547445255474453
0 0.00547445255474453
0 0.00547445255474453
0 0.00364963503649635
0 0.00364963503649635
0 0.00364963503649635
0 0.00364963503649635
0 0.00364963503649635
0 0.00364963503649635
0 0.00364963503649635
0 0.00364963503649635
0 0.00364963503649635
0 0.00364963503649635
0 0.00364963503649635
0 0.00364963503649635
0 0.00364963503649635
0 0.00364963503649635
0 0.00364963503649635
0 0.00364963503649635
0 0.00364963503649635
0 0.00182481751824818
0 0.00182481751824818
0 0.00182481751824818
0 0.00182481751824818
0 0.00182481751824818
0 0.00182481751824818
0 0.00182481751824818
0 0.00182481751824818
0 0.00182481751824818
0 0.00182481751824818
0 0.00182481751824818
0 0
0 0
0 0
0 0
0 0
0 0
0 0
0 0
0 0
0 0
0 0
0 0
0 0
0 0
0 0
0 0
0 0
0 0
0 0
0 0
0 0
0 0
0 0
0 0
0 0
0 0
0 0
0 0
0 0
0 0
0 0
0 0
0 0
0 0
0 0
0 0
0 0
0 0
0 0
0 0
0 0
0 0
0 0
0 0
0 0
0 0
0 0
0 0
0 0
0 0
0 0
0 0
0 0
0 0
0 0
0 0
0 0
0 0
0 0
0 0
0 0
0 0
0 0
0 0
0 0
0 0
0 0
0 0
0 0
0 0
0 0
0 0
0 0
0 0
0 0
0 0
0 0
0 0
0 0
0 0
0 0
0 0
0 0
0 0
0 0
0 0
0 0
0 0
0 0
0 0
0 0
0 0
0 0
0 0
0 0
0 0
0 0
0 0
0 0
0 0
0 0
0 0
0 0
0 0
0 0
0 0
0 0
0 0
0 0
0 0
0 0
0 0
0 0
0 0
0 0
0 0
0 0
0 0
0 0
0 0
0 0
0 0
0 0
0 0
0 0
0 0
0 0
0 0
0 0
0 0
0 0
0 0
0 0
0 0
0 0
0 0
0 0
0 0
0 0
0 0
0 0
0 0
0 0
0 0
0 0
0 0
0 0
0 0
0 0
0 0
0 0
0 0
0 0
0 0
0 0
0 0
0 0
0 0
0 0
0 0
0 0
0 0
