1 1
1 1
1 1
1 1
1 1
1 1
1 1
1 1
1 1
1 1
1 1
1 1
1 1
1 1
1 1
1 1
1 1
1 1
1 1
1 1
1 1
1 1
1 1
1 1
1 1
1 1
1 1
1 1
1 1
0.999469777306469 1
0.99946949602122 1
0.999468650371945 1
0.999468367889421 1
0.999467802022352 1
0.999467518636848 1
0.999466382070438 1
0.999466097170315 1
0.99946552645644 1
0.998929909042269 1
0.998927613941019 1
0.998387963460505 1
0.998384491114701 1
0.998380129589633 1
0.998377501352082 1
0.998371335504886 1
0.997822536744692 1
0.997816593886463 1
0.997260273972603 1
0.997251236943375 1
0.996688741721854 0.99812382739212
0.996130458817026 0.99812030075188
0.996117581808098 0.99812030075188
0.99390243902439 0.99812030075188
0.993340732519423 0.998116760828625
0.992204899777283 0.994360902255639
0.989373601789709 0.994360902255639
0.987647389107243 0.994350282485876
0.986433013001696 0.994350282485876
0.985835694050991 0.994339622641509
0.985730593607306 0.992380952380952
0.985091743119266 0.992380952380952
0.984979780473715 0.992337164750958
0.984329657573999 0.986615678776291
0.983070636310566 0.986590038314176
0.980690462258631 0.986512524084778
0.974780058651026 0.984555984555985
0.972813238770686 0.984526112185687
0.969624776652769 0.984526112185687
0.967261904761905 0.984466019417476
0.965227817745803 0.980657640232108
0.963768115942029 0.98062015503876
0.961070559610706 0.980582524271845
0.958511287370348 0.978682170542636
0.954684629516228 0.978557504873294
0.950276243093923 0.978557504873294
0.947627849661121 0.978557504873294
0.944789081885856 0.976653696498054
0.940298507462687 0.976653696498054
0.935705368289638 0.976653696498054
0.930538172715895 0.976608187134503
0.928706624605678 0.970760233918129
0.924588086185044 0.970645792563601
0.921656050955414 0.970645792563601
0.918797953964194 0.962962962962963
0.913516976297245 0.962962962962963
0.908974358974359 0.962962962962963
0.906109324758842 0.962962962962963
0.900906735751295 0.962962962962963
0.896820246593121 0.962890625
0.890544041450777 0.957115009746589
0.88651102464332 0.951456310679612
0.880052151238592 0.943907156673114
0.87279843444227 0.943798449612403
0.865058670143416 0.936538461538462
0.858360655737705 0.936538461538462
0.85 0.929389312977099
0.842555994729908 0.92925430210325
0.834319526627219 0.927063339731286
0.826517150395778 0.927063339731286
0.819499341238472 0.926923076923077
0.810151615029664 0.926923076923077
0.802096985583224 0.926782273603083
0.798424162836507 0.926640926640927
0.794854881266491 0.926640926640927
0.791114058355438 0.92485549132948
0.779973649538867 0.924710424710425
0.775725593667546 0.922779922779923
0.768976897689769 0.922630560928433
0.763888888888889 0.922630560928433
0.759283819628647 0.922630560928433
0.752996005326232 0.919075144508671
0.748331108144192 0.912045889101338
0.74247491638796 0.910133843212237
0.730769230769231 0.908396946564885
0.722295514511873 0.908396946564885
0.716358839050132 0.906666666666667
0.708609271523179 0.904214559386973
0.701859229747676 0.898661567877629
0.695623342175066 0.898661567877629
0.687624090006618 0.898467432950192
0.68236074270557 0.898076923076923
0.674650698602794 0.898076923076923
0.667994687915007 0.896353166986564
0.663793103448276 0.896153846153846
0.660026560424967 0.895953757225434
0.651856763925729 0.893822393822394
0.645929847782925 0.890384615384615
0.640635340833885 0.886538461538461
0.636845593108019 0.884615384615385
0.630708140304434 0.882692307692308
0.625331564986737 0.882239382239382
0.620529801324503 0.878612716763006
0.614116094986807 0.878612716763006
0.607894736842105 0.876685934489403
0.601178781925344 0.876208897485493
0.596995427824951 0.874031007751938
0.588961038961039 0.872093023255814
0.584306095979248 0.871844660194175
0.5810635538262 0.87015503875969
0.57427652733119 0.869649805447471
0.568138195777351 0.868884540117417
0.561862244897959 0.868884540117417
0.557324840764331 0.868884540117417
0.551811824539097 0.868369351669941
0.54505076142132 0.867850098619329
0.541243654822335 0.867850098619329
0.535646687697161 0.867850098619329
0.530112923462986 0.863905325443787
0.526545908806996 0.863636363636364
0.520573566084788 0.861932938856016
0.517391304347826 0.861932938856016
0.510506798516687 0.861932938856016
0.506477483035163 0.861932938856016
0.500307314074985 0.861660079051383
0.496928746928747 0.861660079051383
0.491671807526218 0.861660079051383
0.485872235872236 0.857988165680473
0.479975354282193 0.857425742574257
0.476365868631062 0.854581673306773
0.472426470588235 0.852882703777336
0.468292682926829 0.852295409181637
0.465653495440729 0.852295409181637
0.461678832116788 0.850597609561753
0.459344660194175 0.845544554455446
0.45619335347432 0.839285714285714
0.453943407585792 0.839285714285714
0.453125 0.8389662027833
0.45078031212485 0.838323353293413
0.447966507177034 0.834661354581673
0.444179104477612 0.834331337325349
0.440809042236764 0.832669322709163
0.437686344663089 0.83
0.433749257278669 0.828
0.430952380952381 0.826
0.428061831153389 0.821073558648111
0.423738872403561 0.821073558648111
0.420677361853832 0.817821782178218
0.417901600474215 0.816205533596838
0.415776986951364 0.816205533596838
0.413404507710558 0.814595660749507
0.411381149970362 0.812252964426877
0.408417308832247 0.810276679841897
0.406268480189237 0.808300395256917
0.401769911504425 0.80511811023622
0.398939304655274 0.80511811023622
0.397058823529412 0.803571428571429
0.393761035903473 0.798816568047337
0.389541715628672 0.797244094488189
0.387419165196943 0.793713163064833
0.386150234741784 0.791338582677165
0.383128295254833 0.791338582677165
0.380364491475603 0.790927021696253
0.378235294117647 0.790927021696253
0.376615746180964 0.789370078740158
0.373755125951963 0.788954635108481
0.371779859484778 0.78740157480315
0.369742990654206 0.783889980353635
0.368205727644652 0.781746031746032
0.366977829638273 0.779761904761905
0.36548518303312 0.777777777777778
0.362790697674419 0.773809523809524
0.360417875798027 0.771825396825397
0.35842501447597 0.768774703557312
0.356108859293573 0.767857142857143
0.352634626519977 0.766336633663366
0.351445086705202 0.761341222879684
0.349884526558891 0.755905511811024
0.347951529140219 0.754940711462451
0.346397694524496 0.753968253968254
0.343515850144092 0.753968253968254
0.341604154645124 0.753968253968254
0.338150289017341 0.751984126984127
0.336799537839399 0.749502982107356
0.335644136337377 0.749003984063745
0.331018518518519 0.747514910536779
0.328314997104806 0.745526838966203
0.324418604651163 0.745526838966203
0.321303841676368 0.743027888446215
0.318023255813953 0.740079365079365
0.31609529343405 0.738095238095238
0.312354312354312 0.738095238095238
0.310787172011662 0.738095238095238
0.308454810495627 0.737051792828685
0.303967327887981 0.736526946107784
0.30267753201397 0.736526946107784
0.30011655011655 0.736526946107784
0.297959183673469 0.734
0.296382730455076 0.734
0.295388207822534 0.732394366197183
0.293877551020408 0.729838709677419
0.292952824694234 0.728370221327968
0.292030250145433 0.72635814889336
0.288707799767171 0.724899598393574
0.286961583236321 0.72289156626506
0.284887087434858 0.722334004024145
0.282482598607889 0.722334004024145
0.281575898030127 0.722334004024145
0.277906976744186 0.719758064516129
0.276905177428738 0.717171717171717
0.274840209180709 0.712273641851107
0.272251308900524 0.703187250996016
0.270081490104773 0.703187250996016
0.268917345750873 0.701789264413519
0.268335273573923 0.694280078895464
0.267597440372309 0.692460317460317
0.265424912689173 0.686390532544379
0.263646922183508 0.684418145956608
0.261475886112725 0.683794466403162
0.260591990713871 0.683794466403162
0.260162601626016 0.682539682539683
0.257989540964556 0.681274900398406
0.255948926291352 0.681274900398406
0.254355400696864 0.679282868525896
0.253047011027278 0.6779324055666
0.250871080139373 0.676
0.249710312862109 0.676
0.24739281575898 0.673346693386774
0.245949074074074 0.672032193158954
0.24537037037037 0.670682730923695
0.243055555555556 0.667338709677419
0.241478913922588 0.666666666666667
0.23963133640553 0.664634146341463
0.238780207134638 0.664634146341463
0.237219988512349 0.661943319838057
0.23593570608496 0.661943319838057
0.233810888252149 0.661943319838057
0.23090178058587 0.660569105691057
0.22993119266055 0.658486707566462
0.228211009174312 0.652892561983471
0.22737686139748 0.652173913043478
0.226027397260274 0.649484536082474
0.225456621004566 0.648148148148148
0.224501424501424 0.647422680412371
0.223168654173765 0.647422680412371
0.221404303510759 0.645360824742268
0.219649915302089 0.643298969072165
0.218591549295775 0.641078838174274
0.217146080090243 0.638253638253638
0.215332581736189 0.635610766045549
0.213882618510158 0.632989690721649
0.212189616252822 0.630927835051546
0.210941906373378 0.628865979381443
0.209039548022599 0.628099173553719
0.205998868138087 0.625
0.204867006225241 0.622129436325679
0.203839638622247 0.620833333333333
0.201581027667984 0.61954261954262
0.199322416713721 0.617154811715481
0.196499153020892 0.615062761506276
0.195823927765237 0.612631578947368
0.194915254237288 0.612631578947368
0.194350282485876 0.609243697478992
0.193329564725834 0.605485232067511
0.191873589164786 0.602105263157895
0.191226096737908 0.59958071278826
0.189402480270575 0.596638655462185
0.188169014084507 0.59538784067086
0.187147688838782 0.59043659043659
0.185352112676056 0.587136929460581
0.183050847457627 0.58125
0.182485875706215 0.577405857740586
0.181920903954802 0.57563025210084
0.18068887634105 0.572938689217759
0.180281690140845 0.572938689217759
0.179617117117117 0.570526315789474
0.179154929577465 0.568710359408034
0.176702307259426 0.566596194503171
0.175211267605634 0.559071729957806
0.174182638105975 0.557203389830508
0.174084507042254 0.549682875264271
0.173693086003373 0.547368421052632
0.171734234234234 0.543933054393305
0.170704225352113 0.542797494780793
0.169577464788732 0.537344398340249
0.168823860438942 0.537344398340249
0.168634064080944 0.536231884057971
0.167883211678832 0.532091097308489
0.165730337078652 0.532091097308489
0.164983164983165 0.528066528066528
0.164421997755331 0.523908523908524
0.162921348314607 0.522916666666667
0.161036036036036 0.522916666666667
0.15990990990991 0.520833333333333
0.15887323943662 0.51975051975052
0.158605174353206 0.515657620041754
0.157865168539326 0.513626834381551
0.156741573033708 0.511482254697286
0.156653565412689 0.509394572025052
0.155829596412556 0.509394572025052
0.154708520179372 0.507306889352818
0.151515151515152 0.503118503118503
0.14983164983165 0.501035196687371
0.149103139013453 0.501035196687371
0.14829322887521 0.498969072164948
0.146300448430493 0.498969072164948
0.145576707726764 0.496907216494845
0.144854586129754 0.490759753593429
0.144209354120267 0.490759753593429
0.142459654980523 0.487755102040816
0.142222222222222 0.486707566462168
0.141671278361926 0.483673469387755
0.140961857379768 0.480730223123732
0.140961857379768 0.477642276422764
0.140486725663717 0.476578411405295
0.138504155124654 0.475609756097561
0.137873754152824 0.474645030425964
0.137797454344217 0.472505091649695
0.135734072022161 0.471544715447154
0.135030437188711 0.470468431771894
0.134806629834254 0.470468431771894
0.133296460176991 0.468431771894094
0.13185595567867 0.464212678936605
0.130410654827969 0.461065573770492
0.130338325013866 0.456611570247934
0.129229062673322 0.447422680412371
0.129229062673322 0.444214876033058
0.127565169162507 0.440993788819876
0.126455906821963 0.4375
0.125416204217536 0.433333333333333
0.125207756232687 0.427974947807933
0.124515771997786 0.425311203319502
0.123756906077348 0.425311203319502
0.123756906077348 0.41995841995842
0.122719734660033 0.41995841995842
0.12174875484228 0.41875
0.120775623268698 0.417879417879418
0.119601328903654 0.417879417879418
0.119601328903654 0.411642411642412
0.118981737686774 0.409937888198758
0.117940199335548 0.407407407407407
0.116832779623477 0.404123711340206
0.116279069767442 0.40041067761807
0.116279069767442 0.40041067761807
0.115533443891653 0.397540983606557
0.115044247787611 0.393877551020408
0.115044247787611 0.392638036809816
0.114980652294085 0.392638036809816
0.114364640883978 0.389795918367347
0.11387506909895 0.387755102040816
0.111849390919158 0.385714285714286
0.111357340720222 0.385714285714286
0.110680686220255 0.385714285714286
0.109452736318408 0.385714285714286
0.109271523178808 0.382892057026477
0.109090909090909 0.382113821138211
0.10657095527333 0.379591836734694
0.104972375690608 0.377281947261663
0.104419889502762 0.373469387755102
0.10287610619469 0.371196754563895
0.10287610619469 0.370445344129555
0.102592388306674 0.368209255533199
0.100608070757324 0.367469879518072
0.0996126175982291 0.364185110663984
0.0989496959646213 0.362903225806452
0.0977900552486188 0.362173038229376
0.0966850828729282 0.36144578313253
0.0964718853362734 0.360160965794769
0.0959206174200661 0.359437751004016
0.0954219525648097 0.35871743486974
0.0943708609271523 0.358
0.0932671081677704 0.354124748490946
0.0915104740904079 0.353413654618474
0.0903581267217631 0.351297405189621
0.0901098901098901 0.35
0.0895604395604396 0.348697394789579
0.0895604395604396 0.347389558232932
0.089010989010989 0.346076458752515
0.0884615384615385 0.343373493975904
0.0877674163466813 0.3420523138833
0.0876712328767123 0.337325349301397
0.0865753424657534 0.334669338677355
0.0855732309380143 0.330661322645291
0.0849315068493151 0.328031809145129
0.0847921225382932 0.327380952380952
0.0846531949754233 0.326086956521739
0.0836065573770492 0.324803149606299
0.0835152838427948 0.323471400394477
0.0828789531079607 0.322134387351779
0.0828789531079607 0.320866141732283
0.0827886710239651 0.318897637795276
0.0811989100817439 0.317554240631164
0.0801526717557252 0.315581854043393
0.0800217746325531 0.313609467455621
0.0799782372143634 0.310891089108911
0.0799782372143634 0.310276679841897
0.0798913043478261 0.309664694280079
0.0798913043478261 0.306930693069307
0.078804347826087 0.306324110671937
0.0787615426398696 0.304347826086957
0.0782183595871809 0.303747534516765
0.0771739130434783 0.301960784313725
0.0770482908301682 0.3
0.0768398268398268 0.297244094488189
0.0768398268398268 0.296660117878193
0.0757985923118571 0.295275590551181
0.0752571737953438 0.291913214990138
0.0751757706868578 0.291913214990138
0.0746349378042185 0.289108910891089
0.0745542949756888 0.286282306163022
0.072972972972973 0.284294234592445
0.072972972972973 0.282868525896414
0.0723151645979493 0.280318091451292
0.0723151645979493 0.279761904761905
0.0717367853290183 0.278330019880716
0.0712358337830545 0.277777777777778
0.0702323068611561 0.276341948310139
0.0682187330806714 0.276341948310139
0.0676773145641581 0.276341948310139
0.0666666666666667 0.274161735700197
0.0666305525460455 0.270750988142292
0.0650759219088937 0.267326732673267
0.0650054171180932 0.266272189349112
0.0649702219815918 0.265225933202358
0.0649350649350649 0.264187866927593
0.0639219934994583 0.262745098039216
0.0634146341463415 0.262745098039216
0.0623644251626898 0.262745098039216
0.0622631293990254 0.261296660117878
0.0622631293990254 0.261296660117878
0.0612134344528711 0.259842519685039
0.0601300108342362 0.259842519685039
0.0601300108342362 0.256916996047431
0.0591106290672451 0.255905511811024
0.0591106290672451 0.254901960784314
0.0591106290672451 0.251968503937008
0.0585683297180043 0.250493096646943
0.0579317812669193 0.248031496062992
0.0568797399783315 0.245059288537549
0.0568797399783315 0.243564356435644
0.0568181818181818 0.240556660039761
0.055224688684353 0.239043824701195
0.055224688684353 0.238095238095238
0.055224688684353 0.236111111111111
0.0542005420054201 0.236111111111111
0.0531165311653117 0.235643564356436
0.0531165311653117 0.231225296442688
0.0530877573131094 0.229249011857708
0.0530590146182999 0.223107569721116
0.0530590146182999 0.223107569721116
0.0514347590687602 0.219560878243513
0.0508933405522469 0.219123505976096
0.0503791982665222 0.215568862275449
0.0503246753246753 0.213572854291417
0.0481862479696806 0.208835341365462
0.0471544715447154 0.207243460764588
0.0466377440347072 0.203629032258065
0.0450108459869848 0.20281124497992
0.0449620801733478 0.201195219123506
0.0439262472885033 0.199600798403194
0.042368278109723 0.198
0.0413268080478521 0.19438877755511
0.0407387289516567 0.19438877755511
0.0396739130434783 0.19438877755511
0.0396523628462792 0.194
0.0391091797935904 0.194
0.0385869565217391 0.189620758483034
0.0385659967409017 0.187624750499002
0.0385659967409017 0.179435483870968
0.0384823848238482 0.179435483870968
0.0373376623376623 0.179435483870968
0.0373376623376623 0.176352705410822
0.0373174689021092 0.17434869739479
0.0362554112554113 0.174
0.0351731601731602 0.174
0.0351731601731602 0.173652694610778
0.0345945945945946 0.173652694610778
0.0340724716062737 0.171314741035857
0.0319436924742826 0.168
0.0319264069264069 0.167664670658683
0.0303358613217768 0.165009940357853
0.0297941495124594 0.159680638722555
0.0297458085451595 0.156312625250501
0.0292049756625203 0.156312625250501
0.0286796536796537 0.152304609218437
0.0276273022751896 0.143724696356275
0.0276123443421765 0.141414141414141
0.02652950730915 0.141414141414141
0.02652950730915 0.139112903225806
0.0260021668472373 0.139112903225806
0.0254466702761234 0.133874239350913
0.0243770314192849 0.133333333333333
0.0243638332430969 0.129554655870445
0.0243638332430969 0.129554655870445
0.0237709346299298 0.129292929292929
0.0237452779276848 0.125506072874494
0.0237452779276848 0.125506072874494
0.0232056125202375 0.125252525252525
0.0226781857451404 0.125
0.0215866162978953 0.122736418511066
0.0215866162978953 0.122244488977956
0.0210469508904479 0.121756487025948
0.0210355987055016 0.121756487025948
0.0210242587601078 0.119284294234592
0.0204962243797195 0.115079365079365
0.0204851752021563 0.114851485148515
0.0188781014023732 0.114624505928854
0.0188679245283019 0.110671936758893
0.0183189655172414 0.107142857142857
0.0183091007000538 0.106508875739645
0.0182894029047875 0.104536489151874
0.0182501341921632 0.102564102564103
0.018230563002681 0.102564102564103
0.0176848874598071 0.102564102564103
0.0166130760986066 0.102362204724409
0.0165952890792291 0.0988142292490119
0.0165864098448368 0.0986193293885602
0.0165775401069519 0.0986193293885602
0.0165775401069519 0.0948616600790514
0.0155163188871054 0.0943025540275049
0.0155163188871054 0.0941176470588235
0.0149812734082397 0.0941176470588235
0.014430785676109 0.0941176470588235
0.0138963121325494 0.09375
0.0138740661686233 0.0933852140077821
0.0138666666666667 0.0930232558139535
0.0138666666666667 0.0928433268858801
0.0138592750533049 0.0921305182341651
0.0138592750533049 0.0921305182341651
0.0138518913159297 0.0921305182341651
0.0138371474188398 0.0921305182341651
0.0138297872340426 0.0851063829787234
0.0138224348750665 0.0851063829787234
0.013290802764487 0.0851063829787234
0.0127659574468085 0.0846153846153846
0.0127659574468085 0.0828516377649326
0.0122405534858968 0.0825335892514395
0.0122405534858968 0.0823754789272031
0.012227538543328 0.0823754789272031
0.012221041445271 0.0820610687022901
0.012221041445271 0.0803059273422562
0.012221041445271 0.0801526717557252
0.0116959064327485 0.0783938814531549
0.0116896918172157 0.0782442748091603
0.0116896918172157 0.0779467680608365
0.0116896918172157 0.0760456273764259
0.0116834838024429 0.0757575757575758
0.0116834838024429 0.0738636363636364
0.0116834838024429 0.0737240075614367
0.0116834838024429 0.0737240075614367
0.0111583421891605 0.0734463276836158
0.0106269925611052 0.0734463276836158
0.0106157112526539 0.0731707317073171
0.0106157112526539 0.0712945590994371
0.0106157112526539 0.0710280373831776
0.0100902814657461 0.0692883895131086
0.0100902814657461 0.0692883895131086
0.0100849256900212 0.0692883895131086
0.0100688924218336 0.0675422138836773
0.0100635593220339 0.0675422138836773
0.0100582318687136 0.064030131826742
0.00953389830508475 0.0621468926553672
0.00953389830508475 0.0602636534839925
0.00953389830508475 0.0602636534839925
0.00952885124404447 0.056710775047259
0.00952885124404447 0.056710775047259
0.00952885124404447 0.0564971751412429
0.00952885124404447 0.0564971751412429
0.00952380952380952 0.0564971751412429
0.00952380952380952 0.0564971751412429
0.00952380952380952 0.0562851782363977
0.00951877313590693 0.0562851782363977
0.00847008999470619 0.0562851782363977
0.00847008999470619 0.0544090056285178
0.00846113167636171 0.0526315789473684
0.00846113167636171 0.0526315789473684
0.00846113167636171 0.0526315789473684
0.00845219228737454 0.0526315789473684
0.00844772967265047 0.0508474576271186
0.00844772967265047 0.0508474576271186
0.00844772967265047 0.0508474576271186
0.00844772967265047 0.050656660412758
0.00844772967265047 0.050656660412758
0.00844772967265047 0.050656660412758
0.00791974656810982 0.050656660412758
0.00739566825145272 0.050656660412758
0.00739566825145272 0.050656660412758
0.00739176346356917 0.050656660412758
0.00738786279683377 0.050656660412758
0.00738786279683377 0.050561797752809
0.00738786279683377 0.050561797752809
0.00686378035902851 0.050561797752809
0.0063391442155309 0.0504672897196262
0.0063391442155309 0.0503731343283582
0.00581395348837209 0.0503731343283582
0.00581395348837209 0.0503731343283582
0.00581395348837209 0.0485981308411215
0.00581395348837209 0.0485981308411215
0.00581395348837209 0.0485074626865672
0.00528262017960909 0.0466417910447761
0.00528262017960909 0.0466417910447761
0.00528262017960909 0.0448598130841121
0.00475184794086589 0.0446927374301676
0.00475184794086589 0.0445269016697588
0.00475184794086589 0.0445269016697588
0.00475184794086589 0.0444444444444444
0.00475184794086589 0.0426716141001855
0.00475184794086589 0.0425925925925926
0.00422609614368727 0.0425925925925926
0.00369978858350951 0.0408163265306122
0.00317124735729387 0.0390334572490706
0.00264410364886304 0.0371747211895911
0.00264410364886304 0.0371057513914657
0.00264410364886304 0.037037037037037
0.00264410364886304 0.037037037037037
0.00211528291909043 0.037037037037037
0.00211528291909043 0.037037037037037
0.00211528291909043 0.0352504638218924
0.00158730158730159 0.033457249070632
0.00158730158730159 0.033457249070632
0.00158730158730159 0.033457249070632
0.00158730158730159 0.033457249070632
0.00158730158730159 0.033457249070632
0.00158730158730159 0.033457249070632
0.00158730158730159 0.033457249070632
0.00158730158730159 0.033457249070632
0.00158730158730159 0.033457249070632
0.00158730158730159 0.031657355679702
0.00158730158730159 0.031657355679702
0.00105876124933827 0.031657355679702
0.00105876124933827 0.031657355679702
0.00105876124933827 0.0280373831775701
0.00105876124933827 0.0280373831775701
0.00105876124933827 0.0280373831775701
0.00105876124933827 0.0279850746268657
0.00105876124933827 0.0242990654205607
0.00105876124933827 0.0242990654205607
0.00105876124933827 0.0242990654205607
0.00105876124933827 0.0224719101123595
0.00105876124933827 0.0224719101123595
0.00105876124933827 0.0224719101123595
0.00105820105820106 0.0224299065420561
0.00105820105820106 0.0205992509363296
0.00105764145954521 0.0205607476635514
0.00105652403592182 0.0205607476635514
0.00105652403592182 0.0205607476635514
0.00105652403592182 0.0205223880597015
0.00105652403592182 0.0205223880597015
0.00105652403592182 0.0204841713221601
0.00105652403592182 0.0204841713221601
0.00105652403592182 0.0186567164179104
0.000528541226215645 0.0186219739292365
0.000528262017960909 0.0186219739292365
0.000527983104540655 0.0186219739292365
0.000527983104540655 0.0167597765363128
0.000527983104540655 0.016728624535316
0.000527983104540655 0.016728624535316
0.000527983104540655 0.016728624535316
0.000527426160337553 0.0166975881261596
0.000527426160337553 0.0166666666666667
0.000527426160337553 0.0148423005565863
0.000527426160337553 0.0148423005565863
0.000527426160337553 0.0148423005565863
0.000527426160337553 0.0148423005565863
0.000527148128624143 0.0148148148148148
0.000527148128624143 0.0148148148148148
0.000526870389884088 0.014760147601476
0.000526870389884088 0.014760147601476
0.000526870389884088 0.014760147601476
0.000526870389884088 0.0147329650092081
0.000526592943654555 0.0147329650092081
0.000526592943654555 0.0147329650092081
0.000526592943654555 0.0147329650092081
0.000526592943654555 0.0128913443830571
0.000526592943654555 0.0128676470588235
0.000526592943654555 0.0128676470588235
0.000526592943654555 0.0128676470588235
0 0.0128440366972477
0 0.0128440366972477
0 0.0128440366972477
0 0.0128440366972477
0 0.00919117647058824
0 0.00736648250460405
0 0.00736648250460405
0 0.00736648250460405
0 0.00736648250460405
0 0.00736648250460405
0 0.00736648250460405
0 0.00736648250460405
0 0.00735294117647059
0 0.00735294117647059
0 0.00735294117647059
0 0.00735294117647059
0 0.00735294117647059
0 0.00735294117647059
0 0.00735294117647059
0 0.00735294117647059
0 0.00735294117647059
0 0.00735294117647059
0 0.00735294117647059
0 0.00735294117647059
0 0.00735294117647059
0 0.00735294117647059
0 0.00735294117647059
0 0.00735294117647059
0 0.00735294117647059
0 0.00735294117647059
0 0.00735294117647059
0 0.00735294117647059
0 0.00735294117647059
0 0.00735294117647059
0 0.00735294117647059
0 0.0073394495412844
0 0.0073394495412844
0 0.0073394495412844
0 0.00732600732600733
0 0.00732600732600733
0 0.00732600732600733
0 0.00732600732600733
0 0.0072992700729927
0 0.0072992700729927
0 0.0072992700729927
0 0.0072992700729927
0 0.0072992700729927
0 0.0072992700729927
0 0.0072992700729927
0 0.0072992700729927
0 0.0072992700729927
0 0.0072992700729927
0 0.00548446069469835
0 0.00548446069469835
0 0.00548446069469835
0 0.00548446069469835
0 0.00548446069469835
0 0.00548446069469835
0 0.00548446069469835
0 0.00548446069469835
0 0.00548446069469835
0 0.00548446069469835
0 0.00548446069469835
0 0.00548446069469835
0 0.00548446069469835
0 0.00548446069469835
0 0.00548446069469835
0 0.00548446069469835
0 0.00548446069469835
0 0.00548446069469835
0 0.00548446069469835
0 0.00548446069469835
0 0.00548446069469835
0 0.00548446069469835
0 0.00548446069469835
0 0.00548446069469835
0 0.00548446069469835
0 0.00548446069469835
0 0.00548446069469835
0 0.00548446069469835
0 0.00548446069469835
0 0.00548446069469835
0 0.00366300366300366
0 0.00366300366300366
0 0.00366300366300366
0 0.0036563071297989
0 0.0036563071297989
0 0.0036563071297989
0 0.0036563071297989
0 0.0036563071297989
0 0.0036563071297989
0 0.0036563071297989
0 0.0036563071297989
0 0.0036563071297989
0 0.0036563071297989
0 0.00183150183150183
0 0.00183150183150183
0 0.00183150183150183
0 0.00183150183150183
0 0.00183150183150183
0 0.00183150183150183
0 0.00183150183150183
0 0.00183150183150183
0 0.00183150183150183
0 0.00183150183150183
0 0.00183150183150183
0 0.00183150183150183
0 0.00183150183150183
0 0.00183150183150183
0 0.00183150183150183
0 0.00183150183150183
0 0.00183150183150183
0 0.00183150183150183
0 0.00183150183150183
0 0.00183150183150183
0 0.00183150183150183
0 0.00183150183150183
0 0
0 0
0 0
0 0
0 0
0 0
0 0
0 0
0 0
0 0
0 0
0 0
0 0
0 0
0 0
0 0
0 0
0 0
0 0
0 0
0 0
0 0
0 0
0 0
0 0
0 0
0 0
0 0
0 0
0 0
0 0
0 0
0 0
0 0
0 0
0 0
0 0
0 0
0 0
0 0
0 0
0 0
0 0
0 0
0 0
0 0
0 0
0 0
0 0
0 0
0 0
0 0
0 0
0 0
0 0
0 0
0 0
0 0
0 0
0 0
0 0
0 0
0 0
0 0
0 0
0 0
0 0
0 0
0 0
0 0
0 0
0 0
0 0
0 0
0 0
0 0
0 0
0 0
0 0
0 0
0 0
0 0
0 0
0 0
0 0
0 0
0 0
0 0
0 0
0 0
0 0
0 0
0 0
0 0
0 0
0 0
0 0
0 0
0 0
0 0
0 0
0 0
0 0
0 0
0 0
0 0
0 0
0 0
0 0
0 0
0 0
0 0
0 0
0 0
0 0
0 0
0 0
0 0
0 0
0 0
0 0
0 0
0 0
0 0
0 0
0 0
0 0
0 0
0 0
0 0
0 0
0 0
0 0
0 0
0 0
0 0
0 0
0 0
0 0
0 0
0 0
0 0
0 0
0 0
0 0
0 0
0 0
0 0
0 0
0 0
0 0
0 0
0 0
0 0
0 0
0 0
0 0
0 0
0 0
0 0
0 0
0 0
0 0
0 0
0 0
0 0
0 0
0 0
0 0
0 0
0 0
0 0
0 0
0 0
0 0
0 0
0 0
