x y
0.39898138121080867 0.1559866615418948
0.7529929348379978 0.20057272331379467
0.2077969336059628 0.25953403799901154
0.5494223553092169 0.20702452782621109
0.21289195281474418 0.30803451837046747
0.35019581986685977 0.26633362155558493
0.2195612170534027 0.29886138422613284
0.2759961650235762 0.18073735125040663
0.45453323211588176 0.12431899637921981
0.5494223553092169 0.2171398133836482
0.1341817586070265 0.1273077496597451
0.2399759411148312 0.13860602779497228
0.42430283613130737 0.1674997461217737
0.07886053881243815 0.28533058400847233
0.07347919295421766 0.13299031297051925
0.6222710804178332 0.11643903396896775
0.45656168172604583 0.23038468670415202
0.198121010801268 0.2268879621828518
0.06463821780844912 0.19549440463719048
0.21364043848549888 0.2056129701183436
0.41444714620024403 0.2600049360120653
0.3204466188265557 0.21496913283630714
0.38115563935939784 0.2749140144229998
0.2503056237089153 0.12226702411361012
0.22591616722006402 0.2058716409709427
0.1539010890389847 0.12098583465483088
0.2666212550324499 0.21802841974662746
0.04107813600212584 0.20474807612655527
0.77804519268439 0.22641692860296686
0.7276464768086645 0.1993193292356129
0.3204466188265557 0.19301537098812094
0.2464942949030214 0.1177886678762408
0.2311704629181554 0.29257024605281723
0.5408200465104754 0.1523381899400479
0.4332581098586853 0.27292367740380885
0.07120810060579502 0.1785021804013427
0.20292427611987104 0.1533592717830185
0.3549231256781489 0.1120263867277195
0.24048794984865043 0.15940095762578793
0.4048139225163884 0.20197413381385457
0.4048139225163884 0.2345511213713044
0.6228995912608183 0.18946641583228202
0.30543311162996295 0.22533102170252675
0.28819140169388496 0.2738176682294586
0.23186068352014008 0.21373708494698476
0.09607284568534358 0.2880593617253746
0.3406411700613075 0.13942430552633153
0.3494418804757565 0.28306348716541996
0.1724499098409094 0.2508525776994629
0.4599148687542716 0.14041336358161144
0.21557413916907867 0.17771139398949676
0.3790150961508099 0.2037418048903169
0.3558864569212158 0.2487487362898154
0.23966822485317038 0.18260399790879545
0.22862469124457827 0.2984130922693313
0.5549940962623032 0.25826290526909856
0.7246889151210751 0.13427537787800561
0.2196710581564805 0.24949128718897703
0.7994965601571115 0.17568833107122006
0.5641189714582473 0.14431518375689484
0.2503056237089153 0.27502060210332613
0.05775381077962484 0.24521898395884673
0.36894203673925124 0.1500325000218347
0.6184844333745624 0.21201306515936616
0.14192199586822385 0.19917803360483116
0.23793794136377894 0.2782612716982681
0.4048139225163884 0.1127918289224322
0.16340418859895736 0.28610464145083414
0.07343161738001092 0.16699397025902324
0.08326398763382223 0.22648092185752022
0.2895040675429045 0.13546729375844438
0.35369935733689667 0.21525421116610124
0.3975310065867952 0.29065212335662344
0.06157803768478667 0.2523143644023927
0.5016034604325796 0.24301388738052604
0.026284528819396545 0.19529155407862914
0.04125725863901127 0.15121627273947827
0.17259725051275257 0.15657545703616227
0.4511299062944629 0.13916726377934702
0.0550249625088492 0.15952403266724352
0.07388890658115806 0.2966209454571064
0.385115440312714 0.11509215937269823
0.08326398763382223 0.1443019277112042
0.23186068352014008 0.1441632966128658
0.6342156858777096 0.11439235017837963
0.0684090457482388 0.24720827455183464
0.1502326629811821 0.16560746887298763
0.48947907128057505 0.2789257334740125
0.15943692626979455 0.18416647061537417
0.4550025658820965 0.28718481248614725
0.1063865373962726 0.11649228821316682
0.34952722580897977 0.21861550768775376
0.4086449491639795 0.2985953940304693
0.1639983286981407 0.2841788010400378
0.12822314708651547 0.256505442537545
0.5783870265747209 0.17007337126991645
0.03163568532269398 0.2837347948282375
0.25404176920407145 0.22099249055306017
0.497520928303581 0.19495864876152239
0.04591437804046294 0.1721960764672793
0.1610929823442513 0.19791508523646056
0.40802525676022794 0.20092396553056574
0.14709783756603767 0.2931294818688714
0.0684090457482388 0.21581431535945805
0.6144123377599398 0.16829968980934656
0.4774211671888388 0.259280152994307
0.6594792836719072 0.22311057617912078
0.5780524251522043 0.2833439437980233
0.1181692623663006 0.30376913330350797
0.30214587348508787 0.27010252939391655
0.4752707645944154 0.28394427509250897
0.04380607338541155 0.21657454265262982
0.5363033848885294 0.24378389592105731
0.1105439844416252 0.15065599213573655
0.39898138121080867 0.2744678377360948
0.3920349767330502 0.24254569455989503
0.22602541938254173 0.24184797054412796
0.6342156858777096 0.1402318103477181
0.4847076779499112 0.26821079569451345
0.42012274391845456 0.26557591836718153
0.04832633039088455 0.17945937911939314
0.02742095856074705 0.1973484151133431
0.4511299062944629 0.28700586569755104
0.719893125873623 0.2143375864428686
0.5087616486851889 0.15549657600514669
0.16501588587003466 0.19196941067855006
0.3723194260357523 0.23247018924524634
0.3782512475708379 0.166884084070996
0.16452651424720674 0.13752213481888903
0.49978064281126194 0.23563281556237267
0.1539010890389847 0.2247052427309344
0.08238995298552468 0.2042368189390389
0.24545975513261778 0.26831556918053934
0.3876634066928786 0.19448758939058333
0.5172832222619346 0.2378997368882215
0.15006863968046727 0.20310739609895945
0.1750085646176745 0.22169909601113919
0.7771598740685941 0.1557852358456607
0.24837295779170562 0.1254640724182362
0.10030558576590291 0.16748336776366382
0.06925424372265097 0.17278033627177158
0.34952722580897977 0.24635617815687832
0.04460015146960556 0.14408929798332062
0.20421250291936416 0.23330723164121897
0.34390186157857183 0.2413510579712718
0.05896992747298332 0.27372421907175504
0.5465172794859396 0.13663615312466426
0.18280128622666608 0.18070420022807165
0.18036683550367133 0.18105896529011706
0.16247779839635298 0.1647607062567433
0.28869433611844825 0.13565229096923023
0.5907889502966998 0.12134796375549259
0.2390442193948866 0.3016230136236902
0.04057139628090807 0.15988382236044624
0.4022674038021073 0.27339387028655904
0.3549231256781489 0.18528938730564526
0.1172601508556912 0.15865983679147205
0.18036683550367133 0.3031985683028975
0.2311704629181554 0.23956983917471517
0.5549940962623032 0.2705881068413103
0.49999192558360966 0.21928019898253903
0.31214906219852273 0.259434490855187
0.09174659459167918 0.2638127555442382
0.28078512877898354 0.28554913699388096
0.132116712931833 0.2653244747021212
0.09361272045435155 0.18348456660438245
0.6917655881114421 0.19687528270637467
0.07347919295421766 0.27676692305917966
0.40308528501987195 0.2647205814325393
0.1360260148298331 0.15043391989822424
0.09738964678662924 0.30238423145644944
0.20292427611987104 0.13624142138413353
0.5802864041772337 0.24903852634216897
0.0550249625088492 0.2618492074170314
0.05599747709284651 0.17933914520702982
0.385115440312714 0.20358828325497647
0.3040038003294808 0.2904531911936299
0.22672599012301226 0.12244507473503174
0.04107813600212584 0.16235618013109632
0.1539010890389847 0.21834553669550966
0.09174659459167918 0.2798377507616121
0.5451728565472491 0.18514525489592187
0.6799114287692514 0.20776203435206486
0.1539010890389847 0.2181973311927316
0.08569431726667912 0.11928008756660388
0.5789563867262951 0.22382158364441407
0.27378087680557534 0.16084129753635332
0.45656168172604583 0.11910718570810248
0.28819140169388496 0.18418319649717174
0.312533651935585 0.12123576496796513
0.21551874902264448 0.22892120270068222
0.09914964145793213 0.22010271018876043
0.15341228585064376 0.26500990843376304
0.06818923251912133 0.114940444480328
0.06463821780844912 0.26838250936014074
