1 1
1 1
1 1
1 1
1 1
0.996787148594378 1
0.996787148594378 1
0.996787148594378 1
0.996787148594378 1
0.995983935742972 1
0.991967871485944 1
0.988755020080321 1
0.986345381526104 1
0.981526104417671 1
0.97429718875502 1
0.967871485943775 1
0.958232931726908 1
0.94859437751004 1
0.936546184738956 1
0.918072289156627 1
0.907630522088353 1
0.891566265060241 1
0.874698795180723 1
0.860240963855422 1
0.832128514056225 1
0.81285140562249 1
0.793574297188755 1
0.768674698795181 0.994871794871795
0.752610441767068 0.98974358974359
0.732530120481928 0.98974358974359
0.714056224899598 0.98974358974359
0.682730923694779 0.98974358974359
0.665060240963855 0.984615384615385
0.654618473895582 0.984615384615385
0.636144578313253 0.984615384615385
0.627309236947791 0.984615384615385
0.611244979919679 0.984615384615385
0.605622489959839 0.984615384615385
0.595180722891566 0.984615384615385
0.58714859437751 0.984615384615385
0.579116465863454 0.984615384615385
0.562248995983936 0.979487179487179
0.557429718875502 0.964102564102564
0.544578313253012 0.964102564102564
0.536546184738956 0.958974358974359
0.530120481927711 0.953846153846154
0.520481927710843 0.948717948717949
0.512449799196787 0.948717948717949
0.501204819277108 0.948717948717949
0.493975903614458 0.943589743589744
0.48995983935743 0.943589743589744
0.478714859437751 0.943589743589744
0.473895582329317 0.943589743589744
0.465863453815261 0.943589743589744
0.462650602409639 0.943589743589744
0.45863453815261 0.933333333333333
0.455421686746988 0.928205128205128
0.453815261044177 0.928205128205128
0.449799196787149 0.923076923076923
0.440160642570281 0.917948717948718
0.432128514056225 0.917948717948718
0.424096385542169 0.917948717948718
0.420080321285141 0.912820512820513
0.416064257028112 0.912820512820513
0.414457831325301 0.912820512820513
0.411244979919679 0.902564102564103
0.404819277108434 0.902564102564103
0.395180722891566 0.902564102564103
0.391967871485944 0.902564102564103
0.384738955823293 0.887179487179487
0.379116465863454 0.882051282051282
0.375100401606426 0.882051282051282
0.368674698795181 0.876923076923077
0.365461847389558 0.876923076923077
0.363855421686747 0.856410256410256
0.359839357429719 0.856410256410256
0.353413654618474 0.856410256410256
0.34859437751004 0.856410256410256
0.343775100401606 0.856410256410256
0.343775100401606 0.851282051282051
0.338955823293173 0.851282051282051
0.336546184738956 0.851282051282051
0.332530120481928 0.851282051282051
0.331726907630522 0.846153846153846
0.327710843373494 0.835897435897436
0.321285140562249 0.835897435897436
0.318072289156626 0.830769230769231
0.316465863453815 0.830769230769231
0.309236947791165 0.830769230769231
0.307630522088353 0.830769230769231
0.306024096385542 0.830769230769231
0.303614457831325 0.830769230769231
0.301204819277108 0.82051282051282
0.299598393574297 0.82051282051282
0.298795180722892 0.815384615384615
0.295582329317269 0.815384615384615
0.293172690763052 0.81025641025641
0.290763052208835 0.81025641025641
0.287550200803213 0.805128205128205
0.285140562248996 0.805128205128205
0.283534136546185 0.8
0.281124497991968 0.794871794871795
0.278714859437751 0.794871794871795
0.273895582329317 0.794871794871795
0.269076305220884 0.794871794871795
0.265863453815261 0.794871794871795
0.262650602409639 0.794871794871795
0.261044176706827 0.78974358974359
0.25863453815261 0.78974358974359
0.255421686746988 0.78974358974359
0.25140562248996 0.78974358974359
0.248192771084337 0.784615384615385
0.248192771084337 0.784615384615385
0.248192771084337 0.784615384615385
0.246586345381526 0.784615384615385
0.24578313253012 0.784615384615385
0.244176706827309 0.784615384615385
0.242570281124498 0.784615384615385
0.239357429718875 0.779487179487179
0.237751004016064 0.774358974358974
0.236144578313253 0.774358974358974
0.235341365461847 0.774358974358974
0.232931726907631 0.774358974358974
0.232128514056225 0.774358974358974
0.231325301204819 0.774358974358974
0.227309236947791 0.774358974358974
0.227309236947791 0.774358974358974
0.226506024096386 0.774358974358974
0.226506024096386 0.774358974358974
0.224899598393574 0.769230769230769
0.220883534136546 0.769230769230769
0.220080321285141 0.769230769230769
0.219277108433735 0.764102564102564
0.218473895582329 0.764102564102564
0.216867469879518 0.764102564102564
0.214457831325301 0.758974358974359
0.214457831325301 0.753846153846154
0.211244979919679 0.753846153846154
0.209638554216867 0.753846153846154
0.209638554216867 0.753846153846154
0.208032128514056 0.753846153846154
0.205622489959839 0.753846153846154
0.204819277108434 0.748717948717949
0.204016064257028 0.748717948717949
0.203212851405622 0.748717948717949
0.200803212851406 0.748717948717949
0.198393574297189 0.748717948717949
0.198393574297189 0.743589743589744
0.198393574297189 0.743589743589744
0.195180722891566 0.743589743589744
0.191164658634538 0.738461538461539
0.191164658634538 0.733333333333333
0.187951807228916 0.733333333333333
0.186345381526104 0.733333333333333
0.184738955823293 0.707692307692308
0.183935742971888 0.707692307692308
0.182329317269076 0.707692307692308
0.180722891566265 0.707692307692308
0.178313253012048 0.707692307692308
0.175100401606426 0.707692307692308
0.17429718875502 0.702564102564103
0.172690763052209 0.697435897435897
0.172690763052209 0.697435897435897
0.170281124497992 0.692307692307692
0.168674698795181 0.682051282051282
0.165461847389558 0.671794871794872
0.163855421686747 0.671794871794872
0.163052208835341 0.671794871794872
0.162248995983936 0.671794871794872
0.162248995983936 0.671794871794872
0.159036144578313 0.671794871794872
0.156626506024096 0.671794871794872
0.15421686746988 0.671794871794872
0.151807228915663 0.661538461538462
0.151807228915663 0.661538461538462
0.150200803212851 0.656410256410256
0.150200803212851 0.656410256410256
0.150200803212851 0.656410256410256
0.14859437751004 0.656410256410256
0.14859437751004 0.656410256410256
0.147791164658635 0.656410256410256
0.146987951807229 0.646153846153846
0.146987951807229 0.646153846153846
0.146987951807229 0.641025641025641
0.146184738955823 0.641025641025641
0.146184738955823 0.641025641025641
0.145381526104418 0.641025641025641
0.145381526104418 0.641025641025641
0.143775100401606 0.641025641025641
0.143775100401606 0.641025641025641
0.142971887550201 0.641025641025641
0.142971887550201 0.641025641025641
0.142168674698795 0.641025641025641
0.142168674698795 0.641025641025641
0.14136546184739 0.641025641025641
0.140562248995984 0.641025641025641
0.137349397590361 0.641025641025641
0.136546184738956 0.641025641025641
0.136546184738956 0.635897435897436
0.13574297188755 0.635897435897436
0.134136546184739 0.635897435897436
0.133333333333333 0.635897435897436
0.132530120481928 0.635897435897436
0.132530120481928 0.625641025641026
0.132530120481928 0.625641025641026
0.132530120481928 0.620512820512821
0.130923694779116 0.620512820512821
0.130120481927711 0.620512820512821
0.129317269076305 0.615384615384615
0.127710843373494 0.615384615384615
0.126104417670683 0.615384615384615
0.124497991967871 0.615384615384615
0.124497991967871 0.615384615384615
0.124497991967871 0.61025641025641
0.124497991967871 0.605128205128205
0.123694779116466 0.605128205128205
0.12289156626506 0.594871794871795
0.122088353413655 0.594871794871795
0.122088353413655 0.594871794871795
0.120481927710843 0.594871794871795
0.120481927710843 0.584615384615385
0.120481927710843 0.584615384615385
0.120481927710843 0.584615384615385
0.120481927710843 0.584615384615385
0.120481927710843 0.584615384615385
0.120481927710843 0.584615384615385
0.120481927710843 0.574358974358974
0.120481927710843 0.569230769230769
0.118072289156627 0.569230769230769
0.117269076305221 0.564102564102564
0.116465863453815 0.564102564102564
0.116465863453815 0.553846153846154
0.11566265060241 0.543589743589744
0.114859437751004 0.543589743589744
0.113253012048193 0.543589743589744
0.112449799196787 0.543589743589744
0.110843373493976 0.543589743589744
0.11004016064257 0.543589743589744
0.108433734939759 0.538461538461538
0.106024096385542 0.533333333333333
0.105220883534137 0.523076923076923
0.105220883534137 0.517948717948718
0.105220883534137 0.517948717948718
0.104417670682731 0.517948717948718
0.103614457831325 0.517948717948718
0.101204819277108 0.517948717948718
0.101204819277108 0.512820512820513
0.101204819277108 0.507692307692308
0.100401606425703 0.507692307692308
0.0995983935742972 0.502564102564103
0.0995983935742972 0.502564102564103
0.0995983935742972 0.492307692307692
0.0987951807228916 0.492307692307692
0.0987951807228916 0.492307692307692
0.0987951807228916 0.487179487179487
0.0987951807228916 0.487179487179487
0.0963855421686747 0.487179487179487
0.0955823293172691 0.487179487179487
0.0947791164658635 0.487179487179487
0.0931726907630522 0.487179487179487
0.0923694779116466 0.487179487179487
0.091566265060241 0.487179487179487
0.091566265060241 0.487179487179487
0.091566265060241 0.487179487179487
0.091566265060241 0.487179487179487
0.091566265060241 0.487179487179487
0.091566265060241 0.487179487179487
0.0907630522088353 0.482051282051282
0.0907630522088353 0.482051282051282
0.0907630522088353 0.482051282051282
0.0907630522088353 0.482051282051282
0.0907630522088353 0.482051282051282
0.0875502008032129 0.482051282051282
0.0875502008032129 0.482051282051282
0.0875502008032129 0.476923076923077
0.0875502008032129 0.476923076923077
0.0875502008032129 0.471794871794872
0.0875502008032129 0.471794871794872
0.0875502008032129 0.471794871794872
0.0867469879518072 0.471794871794872
0.0867469879518072 0.471794871794872
0.0859437751004016 0.466666666666667
0.0859437751004016 0.466666666666667
0.0859437751004016 0.466666666666667
0.0859437751004016 0.466666666666667
0.085140562248996 0.466666666666667
0.085140562248996 0.466666666666667
0.085140562248996 0.466666666666667
0.0843373493975904 0.456410256410256
0.0843373493975904 0.451282051282051
0.0835341365461847 0.446153846153846
0.0827309236947791 0.446153846153846
0.0827309236947791 0.446153846153846
0.0819277108433735 0.446153846153846
0.0819277108433735 0.446153846153846
0.0819277108433735 0.446153846153846
0.0803212851405622 0.446153846153846
0.0803212851405622 0.446153846153846
0.0803212851405622 0.446153846153846
0.078714859437751 0.446153846153846
0.0779116465863454 0.446153846153846
0.0771084337349398 0.446153846153846
0.0763052208835341 0.441025641025641
0.0763052208835341 0.441025641025641
0.0763052208835341 0.435897435897436
0.0763052208835341 0.435897435897436
0.0755020080321285 0.430769230769231
0.0755020080321285 0.430769230769231
0.0755020080321285 0.430769230769231
0.0738955823293173 0.430769230769231
0.072289156626506 0.430769230769231
0.072289156626506 0.430769230769231
0.072289156626506 0.425641025641026
0.072289156626506 0.420512820512821
0.072289156626506 0.420512820512821
0.072289156626506 0.420512820512821
0.0714859437751004 0.420512820512821
0.0706827309236948 0.420512820512821
0.0698795180722892 0.420512820512821
0.0698795180722892 0.420512820512821
0.0698795180722892 0.420512820512821
0.0698795180722892 0.41025641025641
0.0698795180722892 0.41025641025641
0.0690763052208835 0.41025641025641
0.0690763052208835 0.41025641025641
0.0690763052208835 0.41025641025641
0.0690763052208835 0.41025641025641
0.0682730923694779 0.41025641025641
0.0682730923694779 0.41025641025641
0.0666666666666667 0.41025641025641
0.0666666666666667 0.41025641025641
0.0666666666666667 0.41025641025641
0.065863453815261 0.41025641025641
0.065863453815261 0.41025641025641
0.065863453815261 0.41025641025641
0.0650602409638554 0.41025641025641
0.0650602409638554 0.41025641025641
0.0650602409638554 0.41025641025641
0.0650602409638554 0.41025641025641
0.0650602409638554 0.41025641025641
0.0650602409638554 0.41025641025641
0.0650602409638554 0.405128205128205
0.0650602409638554 0.405128205128205
0.0650602409638554 0.405128205128205
0.0650602409638554 0.4
0.0642570281124498 0.4
0.0642570281124498 0.4
0.0642570281124498 0.4
0.0642570281124498 0.4
0.0642570281124498 0.4
0.0634538152610442 0.379487179487179
0.0626506024096386 0.379487179487179
0.0626506024096386 0.379487179487179
0.0626506024096386 0.379487179487179
0.0602409638554217 0.374358974358974
0.0602409638554217 0.364102564102564
0.0602409638554217 0.358974358974359
0.0602409638554217 0.358974358974359
0.0602409638554217 0.358974358974359
0.0602409638554217 0.358974358974359
0.0602409638554217 0.358974358974359
0.0602409638554217 0.358974358974359
0.0602409638554217 0.358974358974359
0.0594377510040161 0.358974358974359
0.0594377510040161 0.358974358974359
0.0594377510040161 0.358974358974359
0.0594377510040161 0.358974358974359
0.0594377510040161 0.358974358974359
0.0594377510040161 0.358974358974359
0.0594377510040161 0.353846153846154
0.0586345381526104 0.353846153846154
0.0570281124497992 0.353846153846154
0.0570281124497992 0.348717948717949
0.0570281124497992 0.348717948717949
0.0570281124497992 0.348717948717949
0.0570281124497992 0.348717948717949
0.0562248995983936 0.348717948717949
0.0562248995983936 0.348717948717949
0.0554216867469879 0.343589743589744
0.0554216867469879 0.338461538461538
0.0554216867469879 0.338461538461538
0.0554216867469879 0.333333333333333
0.0554216867469879 0.333333333333333
0.0554216867469879 0.333333333333333
0.0554216867469879 0.333333333333333
0.0546184738955823 0.323076923076923
0.0546184738955823 0.323076923076923
0.0538152610441767 0.323076923076923
0.0538152610441767 0.317948717948718
0.0530120481927711 0.317948717948718
0.0530120481927711 0.317948717948718
0.0530120481927711 0.317948717948718
0.0530120481927711 0.312820512820513
0.0530120481927711 0.312820512820513
0.0530120481927711 0.312820512820513
0.0530120481927711 0.312820512820513
0.0522088353413655 0.312820512820513
0.0514056224899598 0.312820512820513
0.0514056224899598 0.307692307692308
0.0514056224899598 0.297435897435897
0.0514056224899598 0.297435897435897
0.0514056224899598 0.297435897435897
0.0506024096385542 0.292307692307692
0.0497991967871486 0.287179487179487
0.048995983935743 0.287179487179487
0.048995983935743 0.271794871794872
0.0481927710843374 0.271794871794872
0.0481927710843374 0.271794871794872
0.0481927710843374 0.266666666666667
0.0473895582329317 0.261538461538462
0.0473895582329317 0.261538461538462
0.0473895582329317 0.261538461538462
0.0473895582329317 0.261538461538462
0.0473895582329317 0.261538461538462
0.0465863453815261 0.261538461538462
0.0465863453815261 0.256410256410256
0.0465863453815261 0.256410256410256
0.0465863453815261 0.256410256410256
0.0465863453815261 0.256410256410256
0.0465863453815261 0.256410256410256
0.0465863453815261 0.251282051282051
0.0465863453815261 0.251282051282051
0.0465863453815261 0.251282051282051
0.0465863453815261 0.251282051282051
0.0449799196787149 0.246153846153846
0.0449799196787149 0.246153846153846
0.0449799196787149 0.246153846153846
0.0441767068273092 0.246153846153846
0.0441767068273092 0.246153846153846
0.0441767068273092 0.246153846153846
0.0433734939759036 0.246153846153846
0.0433734939759036 0.246153846153846
0.0433734939759036 0.246153846153846
0.042570281124498 0.241025641025641
0.042570281124498 0.241025641025641
0.0417670682730924 0.241025641025641
0.0417670682730924 0.241025641025641
0.0417670682730924 0.241025641025641
0.0417670682730924 0.241025641025641
0.0417670682730924 0.241025641025641
0.0409638554216867 0.241025641025641
0.0401606425702811 0.241025641025641
0.0401606425702811 0.241025641025641
0.0401606425702811 0.241025641025641
0.0401606425702811 0.241025641025641
0.0401606425702811 0.241025641025641
0.0401606425702811 0.241025641025641
0.0401606425702811 0.241025641025641
0.0401606425702811 0.241025641025641
0.0401606425702811 0.241025641025641
0.0401606425702811 0.241025641025641
0.0393574297188755 0.230769230769231
0.0393574297188755 0.230769230769231
0.0385542168674699 0.230769230769231
0.0385542168674699 0.230769230769231
0.0385542168674699 0.220512820512821
0.0385542168674699 0.220512820512821
0.0385542168674699 0.21025641025641
0.0385542168674699 0.21025641025641
0.0385542168674699 0.21025641025641
0.0377510040160643 0.205128205128205
0.0377510040160643 0.205128205128205
0.0377510040160643 0.205128205128205
0.0377510040160643 0.205128205128205
0.0377510040160643 0.205128205128205
0.0377510040160643 0.205128205128205
0.0377510040160643 0.205128205128205
0.0377510040160643 0.205128205128205
0.0377510040160643 0.205128205128205
0.0377510040160643 0.205128205128205
0.0377510040160643 0.205128205128205
0.0377510040160643 0.205128205128205
0.0377510040160643 0.205128205128205
0.0377510040160643 0.205128205128205
0.0377510040160643 0.205128205128205
0.0377510040160643 0.2
0.0377510040160643 0.2
0.0369477911646586 0.194871794871795
0.036144578313253 0.194871794871795
0.0353413654618474 0.194871794871795
0.0345381526104418 0.194871794871795
0.0337349397590361 0.194871794871795
0.0337349397590361 0.194871794871795
0.0329317269076305 0.194871794871795
0.0329317269076305 0.194871794871795
0.0321285140562249 0.18974358974359
0.0321285140562249 0.18974358974359
0.0321285140562249 0.18974358974359
0.0313253012048193 0.18974358974359
0.0313253012048193 0.184615384615385
0.0313253012048193 0.184615384615385
0.0305220883534137 0.184615384615385
0.029718875502008 0.184615384615385
0.0289156626506024 0.184615384615385
0.0289156626506024 0.184615384615385
0.0273092369477912 0.184615384615385
0.0273092369477912 0.184615384615385
0.0273092369477912 0.184615384615385
0.0273092369477912 0.179487179487179
0.0273092369477912 0.179487179487179
0.0273092369477912 0.169230769230769
0.0273092369477912 0.169230769230769
0.0273092369477912 0.164102564102564
0.0273092369477912 0.164102564102564
0.0273092369477912 0.164102564102564
0.0273092369477912 0.164102564102564
0.0265060240963855 0.164102564102564
0.0265060240963855 0.164102564102564
0.0265060240963855 0.164102564102564
0.0265060240963855 0.158974358974359
0.0265060240963855 0.158974358974359
0.0265060240963855 0.158974358974359
0.0265060240963855 0.158974358974359
0.0265060240963855 0.158974358974359
0.0265060240963855 0.158974358974359
0.0265060240963855 0.158974358974359
0.0265060240963855 0.158974358974359
0.0265060240963855 0.153846153846154
0.0257028112449799 0.153846153846154
0.0257028112449799 0.153846153846154
0.0257028112449799 0.153846153846154
0.0257028112449799 0.153846153846154
0.0257028112449799 0.153846153846154
0.0257028112449799 0.153846153846154
0.0257028112449799 0.153846153846154
0.0248995983935743 0.153846153846154
0.0232931726907631 0.153846153846154
0.0232931726907631 0.153846153846154
0.0232931726907631 0.153846153846154
0.0232931726907631 0.153846153846154
0.0232931726907631 0.153846153846154
0.0224899598393574 0.153846153846154
0.0224899598393574 0.153846153846154
0.0224899598393574 0.153846153846154
0.0224899598393574 0.153846153846154
0.0224899598393574 0.153846153846154
0.0224899598393574 0.148717948717949
0.0224899598393574 0.148717948717949
0.0216867469879518 0.148717948717949
0.0216867469879518 0.148717948717949
0.0216867469879518 0.148717948717949
0.0216867469879518 0.143589743589744
0.0216867469879518 0.143589743589744
0.0208835341365462 0.143589743589744
0.0208835341365462 0.143589743589744
0.0208835341365462 0.138461538461538
0.0208835341365462 0.133333333333333
0.0208835341365462 0.133333333333333
0.0208835341365462 0.133333333333333
0.0208835341365462 0.123076923076923
0.0208835341365462 0.123076923076923
0.0208835341365462 0.123076923076923
0.0192771084337349 0.123076923076923
0.0192771084337349 0.123076923076923
0.0184738955823293 0.123076923076923
0.0184738955823293 0.112820512820513
0.0176706827309237 0.112820512820513
0.0176706827309237 0.112820512820513
0.0176706827309237 0.112820512820513
0.0176706827309237 0.112820512820513
0.0168674698795181 0.112820512820513
0.0168674698795181 0.112820512820513
0.0168674698795181 0.112820512820513
0.0168674698795181 0.112820512820513
0.0160642570281124 0.107692307692308
0.0160642570281124 0.107692307692308
0.0160642570281124 0.107692307692308
0.0160642570281124 0.107692307692308
0.0160642570281124 0.107692307692308
0.0160642570281124 0.107692307692308
0.0160642570281124 0.107692307692308
0.0160642570281124 0.107692307692308
0.0160642570281124 0.107692307692308
0.0160642570281124 0.107692307692308
0.0160642570281124 0.107692307692308
0.0160642570281124 0.107692307692308
0.0160642570281124 0.107692307692308
0.0160642570281124 0.107692307692308
0.0160642570281124 0.0974358974358974
0.0160642570281124 0.0923076923076923
0.0160642570281124 0.0871794871794872
0.0160642570281124 0.0871794871794872
0.0160642570281124 0.0871794871794872
0.0160642570281124 0.0871794871794872
0.0160642570281124 0.0871794871794872
0.0160642570281124 0.0871794871794872
0.0160642570281124 0.0871794871794872
0.0160642570281124 0.0871794871794872
0.0160642570281124 0.0871794871794872
0.0160642570281124 0.0871794871794872
0.0160642570281124 0.0871794871794872
0.0160642570281124 0.0820512820512821
0.0160642570281124 0.0820512820512821
0.0160642570281124 0.0820512820512821
0.0160642570281124 0.0820512820512821
0.0152610441767068 0.0820512820512821
0.0152610441767068 0.0820512820512821
0.0152610441767068 0.0820512820512821
0.0152610441767068 0.0820512820512821
0.0152610441767068 0.0820512820512821
0.0152610441767068 0.0820512820512821
0.0152610441767068 0.0820512820512821
0.0152610441767068 0.0820512820512821
0.0152610441767068 0.0820512820512821
0.0152610441767068 0.0820512820512821
0.0144578313253012 0.0820512820512821
0.0144578313253012 0.0820512820512821
0.0144578313253012 0.0820512820512821
0.0144578313253012 0.0820512820512821
0.0144578313253012 0.0820512820512821
0.0144578313253012 0.0820512820512821
0.0144578313253012 0.0820512820512821
0.0144578313253012 0.0820512820512821
0.0144578313253012 0.0820512820512821
0.0136546184738956 0.0769230769230769
0.0136546184738956 0.0769230769230769
0.0136546184738956 0.0769230769230769
0.0136546184738956 0.0769230769230769
0.0136546184738956 0.0717948717948718
0.01285140562249 0.0717948717948718
0.01285140562249 0.0717948717948718
0.01285140562249 0.0717948717948718
0.01285140562249 0.0666666666666667
0.01285140562249 0.0615384615384615
0.01285140562249 0.0615384615384615
0.01285140562249 0.0615384615384615
0.01285140562249 0.0615384615384615
0.01285140562249 0.0615384615384615
0.01285140562249 0.0615384615384615
0.01285140562249 0.0615384615384615
0.01285140562249 0.0615384615384615
0.01285140562249 0.0615384615384615
0.01285140562249 0.0615384615384615
0.01285140562249 0.0615384615384615
0.01285140562249 0.0512820512820513
0.01285140562249 0.0512820512820513
0.01285140562249 0.0512820512820513
0.01285140562249 0.0512820512820513
0.01285140562249 0.0512820512820513
0.01285140562249 0.0512820512820513
0.01285140562249 0.0512820512820513
0.01285140562249 0.0512820512820513
0.01285140562249 0.0512820512820513
0.0120481927710843 0.0512820512820513
0.0120481927710843 0.0512820512820513
0.0120481927710843 0.0512820512820513
0.0120481927710843 0.0512820512820513
0.0120481927710843 0.0512820512820513
0.0120481927710843 0.0512820512820513
0.0120481927710843 0.0512820512820513
0.0120481927710843 0.0512820512820513
0.0120481927710843 0.0512820512820513
0.0120481927710843 0.0512820512820513
0.0120481927710843 0.0512820512820513
0.0120481927710843 0.0512820512820513
0.0120481927710843 0.0512820512820513
0.0120481927710843 0.0512820512820513
0.0120481927710843 0.0512820512820513
0.0120481927710843 0.0512820512820513
0.0120481927710843 0.0461538461538462
0.0120481927710843 0.0461538461538462
0.0120481927710843 0.0461538461538462
0.0120481927710843 0.0461538461538462
0.0120481927710843 0.0461538461538462
0.0120481927710843 0.0461538461538462
0.0120481927710843 0.0461538461538462
0.0112449799196787 0.0461538461538462
0.0112449799196787 0.0461538461538462
0.0112449799196787 0.0461538461538462
0.0112449799196787 0.0461538461538462
0.0112449799196787 0.0461538461538462
0.0112449799196787 0.0461538461538462
0.0112449799196787 0.0461538461538462
0.0112449799196787 0.0461538461538462
0.0112449799196787 0.0461538461538462
0.0112449799196787 0.0461538461538462
0.0112449799196787 0.0461538461538462
0.0112449799196787 0.0461538461538462
0.0112449799196787 0.0461538461538462
0.0112449799196787 0.0461538461538462
0.0112449799196787 0.041025641025641
0.0104417670682731 0.041025641025641
0.0104417670682731 0.041025641025641
0.0104417670682731 0.041025641025641
0.0104417670682731 0.041025641025641
0.0104417670682731 0.041025641025641
0.0104417670682731 0.041025641025641
0.0104417670682731 0.041025641025641
0.0104417670682731 0.041025641025641
0.0104417670682731 0.041025641025641
0.0104417670682731 0.041025641025641
0.0104417670682731 0.041025641025641
0.0104417670682731 0.0358974358974359
0.0104417670682731 0.0358974358974359
0.0104417670682731 0.0358974358974359
0.0104417670682731 0.0358974358974359
0.0104417670682731 0.0358974358974359
0.0104417670682731 0.0358974358974359
0.0104417670682731 0.0358974358974359
0.0104417670682731 0.0358974358974359
0.0104417670682731 0.0358974358974359
0.0104417670682731 0.0358974358974359
0.0104417670682731 0.0358974358974359
0.0104417670682731 0.0358974358974359
0.0104417670682731 0.0358974358974359
0.0104417670682731 0.0358974358974359
0.0104417670682731 0.0358974358974359
0.0104417670682731 0.0358974358974359
0.0104417670682731 0.0358974358974359
0.0104417670682731 0.0358974358974359
0.0104417670682731 0.0358974358974359
0.0104417670682731 0.0358974358974359
0.00963855421686747 0.0358974358974359
0.00883534136546185 0.0358974358974359
0.00883534136546185 0.0358974358974359
0.00883534136546185 0.0358974358974359
0.00883534136546185 0.0358974358974359
0.00883534136546185 0.0358974358974359
0.00883534136546185 0.0358974358974359
0.00883534136546185 0.0358974358974359
0.00883534136546185 0.0307692307692308
0.00883534136546185 0.0307692307692308
0.00883534136546185 0.0307692307692308
0.00883534136546185 0.0307692307692308
0.00803212851405622 0.0256410256410256
0.00803212851405622 0.0256410256410256
0.00803212851405622 0.0256410256410256
0.00803212851405622 0.0205128205128205
0.00803212851405622 0.0205128205128205
0.00803212851405622 0.0205128205128205
0.00803212851405622 0.0205128205128205
0.00803212851405622 0.0205128205128205
0.00803212851405622 0.0205128205128205
0.00803212851405622 0.0205128205128205
0.00803212851405622 0.0205128205128205
0.00803212851405622 0.0205128205128205
0.00803212851405622 0.0205128205128205
0.00803212851405622 0.0205128205128205
0.00803212851405622 0.0205128205128205
0.00803212851405622 0.0205128205128205
0.00803212851405622 0.0205128205128205
0.00803212851405622 0.0205128205128205
0.00803212851405622 0.0205128205128205
0.00803212851405622 0.0205128205128205
0.00803212851405622 0.0205128205128205
0.00803212851405622 0.0205128205128205
0.00803212851405622 0.0205128205128205
0.00803212851405622 0.0205128205128205
0.00803212851405622 0.0205128205128205
0.0072289156626506 0.0205128205128205
0.0072289156626506 0.0205128205128205
0.0072289156626506 0.0205128205128205
0.0072289156626506 0.0205128205128205
0.0072289156626506 0.0153846153846154
0.0072289156626506 0.0153846153846154
0.0072289156626506 0.0153846153846154
0.0072289156626506 0.0153846153846154
0.0072289156626506 0.0153846153846154
0.0072289156626506 0.0153846153846154
0.0072289156626506 0.0153846153846154
0.0072289156626506 0.0153846153846154
0.0072289156626506 0.0153846153846154
0.0072289156626506 0.0153846153846154
0.0072289156626506 0.0153846153846154
0.0072289156626506 0.0153846153846154
0.0072289156626506 0.0153846153846154
0.0072289156626506 0.0153846153846154
0.0072289156626506 0.0153846153846154
0.0072289156626506 0.0153846153846154
0.0072289156626506 0.0153846153846154
0.0072289156626506 0.0153846153846154
0.0072289156626506 0.0153846153846154
0.0072289156626506 0.0153846153846154
0.0072289156626506 0.0153846153846154
0.0072289156626506 0.0153846153846154
0.0072289156626506 0.0153846153846154
0.0072289156626506 0.0153846153846154
0.0072289156626506 0.0102564102564103
0.0072289156626506 0.00512820512820513
0.0072289156626506 0.00512820512820513
0.0072289156626506 0.00512820512820513
0.0072289156626506 0.00512820512820513
0.0072289156626506 0.00512820512820513
0.0072289156626506 0.00512820512820513
0.0072289156626506 0.00512820512820513
0.0072289156626506 0.00512820512820513
0.00642570281124498 0.00512820512820513
0.00642570281124498 0.00512820512820513
0.00642570281124498 0.00512820512820513
0.00642570281124498 0.00512820512820513
0.00642570281124498 0.00512820512820513
0.00642570281124498 0.00512820512820513
0.00562248995983936 0.00512820512820513
0.00562248995983936 0.00512820512820513
0.00562248995983936 0.00512820512820513
0.00562248995983936 0.00512820512820513
0.00481927710843374 0.00512820512820513
0.00321285140562249 0.00512820512820513
0.00321285140562249 0.00512820512820513
0.00321285140562249 0
0.00321285140562249 0
0.00321285140562249 0
0.00321285140562249 0
0.00321285140562249 0
0.00321285140562249 0
0.00160642570281125 0
0.00160642570281125 0
0.00160642570281125 0
0.00160642570281125 0
0.00160642570281125 0
0.00160642570281125 0
0.00160642570281125 0
0.00160642570281125 0
0.00160642570281125 0
0.00160642570281125 0
0.00160642570281125 0
0.00160642570281125 0
0.00160642570281125 0
0.00160642570281125 0
0.00160642570281125 0
0.00160642570281125 0
0.00160642570281125 0
0.00160642570281125 0
0.00160642570281125 0
0.00160642570281125 0
0.00160642570281125 0
0.00160642570281125 0
0.00160642570281125 0
0.00160642570281125 0
0.00160642570281125 0
0.00160642570281125 0
0.00160642570281125 0
0.00160642570281125 0
0.00160642570281125 0
0.00160642570281125 0
0.00160642570281125 0
0.00160642570281125 0
0.00160642570281125 0
0.00160642570281125 0
0.00160642570281125 0
0.00160642570281125 0
0.00160642570281125 0
0.00160642570281125 0
0.00160642570281125 0
0.00160642570281125 0
0.00160642570281125 0
0.00160642570281125 0
0.00160642570281125 0
0.00160642570281125 0
0.00160642570281125 0
0.00160642570281125 0
0.000803212851405623 0
0.000803212851405623 0
0.000803212851405623 0
0.000803212851405623 0
0.000803212851405623 0
0.000803212851405623 0
0.000803212851405623 0
0.000803212851405623 0
0.000803212851405623 0
0.000803212851405623 0
0.000803212851405623 0
0.000803212851405623 0
0.000803212851405623 0
0.000803212851405623 0
0.000803212851405623 0
0.000803212851405623 0
0.000803212851405623 0
0.000803212851405623 0
0.000803212851405623 0
0.000803212851405623 0
0.000803212851405623 0
0.000803212851405623 0
0.000803212851405623 0
0.000803212851405623 0
0.000803212851405623 0
0.000803212851405623 0
0.000803212851405623 0
0.000803212851405623 0
0.000803212851405623 0
0.000803212851405623 0
0.000803212851405623 0
0.000803212851405623 0
0.000803212851405623 0
0.000803212851405623 0
0.000803212851405623 0
0.000803212851405623 0
0.000803212851405623 0
0.000803212851405623 0
0.000803212851405623 0
0.000803212851405623 0
0.000803212851405623 0
0.000803212851405623 0
0.000803212851405623 0
0.000803212851405623 0
0.000803212851405623 0
0.000803212851405623 0
0.000803212851405623 0
0.000803212851405623 0
0.000803212851405623 0
0.000803212851405623 0
0.000803212851405623 0
0.000803212851405623 0
0.000803212851405623 0
0.000803212851405623 0
0.000803212851405623 0
0.000803212851405623 0
0.000803212851405623 0
0.000803212851405623 0
0.000803212851405623 0
0.000803212851405623 0
0.000803212851405623 0
0.000803212851405623 0
0.000803212851405623 0
0.000803212851405623 0
0.000803212851405623 0
0.000803212851405623 0
0.000803212851405623 0
0.000803212851405623 0
0.000803212851405623 0
0.000803212851405623 0
0.000803212851405623 0
0.000803212851405623 0
0.000803212851405623 0
0.000803212851405623 0
0.000803212851405623 0
0.000803212851405623 0
0.000803212851405623 0
0.000803212851405623 0
0.000803212851405623 0
0.000803212851405623 0
0.000803212851405623 0
0.000803212851405623 0
0.000803212851405623 0
0.000803212851405623 0
0.000803212851405623 0
0.000803212851405623 0
0.000803212851405623 0
0.000803212851405623 0
0.000803212851405623 0
0.000803212851405623 0
0.000803212851405623 0
0.000803212851405623 0
0.000803212851405623 0
0.000803212851405623 0
0.000803212851405623 0
0.000803212851405623 0
0 0
0 0
0 0
0 0
0 0
0 0
0 0
0 0
0 0
0 0
0 0
0 0
0 0
0 0
0 0
0 0
0 0
0 0
0 0
0 0
0 0
0 0
0 0
0 0
0 0
0 0
0 0
0 0
0 0
0 0
0 0
0 0
0 0
0 0
0 0
0 0
0 0
0 0
0 0
0 0
0 0
0 0
0 0
0 0
0 0
0 0
0 0
0 0
0 0
0 0
0 0
0 0
0 0
