1 1
1 1
1 1
1 1
1 1
1 1
1 1
0.996787148594378 1
0.996787148594378 1
0.996787148594378 1
0.996787148594378 1
0.996787148594378 1
0.995180722891566 1
0.991967871485944 1
0.990361445783133 1
0.98714859437751 1
0.984738955823293 1
0.979919678714859 0.994871794871795
0.972690763052209 0.98974358974359
0.968674698795181 0.98974358974359
0.963855421686747 0.98974358974359
0.958232931726908 0.98974358974359
0.949397590361446 0.984615384615385
0.94136546184739 0.984615384615385
0.930923694779117 0.974358974358974
0.912449799196787 0.974358974358974
0.900401606425703 0.969230769230769
0.887550200803213 0.964102564102564
0.876305220883534 0.964102564102564
0.865060240963855 0.953846153846154
0.848192771084337 0.943589743589744
0.830522088353414 0.943589743589744
0.816867469879518 0.943589743589744
0.799196787148594 0.943589743589744
0.784738955823293 0.943589743589744
0.768674698795181 0.943589743589744
0.755823293172691 0.928205128205128
0.736546184738956 0.928205128205128
0.72289156626506 0.928205128205128
0.705220883534137 0.917948717948718
0.686746987951807 0.912820512820513
0.667469879518072 0.912820512820513
0.656224899598394 0.912820512820513
0.65140562248996 0.907692307692308
0.639357429718876 0.902564102564103
0.628112449799197 0.892307692307692
0.616064257028112 0.892307692307692
0.603212851405623 0.887179487179487
0.594377510040161 0.882051282051282
0.587951807228916 0.871794871794872
0.583132530120482 0.871794871794872
0.575100401606426 0.856410256410256
0.563052208835341 0.856410256410256
0.555823293172691 0.856410256410256
0.552610441767068 0.846153846153846
0.54859437751004 0.841025641025641
0.538955823293173 0.835897435897436
0.533333333333333 0.835897435897436
0.5285140562249 0.830769230769231
0.52289156626506 0.825641025641026
0.518072289156627 0.82051282051282
0.513253012048193 0.82051282051282
0.51004016064257 0.82051282051282
0.505220883534137 0.81025641025641
0.49718875502008 0.81025641025641
0.489156626506024 0.8
0.481124497991968 0.8
0.47710843373494 0.794871794871795
0.472289156626506 0.794871794871795
0.466666666666667 0.794871794871795
0.462650602409639 0.78974358974359
0.460240963855422 0.78974358974359
0.457831325301205 0.78974358974359
0.456224899598394 0.78974358974359
0.453012048192771 0.78974358974359
0.448995983935743 0.784615384615385
0.448192771084337 0.784615384615385
0.447389558232932 0.784615384615385
0.440160642570281 0.784615384615385
0.434538152610442 0.779487179487179
0.431325301204819 0.779487179487179
0.42570281124498 0.779487179487179
0.424096385542169 0.774358974358974
0.420080321285141 0.774358974358974
0.418473895582329 0.774358974358974
0.413654618473896 0.774358974358974
0.409638554216867 0.774358974358974
0.407228915662651 0.774358974358974
0.404016064257028 0.774358974358974
0.396787148594378 0.774358974358974
0.391967871485944 0.764102564102564
0.389558232931727 0.764102564102564
0.385542168674699 0.764102564102564
0.383132530120482 0.764102564102564
0.381526104417671 0.764102564102564
0.379116465863454 0.753846153846154
0.377510040160643 0.753846153846154
0.371084337349398 0.753846153846154
0.366265060240964 0.753846153846154
0.36144578313253 0.743589743589744
0.359036144578313 0.743589743589744
0.35421686746988 0.738461538461539
0.351004016064257 0.738461538461539
0.350200803212851 0.733333333333333
0.346987951807229 0.733333333333333
0.343775100401606 0.728205128205128
0.342168674698795 0.728205128205128
0.340562248995984 0.723076923076923
0.338955823293173 0.723076923076923
0.33574297188755 0.723076923076923
0.334939759036145 0.723076923076923
0.333333333333333 0.697435897435897
0.330923694779116 0.697435897435897
0.326104417670683 0.697435897435897
0.324497991967871 0.692307692307692
0.321285140562249 0.687179487179487
0.318875502008032 0.687179487179487
0.317269076305221 0.687179487179487
0.312449799196787 0.671794871794872
0.31004016064257 0.671794871794872
0.307630522088353 0.671794871794872
0.304417670682731 0.671794871794872
0.301204819277108 0.666666666666667
0.298795180722892 0.666666666666667
0.297991967871486 0.666666666666667
0.297991967871486 0.666666666666667
0.295582329317269 0.661538461538462
0.295582329317269 0.661538461538462
0.293975903614458 0.656410256410256
0.293975903614458 0.656410256410256
0.293172690763052 0.656410256410256
0.28995983935743 0.656410256410256
0.287550200803213 0.656410256410256
0.28433734939759 0.656410256410256
0.283534136546185 0.656410256410256
0.280321285140562 0.656410256410256
0.278714859437751 0.646153846153846
0.277911646586345 0.646153846153846
0.27710843373494 0.646153846153846
0.2714859437751 0.646153846153846
0.267469879518072 0.646153846153846
0.265060240963855 0.646153846153846
0.262650602409639 0.646153846153846
0.261044176706827 0.625641025641026
0.259437751004016 0.625641025641026
0.25863453815261 0.625641025641026
0.25863453815261 0.620512820512821
0.25863453815261 0.620512820512821
0.256224899598394 0.620512820512821
0.253815261044177 0.615384615384615
0.250602409638554 0.61025641025641
0.248192771084337 0.61025641025641
0.247389558232932 0.61025641025641
0.24578313253012 0.61025641025641
0.244979919678715 0.61025641025641
0.242570281124498 0.6
0.242570281124498 0.6
0.240160642570281 0.6
0.240160642570281 0.594871794871795
0.240160642570281 0.584615384615385
0.239357429718875 0.584615384615385
0.239357429718875 0.57948717948718
0.237751004016064 0.574358974358974
0.236947791164659 0.574358974358974
0.232931726907631 0.558974358974359
0.232128514056225 0.558974358974359
0.231325301204819 0.558974358974359
0.229718875502008 0.558974358974359
0.224899598393574 0.553846153846154
0.224899598393574 0.553846153846154
0.223293172690763 0.553846153846154
0.222489959839357 0.548717948717949
0.220883534136546 0.548717948717949
0.220080321285141 0.543589743589744
0.220080321285141 0.538461538461538
0.220080321285141 0.533333333333333
0.220080321285141 0.533333333333333
0.219277108433735 0.533333333333333
0.217670682730924 0.523076923076923
0.217670682730924 0.523076923076923
0.217670682730924 0.523076923076923
0.216064257028112 0.523076923076923
0.216064257028112 0.517948717948718
0.214457831325301 0.512820512820513
0.212048192771084 0.502564102564103
0.211244979919679 0.492307692307692
0.211244979919679 0.492307692307692
0.211244979919679 0.492307692307692
0.211244979919679 0.487179487179487
0.209638554216867 0.487179487179487
0.209638554216867 0.487179487179487
0.208032128514056 0.487179487179487
0.207228915662651 0.487179487179487
0.207228915662651 0.487179487179487
0.207228915662651 0.487179487179487
0.205622489959839 0.487179487179487
0.201606425702811 0.487179487179487
0.201606425702811 0.487179487179487
0.2 0.487179487179487
0.199196787148594 0.487179487179487
0.195983935742972 0.487179487179487
0.195983935742972 0.487179487179487
0.193574297188755 0.487179487179487
0.193574297188755 0.487179487179487
0.191967871485944 0.487179487179487
0.191967871485944 0.482051282051282
0.191967871485944 0.482051282051282
0.191164658634538 0.476923076923077
0.188755020080321 0.476923076923077
0.185542168674699 0.476923076923077
0.183935742971888 0.476923076923077
0.181526104417671 0.476923076923077
0.181526104417671 0.476923076923077
0.179116465863454 0.471794871794872
0.179116465863454 0.471794871794872
0.175100401606426 0.471794871794872
0.173493975903614 0.471794871794872
0.172690763052209 0.471794871794872
0.170281124497992 0.466666666666667
0.167871485943775 0.466666666666667
0.165461847389558 0.461538461538462
0.165461847389558 0.461538461538462
0.165461847389558 0.456410256410256
0.163052208835341 0.456410256410256
0.160642570281124 0.456410256410256
0.159839357429719 0.456410256410256
0.158232931726908 0.456410256410256
0.157429718875502 0.456410256410256
0.155823293172691 0.456410256410256
0.155823293172691 0.451282051282051
0.155823293172691 0.451282051282051
0.15421686746988 0.451282051282051
0.15421686746988 0.451282051282051
0.152610441767068 0.446153846153846
0.151004016064257 0.446153846153846
0.150200803212851 0.441025641025641
0.149397590361446 0.441025641025641
0.149397590361446 0.441025641025641
0.149397590361446 0.435897435897436
0.149397590361446 0.425641025641026
0.14859437751004 0.425641025641026
0.14859437751004 0.425641025641026
0.147791164658635 0.425641025641026
0.146987951807229 0.425641025641026
0.146184738955823 0.425641025641026
0.146184738955823 0.425641025641026
0.146184738955823 0.425641025641026
0.145381526104418 0.425641025641026
0.145381526104418 0.425641025641026
0.144578313253012 0.425641025641026
0.144578313253012 0.425641025641026
0.142971887550201 0.425641025641026
0.142168674698795 0.425641025641026
0.142168674698795 0.425641025641026
0.14136546184739 0.415384615384615
0.140562248995984 0.415384615384615
0.139759036144578 0.415384615384615
0.139759036144578 0.415384615384615
0.138152610441767 0.415384615384615
0.138152610441767 0.415384615384615
0.137349397590361 0.415384615384615
0.136546184738956 0.415384615384615
0.136546184738956 0.41025641025641
0.136546184738956 0.41025641025641
0.136546184738956 0.41025641025641
0.134939759036145 0.41025641025641
0.134939759036145 0.41025641025641
0.134939759036145 0.41025641025641
0.134939759036145 0.41025641025641
0.133333333333333 0.405128205128205
0.130120481927711 0.405128205128205
0.130120481927711 0.405128205128205
0.129317269076305 0.38974358974359
0.129317269076305 0.38974358974359
0.1285140562249 0.38974358974359
0.1285140562249 0.384615384615385
0.127710843373494 0.374358974358974
0.126907630522088 0.374358974358974
0.126104417670683 0.374358974358974
0.126104417670683 0.369230769230769
0.126104417670683 0.364102564102564
0.123694779116466 0.364102564102564
0.123694779116466 0.364102564102564
0.122088353413655 0.364102564102564
0.122088353413655 0.364102564102564
0.122088353413655 0.364102564102564
0.122088353413655 0.364102564102564
0.122088353413655 0.364102564102564
0.122088353413655 0.358974358974359
0.122088353413655 0.358974358974359
0.121285140562249 0.358974358974359
0.120481927710843 0.358974358974359
0.120481927710843 0.358974358974359
0.120481927710843 0.353846153846154
0.120481927710843 0.353846153846154
0.119678714859438 0.353846153846154
0.119678714859438 0.348717948717949
0.119678714859438 0.348717948717949
0.119678714859438 0.348717948717949
0.118875502008032 0.348717948717949
0.118875502008032 0.343589743589744
0.117269076305221 0.343589743589744
0.114056224899598 0.343589743589744
0.114056224899598 0.343589743589744
0.112449799196787 0.338461538461538
0.112449799196787 0.338461538461538
0.112449799196787 0.338461538461538
0.112449799196787 0.333333333333333
0.111646586345382 0.333333333333333
0.110843373493976 0.333333333333333
0.110843373493976 0.323076923076923
0.110843373493976 0.323076923076923
0.110843373493976 0.317948717948718
0.11004016064257 0.312820512820513
0.11004016064257 0.312820512820513
0.11004016064257 0.312820512820513
0.11004016064257 0.312820512820513
0.108433734939759 0.312820512820513
0.108433734939759 0.312820512820513
0.108433734939759 0.307692307692308
0.106827309236948 0.307692307692308
0.105220883534137 0.307692307692308
0.105220883534137 0.307692307692308
0.105220883534137 0.307692307692308
0.104417670682731 0.307692307692308
0.104417670682731 0.307692307692308
0.104417670682731 0.302564102564103
0.103614457831325 0.297435897435897
0.10281124497992 0.297435897435897
0.101204819277108 0.282051282051282
0.101204819277108 0.282051282051282
0.100401606425703 0.282051282051282
0.100401606425703 0.282051282051282
0.0995983935742972 0.282051282051282
0.0995983935742972 0.282051282051282
0.0995983935742972 0.276923076923077
0.0987951807228916 0.276923076923077
0.0979919678714859 0.276923076923077
0.0979919678714859 0.276923076923077
0.0971887550200803 0.266666666666667
0.0947791164658635 0.266666666666667
0.0947791164658635 0.266666666666667
0.0947791164658635 0.266666666666667
0.0947791164658635 0.266666666666667
0.0931726907630522 0.266666666666667
0.0931726907630522 0.256410256410256
0.0931726907630522 0.256410256410256
0.0931726907630522 0.256410256410256
0.0931726907630522 0.256410256410256
0.0931726907630522 0.251282051282051
0.0931726907630522 0.251282051282051
0.0923694779116466 0.251282051282051
0.091566265060241 0.251282051282051
0.091566265060241 0.251282051282051
0.091566265060241 0.241025641025641
0.091566265060241 0.241025641025641
0.091566265060241 0.241025641025641
0.091566265060241 0.241025641025641
0.0907630522088353 0.241025641025641
0.0907630522088353 0.241025641025641
0.0907630522088353 0.241025641025641
0.0891566265060241 0.241025641025641
0.0891566265060241 0.241025641025641
0.0883534136546185 0.241025641025641
0.0883534136546185 0.241025641025641
0.0867469879518072 0.241025641025641
0.085140562248996 0.241025641025641
0.085140562248996 0.241025641025641
0.0843373493975904 0.241025641025641
0.0843373493975904 0.241025641025641
0.0843373493975904 0.230769230769231
0.0843373493975904 0.220512820512821
0.0843373493975904 0.220512820512821
0.0843373493975904 0.220512820512821
0.0843373493975904 0.220512820512821
0.0835341365461847 0.220512820512821
0.0827309236947791 0.220512820512821
0.0827309236947791 0.220512820512821
0.0811244979919679 0.220512820512821
0.0811244979919679 0.220512820512821
0.0811244979919679 0.220512820512821
0.0803212851405622 0.220512820512821
0.0803212851405622 0.220512820512821
0.0803212851405622 0.220512820512821
0.078714859437751 0.220512820512821
0.078714859437751 0.220512820512821
0.078714859437751 0.220512820512821
0.078714859437751 0.220512820512821
0.078714859437751 0.220512820512821
0.078714859437751 0.215384615384615
0.0779116465863454 0.21025641025641
0.0779116465863454 0.21025641025641
0.0779116465863454 0.205128205128205
0.0763052208835341 0.205128205128205
0.0755020080321285 0.2
0.0746987951807229 0.2
0.0746987951807229 0.2
0.0746987951807229 0.2
0.0746987951807229 0.2
0.0738955823293173 0.2
0.0738955823293173 0.2
0.0738955823293173 0.2
0.0738955823293173 0.194871794871795
0.0738955823293173 0.194871794871795
0.0738955823293173 0.194871794871795
0.0730923694779116 0.194871794871795
0.0730923694779116 0.194871794871795
0.0730923694779116 0.194871794871795
0.0730923694779116 0.194871794871795
0.0730923694779116 0.18974358974359
0.072289156626506 0.18974358974359
0.072289156626506 0.18974358974359
0.0714859437751004 0.18974358974359
0.0698795180722892 0.18974358974359
0.0698795180722892 0.18974358974359
0.0698795180722892 0.18974358974359
0.0690763052208835 0.18974358974359
0.0690763052208835 0.18974358974359
0.0690763052208835 0.18974358974359
0.0690763052208835 0.18974358974359
0.0690763052208835 0.18974358974359
0.0690763052208835 0.18974358974359
0.0690763052208835 0.184615384615385
0.0682730923694779 0.184615384615385
0.0682730923694779 0.184615384615385
0.0666666666666667 0.184615384615385
0.0666666666666667 0.184615384615385
0.065863453815261 0.179487179487179
0.065863453815261 0.179487179487179
0.065863453815261 0.179487179487179
0.065863453815261 0.174358974358974
0.065863453815261 0.174358974358974
0.065863453815261 0.169230769230769
0.065863453815261 0.164102564102564
0.065863453815261 0.164102564102564
0.065863453815261 0.164102564102564
0.065863453815261 0.164102564102564
0.065863453815261 0.158974358974359
0.065863453815261 0.158974358974359
0.065863453815261 0.158974358974359
0.065863453815261 0.158974358974359
0.065863453815261 0.158974358974359
0.065863453815261 0.158974358974359
0.065863453815261 0.158974358974359
0.065863453815261 0.158974358974359
0.065863453815261 0.158974358974359
0.065863453815261 0.158974358974359
0.0650602409638554 0.158974358974359
0.0650602409638554 0.158974358974359
0.0642570281124498 0.158974358974359
0.0634538152610442 0.158974358974359
0.0634538152610442 0.158974358974359
0.0634538152610442 0.158974358974359
0.0626506024096386 0.158974358974359
0.0626506024096386 0.158974358974359
0.0610441767068273 0.158974358974359
0.0610441767068273 0.158974358974359
0.0610441767068273 0.158974358974359
0.0610441767068273 0.153846153846154
0.0610441767068273 0.153846153846154
0.0602409638554217 0.148717948717949
0.0594377510040161 0.148717948717949
0.0594377510040161 0.143589743589744
0.0594377510040161 0.143589743589744
0.0594377510040161 0.138461538461538
0.0594377510040161 0.138461538461538
0.0594377510040161 0.138461538461538
0.0594377510040161 0.133333333333333
0.0594377510040161 0.133333333333333
0.0594377510040161 0.133333333333333
0.0594377510040161 0.133333333333333
0.0594377510040161 0.133333333333333
0.0578313253012048 0.133333333333333
0.0578313253012048 0.133333333333333
0.0578313253012048 0.123076923076923
0.0570281124497992 0.112820512820513
0.0570281124497992 0.112820512820513
0.0570281124497992 0.112820512820513
0.0570281124497992 0.112820512820513
0.0570281124497992 0.112820512820513
0.0562248995983936 0.112820512820513
0.0562248995983936 0.112820512820513
0.0562248995983936 0.112820512820513
0.0562248995983936 0.112820512820513
0.0562248995983936 0.112820512820513
0.0562248995983936 0.112820512820513
0.0554216867469879 0.112820512820513
0.0546184738955823 0.112820512820513
0.0546184738955823 0.112820512820513
0.0546184738955823 0.112820512820513
0.0538152610441767 0.112820512820513
0.0538152610441767 0.112820512820513
0.0538152610441767 0.112820512820513
0.0530120481927711 0.112820512820513
0.0530120481927711 0.112820512820513
0.0530120481927711 0.112820512820513
0.0530120481927711 0.112820512820513
0.0522088353413655 0.112820512820513
0.0522088353413655 0.107692307692308
0.0522088353413655 0.107692307692308
0.0522088353413655 0.107692307692308
0.0522088353413655 0.102564102564103
0.0514056224899598 0.102564102564103
0.0514056224899598 0.102564102564103
0.0514056224899598 0.0974358974358974
0.0514056224899598 0.0974358974358974
0.0514056224899598 0.0974358974358974
0.0514056224899598 0.0974358974358974
0.0514056224899598 0.0974358974358974
0.0514056224899598 0.0974358974358974
0.0514056224899598 0.0923076923076923
0.0497991967871486 0.0923076923076923
0.0497991967871486 0.0923076923076923
0.0497991967871486 0.0820512820512821
0.0497991967871486 0.0820512820512821
0.0497991967871486 0.0820512820512821
0.0497991967871486 0.0820512820512821
0.0497991967871486 0.0820512820512821
0.0497991967871486 0.0820512820512821
0.0497991967871486 0.0820512820512821
0.0497991967871486 0.0820512820512821
0.0497991967871486 0.0820512820512821
0.0481927710843374 0.0820512820512821
0.0481927710843374 0.0820512820512821
0.0481927710843374 0.0820512820512821
0.0473895582329317 0.0820512820512821
0.0473895582329317 0.0820512820512821
0.0473895582329317 0.0820512820512821
0.0465863453815261 0.0820512820512821
0.0465863453815261 0.0820512820512821
0.0457831325301205 0.0820512820512821
0.0457831325301205 0.0820512820512821
0.0457831325301205 0.0820512820512821
0.0449799196787149 0.0769230769230769
0.0449799196787149 0.0769230769230769
0.0449799196787149 0.0769230769230769
0.0449799196787149 0.0769230769230769
0.0441767068273092 0.0769230769230769
0.0433734939759036 0.0769230769230769
0.0433734939759036 0.0769230769230769
0.0433734939759036 0.0769230769230769
0.0417670682730924 0.0769230769230769
0.0417670682730924 0.0769230769230769
0.0417670682730924 0.0769230769230769
0.0417670682730924 0.0769230769230769
0.0417670682730924 0.0769230769230769
0.0409638554216867 0.0769230769230769
0.0409638554216867 0.0769230769230769
0.0401606425702811 0.0769230769230769
0.0401606425702811 0.0769230769230769
0.0401606425702811 0.0769230769230769
0.0401606425702811 0.0769230769230769
0.0401606425702811 0.0717948717948718
0.0401606425702811 0.0717948717948718
0.0393574297188755 0.0666666666666667
0.0393574297188755 0.0666666666666667
0.0393574297188755 0.0666666666666667
0.0393574297188755 0.0666666666666667
0.0393574297188755 0.0666666666666667
0.0393574297188755 0.0615384615384615
0.0385542168674699 0.0615384615384615
0.0385542168674699 0.0615384615384615
0.0385542168674699 0.0615384615384615
0.0385542168674699 0.0615384615384615
0.0385542168674699 0.0615384615384615
0.0385542168674699 0.0615384615384615
0.0385542168674699 0.0615384615384615
0.0385542168674699 0.0512820512820513
0.0385542168674699 0.0512820512820513
0.0385542168674699 0.0512820512820513
0.0385542168674699 0.0512820512820513
0.0385542168674699 0.0512820512820513
0.0385542168674699 0.0512820512820513
0.0385542168674699 0.0512820512820513
0.0385542168674699 0.0512820512820513
0.0385542168674699 0.0512820512820513
0.0385542168674699 0.0512820512820513
0.0385542168674699 0.0512820512820513
0.0385542168674699 0.0512820512820513
0.0385542168674699 0.0512820512820513
0.0377510040160643 0.0512820512820513
0.0377510040160643 0.0512820512820513
0.0377510040160643 0.0512820512820513
0.0369477911646586 0.0512820512820513
0.0369477911646586 0.0512820512820513
0.036144578313253 0.0512820512820513
0.036144578313253 0.0512820512820513
0.036144578313253 0.0512820512820513
0.036144578313253 0.0512820512820513
0.036144578313253 0.0512820512820513
0.0353413654618474 0.0512820512820513
0.0345381526104418 0.0512820512820513
0.0345381526104418 0.0512820512820513
0.0345381526104418 0.0512820512820513
0.0345381526104418 0.0512820512820513
0.0345381526104418 0.0512820512820513
0.0345381526104418 0.0461538461538462
0.0337349397590361 0.0461538461538462
0.0337349397590361 0.0461538461538462
0.0329317269076305 0.0461538461538462
0.0321285140562249 0.0461538461538462
0.0321285140562249 0.0461538461538462
0.0321285140562249 0.0461538461538462
0.0321285140562249 0.0461538461538462
0.0321285140562249 0.0461538461538462
0.0321285140562249 0.0461538461538462
0.0313253012048193 0.0461538461538462
0.0313253012048193 0.0461538461538462
0.0313253012048193 0.0461538461538462
0.0313253012048193 0.0461538461538462
0.0305220883534137 0.0461538461538462
0.0305220883534137 0.0461538461538462
0.029718875502008 0.0461538461538462
0.029718875502008 0.0461538461538462
0.029718875502008 0.0461538461538462
0.0281124497991968 0.0461538461538462
0.0281124497991968 0.0461538461538462
0.0281124497991968 0.0461538461538462
0.0281124497991968 0.0461538461538462
0.0273092369477912 0.0461538461538462
0.0273092369477912 0.0461538461538462
0.0273092369477912 0.0461538461538462
0.0273092369477912 0.0461538461538462
0.0265060240963855 0.0461538461538462
0.0265060240963855 0.0461538461538462
0.0265060240963855 0.0461538461538462
0.0265060240963855 0.0461538461538462
0.0265060240963855 0.041025641025641
0.0265060240963855 0.041025641025641
0.0265060240963855 0.0358974358974359
0.0265060240963855 0.0358974358974359
0.0265060240963855 0.0358974358974359
0.0265060240963855 0.0358974358974359
0.0257028112449799 0.0358974358974359
0.0257028112449799 0.0358974358974359
0.0257028112449799 0.0358974358974359
0.0257028112449799 0.0358974358974359
0.0257028112449799 0.0358974358974359
0.0248995983935743 0.0358974358974359
0.0248995983935743 0.0358974358974359
0.0248995983935743 0.0358974358974359
0.0248995983935743 0.0358974358974359
0.0248995983935743 0.0358974358974359
0.0248995983935743 0.0358974358974359
0.0248995983935743 0.0358974358974359
0.0248995983935743 0.0358974358974359
0.0248995983935743 0.0358974358974359
0.0240963855421687 0.0358974358974359
0.0232931726907631 0.0358974358974359
0.0232931726907631 0.0358974358974359
0.0232931726907631 0.0358974358974359
0.0232931726907631 0.0358974358974359
0.0232931726907631 0.0358974358974359
0.0232931726907631 0.0358974358974359
0.0232931726907631 0.0358974358974359
0.0208835341365462 0.0358974358974359
0.0208835341365462 0.0358974358974359
0.0192771084337349 0.0358974358974359
0.0192771084337349 0.0358974358974359
0.0184738955823293 0.0358974358974359
0.0184738955823293 0.0358974358974359
0.0184738955823293 0.0358974358974359
0.0184738955823293 0.0358974358974359
0.0184738955823293 0.0358974358974359
0.0176706827309237 0.0358974358974359
0.0176706827309237 0.0358974358974359
0.0168674698795181 0.0358974358974359
0.0168674698795181 0.0358974358974359
0.0168674698795181 0.0358974358974359
0.0168674698795181 0.0358974358974359
0.0168674698795181 0.0358974358974359
0.0168674698795181 0.0358974358974359
0.0160642570281124 0.0358974358974359
0.0160642570281124 0.0358974358974359
0.0160642570281124 0.0307692307692308
0.0160642570281124 0.0307692307692308
0.0160642570281124 0.0307692307692308
0.0160642570281124 0.0307692307692308
0.0160642570281124 0.0307692307692308
0.0160642570281124 0.0307692307692308
0.0160642570281124 0.0307692307692308
0.0160642570281124 0.0256410256410256
0.0160642570281124 0.0256410256410256
0.0160642570281124 0.0256410256410256
0.0160642570281124 0.0256410256410256
0.0152610441767068 0.0256410256410256
0.0152610441767068 0.0256410256410256
0.0152610441767068 0.0256410256410256
0.0152610441767068 0.0256410256410256
0.0152610441767068 0.0256410256410256
0.0152610441767068 0.0205128205128205
0.0152610441767068 0.0205128205128205
0.0152610441767068 0.0205128205128205
0.0152610441767068 0.0205128205128205
0.0152610441767068 0.0205128205128205
0.0152610441767068 0.0205128205128205
0.0152610441767068 0.0205128205128205
0.0152610441767068 0.0205128205128205
0.0152610441767068 0.0205128205128205
0.0152610441767068 0.0205128205128205
0.0152610441767068 0.0205128205128205
0.0152610441767068 0.0205128205128205
0.0152610441767068 0.0205128205128205
0.0152610441767068 0.0205128205128205
0.0152610441767068 0.0205128205128205
0.0152610441767068 0.0205128205128205
0.0144578313253012 0.0153846153846154
0.0144578313253012 0.0153846153846154
0.0144578313253012 0.0153846153846154
0.0144578313253012 0.0153846153846154
0.0144578313253012 0.0153846153846154
0.0144578313253012 0.0153846153846154
0.0136546184738956 0.0153846153846154
0.0136546184738956 0.0153846153846154
0.0136546184738956 0.0153846153846154
0.0136546184738956 0.0153846153846154
0.0136546184738956 0.0153846153846154
0.0136546184738956 0.0153846153846154
0.0136546184738956 0.0153846153846154
0.0136546184738956 0.0153846153846154
0.0136546184738956 0.0153846153846154
0.0136546184738956 0.0153846153846154
0.0136546184738956 0.0153846153846154
0.01285140562249 0.0153846153846154
0.01285140562249 0.0153846153846154
0.01285140562249 0.0153846153846154
0.01285140562249 0.0153846153846154
0.01285140562249 0.0153846153846154
0.01285140562249 0.0153846153846154
0.01285140562249 0.0153846153846154
0.01285140562249 0.0153846153846154
0.01285140562249 0.0153846153846154
0.01285140562249 0.0153846153846154
0.01285140562249 0.0153846153846154
0.01285140562249 0.0153846153846154
0.01285140562249 0.0153846153846154
0.01285140562249 0.0153846153846154
0.01285140562249 0.0153846153846154
0.01285140562249 0.0153846153846154
0.01285140562249 0.0153846153846154
0.01285140562249 0.0153846153846154
0.0120481927710843 0.0153846153846154
0.0120481927710843 0.0153846153846154
0.0120481927710843 0.0153846153846154
0.0120481927710843 0.0153846153846154
0.0120481927710843 0.0153846153846154
0.0120481927710843 0.0153846153846154
0.0120481927710843 0.0153846153846154
0.0120481927710843 0.0153846153846154
0.0120481927710843 0.0153846153846154
0.0120481927710843 0.0153846153846154
0.0120481927710843 0.0153846153846154
0.0120481927710843 0.0153846153846154
0.0120481927710843 0.0153846153846154
0.0120481927710843 0.0153846153846154
0.0120481927710843 0.0102564102564103
0.0120481927710843 0.00512820512820513
0.0120481927710843 0.00512820512820513
0.0120481927710843 0.00512820512820513
0.0120481927710843 0.00512820512820513
0.0120481927710843 0.00512820512820513
0.0120481927710843 0.00512820512820513
0.0120481927710843 0
0.0120481927710843 0
0.0120481927710843 0
0.0112449799196787 0
0.0112449799196787 0
0.0112449799196787 0
0.0104417670682731 0
0.0104417670682731 0
0.0104417670682731 0
0.0104417670682731 0
0.0104417670682731 0
0.0104417670682731 0
0.0104417670682731 0
0.0104417670682731 0
0.0104417670682731 0
0.0104417670682731 0
0.0104417670682731 0
0.0104417670682731 0
0.0104417670682731 0
0.0104417670682731 0
0.0104417670682731 0
0.0104417670682731 0
0.0104417670682731 0
0.0104417670682731 0
0.0104417670682731 0
0.0104417670682731 0
0.0104417670682731 0
0.0104417670682731 0
0.0104417670682731 0
0.0104417670682731 0
0.0104417670682731 0
0.0104417670682731 0
0.0104417670682731 0
0.0104417670682731 0
0.00963855421686747 0
0.00963855421686747 0
0.00963855421686747 0
0.00963855421686747 0
0.00963855421686747 0
0.00883534136546185 0
0.00883534136546185 0
0.00883534136546185 0
0.00883534136546185 0
0.00883534136546185 0
0.00883534136546185 0
0.00883534136546185 0
0.00883534136546185 0
0.00883534136546185 0
0.00883534136546185 0
0.00883534136546185 0
0.00883534136546185 0
0.00883534136546185 0
0.00803212851405622 0
0.00803212851405622 0
0.00803212851405622 0
0.00803212851405622 0
0.00803212851405622 0
0.00803212851405622 0
0.00803212851405622 0
0.00803212851405622 0
0.00803212851405622 0
0.00803212851405622 0
0.00803212851405622 0
0.00803212851405622 0
0.00803212851405622 0
0.00803212851405622 0
0.00803212851405622 0
0.0072289156626506 0
0.0072289156626506 0
0.0072289156626506 0
0.0072289156626506 0
0.0072289156626506 0
0.0072289156626506 0
0.0072289156626506 0
0.0072289156626506 0
0.0072289156626506 0
0.0072289156626506 0
0.0072289156626506 0
0.0072289156626506 0
0.0072289156626506 0
0.0072289156626506 0
0.0072289156626506 0
0.0072289156626506 0
0.0072289156626506 0
0.0072289156626506 0
0.0072289156626506 0
0.00562248995983936 0
0.00562248995983936 0
0.00562248995983936 0
0.00562248995983936 0
0.00562248995983936 0
0.00562248995983936 0
0.00481927710843374 0
0.00481927710843374 0
0.00481927710843374 0
0.00481927710843374 0
0.00481927710843374 0
0.00481927710843374 0
0.00481927710843374 0
0.00481927710843374 0
0.00481927710843374 0
0.00481927710843374 0
0.00401606425702811 0
0.00401606425702811 0
0.00401606425702811 0
0.00401606425702811 0
0.00401606425702811 0
0.00401606425702811 0
0.00401606425702811 0
0.00401606425702811 0
0.00401606425702811 0
0.00401606425702811 0
0.00401606425702811 0
0.00401606425702811 0
0.00401606425702811 0
0.00401606425702811 0
0.00401606425702811 0
0.00401606425702811 0
0.00401606425702811 0
0.00321285140562249 0
0.00321285140562249 0
0.00321285140562249 0
0.00321285140562249 0
0.00160642570281125 0
0.00160642570281125 0
0.00160642570281125 0
0.00160642570281125 0
0.00160642570281125 0
0.00160642570281125 0
0.00160642570281125 0
0.00160642570281125 0
0.00160642570281125 0
0.00160642570281125 0
0.00160642570281125 0
0.00160642570281125 0
0.00160642570281125 0
0.00160642570281125 0
0.00160642570281125 0
0.00160642570281125 0
0.00160642570281125 0
0.00160642570281125 0
0.00160642570281125 0
0.00160642570281125 0
0.00160642570281125 0
0.00160642570281125 0
0.00160642570281125 0
0.000803212851405623 0
0.000803212851405623 0
0.000803212851405623 0
0.000803212851405623 0
0.000803212851405623 0
0.000803212851405623 0
0.000803212851405623 0
0.000803212851405623 0
0.000803212851405623 0
0.000803212851405623 0
0.000803212851405623 0
0.000803212851405623 0
0.000803212851405623 0
0.000803212851405623 0
0.000803212851405623 0
0.000803212851405623 0
0.000803212851405623 0
0.000803212851405623 0
0.000803212851405623 0
0.000803212851405623 0
0.000803212851405623 0
0.000803212851405623 0
0.000803212851405623 0
0.000803212851405623 0
0.000803212851405623 0
0.000803212851405623 0
0.000803212851405623 0
0.000803212851405623 0
0.000803212851405623 0
0.000803212851405623 0
0.000803212851405623 0
0.000803212851405623 0
0.000803212851405623 0
0.000803212851405623 0
0.000803212851405623 0
0.000803212851405623 0
0.000803212851405623 0
0.000803212851405623 0
0.000803212851405623 0
0.000803212851405623 0
0.000803212851405623 0
0.000803212851405623 0
0.000803212851405623 0
0.000803212851405623 0
0.000803212851405623 0
0.000803212851405623 0
0.000803212851405623 0
0.000803212851405623 0
0.000803212851405623 0
0.000803212851405623 0
0.000803212851405623 0
0.000803212851405623 0
0.000803212851405623 0
0.000803212851405623 0
0.000803212851405623 0
0.000803212851405623 0
0.000803212851405623 0
0.000803212851405623 0
0.000803212851405623 0
0.000803212851405623 0
0.000803212851405623 0
0 0
0 0
0 0
0 0
0 0
0 0
0 0
0 0
0 0
0 0
0 0
0 0
0 0
0 0
0 0
0 0
0 0
0 0
0 0
0 0
0 0
0 0
0 0
0 0
0 0
0 0
0 0
0 0
0 0
0 0
0 0
