x y
0.016326017207587185 0.01740243859954252
0.04195931865818442 -0.09702607488936109
0.051117729618500134 0.019084307235870027
0.02345533048813555 0.0059242211882373635
0.02392319079672346 -0.009861002532365146
0.10157206881868013 0.04239681321517699
0.15070444103289055 0.036205723820786295
0.0884292397271845 -0.039177976114826964
0.04108154424127887 0.03437184547359684
0.018973085065144717 0.06320579897826475
0.4115946065923149 -0.0859978325828008
0.05403661445039442 0.07326194586068688
0.012841476485047947 0.0763774697888166
0.07845176226260996 0.025623691051288783
0.07199505056535448 -0.05032532777448835
0.0209775206536587 -0.04205006600995618
0.4018318005343496 0.022031338473721337
0.1663005820599677 0.008244296516325342
0.0033573780086900715 0.07572778517854084
0.549236337602539 -0.0602166031219292
0.06134662905130672 0.035875864527734586
0.1887223844453715 0.08412535317965411
0.02836690384817492 -0.05255408018689674
0.025909925329430813 0.042848428957915435
0.19566771285822374 0.09682908192110454
0.11395074056730364 -0.04604498406337054
0.03793065356559583 -0.08471092017427317
0.043033844662154236 -0.020800929514185634
0.03174108860374699 -0.040017084918698514
0.039225370839447396 0.000931239153042121
0.030593644081414358 0.02644761402241208
0.024535734394358782 0.019847254920890636
0.06660108287070667 -0.015403793310872355
0.038528575438317426 0.08012819024458287
0.1401146157689043 -0.09442697162014907
0.1651052796489379 -0.03794552154266826
0.021015835129908633 -0.05806833018122626
0.03159721699664071 -0.04800361258065742
0.439425172386097 -0.07555375882145848
0.1272326612884066 0.0913821180001719
0.028135961605165825 -0.08711842353380364
0.04621965351428783 -0.0306540463093284
0.022060891715735484 0.09194949332265431
0.025303120130595325 0.0725377460892754
0.07703159113219844 0.05356311932915375
0.10524638689394095 0.08482193637713145
0.024430297303514616 0.042892517675478914
0.023457684583335855 -0.04299090017452978
0.038121765898730155 0.07771717061045486
0.17795464896728078 0.031255463188753274
0.45886190621036194 -0.016448053226682996
0.008075599001404688 0.05936035703140971
0.06813961819057847 -0.02920182357905006
0.0285621578136639 0.05946246643283651
0.01585954168049931 0.006139218588704559
0.23560006431335528 -0.05249263762228007
0.01817648478203065 0.006793584666850247
0.07845176226260996 -0.022244944568481556
0.02313645682992429 -0.02893742917152642
0.026036353099859848 -0.09474880480187696
0.013479145088294566 -0.06692792571521922
0.02967965982625639 -0.03976427226161017
0.015107531441288841 -0.03140911022743707
0.04171227585028293 0.01214934878731562
0.10233114437095404 0.08777165164021525
0.10355511669498729 0.020737066761431458
0.10049298389783674 0.002988823338835142
0.037829310583985455 -0.08313664217566824
0.09873898295099762 -0.05612910774718845
0.014896575996976876 -0.05565082232113072
0.26218576344186795 0.056368983249311444
0.022686757431676346 0.0006950956130502284
0.0825033900954728 0.053572816836268994
0.40498679209980354 0.030807294694214782
0.038452932611299215 0.06836363130757617
0.0769274348743506 -0.05627868711832551
0.08814571578354491 -0.05294784525347376
0.03861035568193681 -0.071967438779704
0.02520455378416117 -0.06676260981548462
0.1390861478072232 -0.008300033208345742
0.061883720040709446 -0.06998966004348439
0.2619755199712559 0.07906240780220417
0.03392329987706579 -0.08361446911882325
0.0075372457169332295 -0.06560413218671553
0.019627412223691715 0.08261831402900824
0.018855911399977644 0.08128462143432355
0.03838144024130302 -0.06537552403936062
0.05737570017017074 0.05637774790413019
0.10849482486093086 0.07450120962919776
0.11933716930049709 -0.0821911316001383
0.018948741134002415 -0.05676627806852446
0.07521563968002828 -0.09788008380712661
0.024838854998497365 -0.024468991952644292
0.16148939362738665 0.08292503326659581
0.10247758717209902 -0.02636723740717828
0.031858761627358144 0.06327884259222658
0.493107054059221 -0.03267373678459172
0.05696881995775026 -0.09826656768280602
0.06454195981654083 0.05015360964918422
0.13367503733270197 -0.041755299945840645
0.01873889587667441 -0.017338324409674907
0.02801738552733581 -0.02384509266348131
0.06855784268843672 -0.04521568376648184
0.026776926628810756 -0.0989037075316833
0.8229766629993087 -0.06953306394150419
0.11351443699930946 0.0633938619493069
0.032093555354083605 0.027283599569492112
0.0369706724543008 0.0680641253208181
0.02110811550795452 0.0612943862069317
0.05301012028598021 -0.009483239564101353
0.022369653447889666 0.0026307535056596942
0.05561913220414848 0.015434819084919171
0.011470679880501359 -0.017454970890758065
0.07769960786886816 0.03451820340278916
0.2739609409723616 -0.06279495727417346
0.2406911921024404 0.05848026253325414
0.04862391478558607 -0.06639199174266236
0.030509969641182817 0.09732011502052046
0.03303711993365479 -0.09059261411399247
0.30936722200491074 -0.04122799723761326
0.13624650210140749 -0.03373907879152531
0.024044529828053385 -0.09455919075619788
0.032718634928452145 0.0819992109970869
0.027600080766130755 0.09654488788307564
0.032019133241239575 -0.026750440057163635
0.040324908946855885 0.07648486300615917
0.07735604242711064 -0.0280776893352485
0.04595704301625566 0.003929535937302123
0.03614307634210154 0.04907666648522352
0.01393051635410329 -0.027895550340803335
0.03838144024130302 0.0432775333578469
0.04531635249337008 -0.002950344463411275
0.09000460040509504 0.06320066111309425
0.020453682214999647 0.09540445267952652
0.02124893983306114 -0.03179436008387647
0.042336231828507265 0.03271739682104549
0.026403678794040597 -0.09933997965305415
0.030236269100789005 -0.057608203315934595
0.03511545731008245 0.006721689274330617
0.16057660935639903 0.0745225236137608
0.38970657794952157 -0.07530135017704283
0.009891437919423493 -0.08656402443307509
0.036836362237791784 0.0665833204480551
0.03658788709649731 -0.020646076210137948
0.23145702519748068 -0.022837080680458893
0.01868806556446653 -0.04830793890686538
0.027136688696136325 -0.025761539437270775
0.2125140423249732 0.07049223373175623
0.015794649136815792 0.0651721271539134
0.08211962130011133 0.058224587290316626
0.32141045193527695 -0.06965163376683117
0.16707280938242203 0.0802252341650081
0.19031297791401564 0.048664480783154274
0.044216305277419245 0.021366354906811713
0.030153144620958364 0.08325431549632373
0.08459406932377607 -0.08225095818951933
0.7459963396334738 -0.09471910186930894
0.027902978099148955 -0.0384234026626529
0.038050820437822076 -0.07290029818742505
0.15069978167660317 0.049255994103189066
0.022712597155386358 -0.07676240762132978
0.1965221817514411 0.08164847499002453
0.7084026171052694 0.0164597348776738
0.05851953003923737 0.07780232105773954
0.12257542359874059 0.011953790822781696
0.3625362609746397 -0.059063275992391744
0.018195114240371114 -0.02313162788471841
0.02047807597110306 0.01718437756514793
0.009109937887265307 -0.03890443938829824
0.05409249553643214 0.0001242351744978054
0.06183665810835605 -0.07008196152367135
0.11133075550750193 0.05897229210366292
0.009210913198792157 0.03251983092316357
0.24400642914163484 0.05631637362028816
0.08118911583960174 -0.07048472110220974
0.0158225649058208 -0.0016896491003915576
0.03665928120321791 -0.0769646626118795
0.027417623686951723 -0.032469627996081246
0.017578729324716536 0.06732168933044233
0.013867050689920798 0.08444998619584806
0.1172524573011767 -0.053399240970986785
0.061816826173321425 0.05585917371349039
0.30597041300639655 -0.028090453253914377
0.08291971452627434 -0.050614620711961544
0.019016785216711036 0.07664638353794917
0.065418340621373 -0.035588207027233865
0.14601956918041412 0.015119702508798682
0.020834015076069783 -0.01394708060979473
0.07957095718547036 -0.06020980347403946
0.023281318445499157 -0.013951772391523093
0.08232939970097614 -0.08147964090833032
0.06577205963915299 0.056639710045612385
0.02557777939920041 0.005826353971075934
0.02955784549708284 0.06944970952392523
0.01808420703844122 -0.06579881113461447
0.039364533478246866 -0.07866831654316336
0.022725444538718446 0.07187400957359039
0.052076452811335196 0.03507273226830923
0.0619226145986857 -0.0748237325989461
0.1362040595342008 -0.007462809217463784
0.030142383093375722 0.0009957302351895903
0.02901642806212108 -0.08571345696570523
0.0936148735896337 0.02465104979323103
0.10203054809044954 0.00340154063483164
0.012702139179467492 0.07562458224931784
0.022686757431676346 0.05044113239832135
0.1578767087124826 0.02670685398712966
0.021428682452748177 -0.0895889429403999
0.020226760082080936 -0.09564411719795768
0.13395996301385948 -0.045461107350433586
0.16065192415585292 -0.07655559290823657
0.03209777604660195 0.017469022607690343
0.05162213563741933 -0.0559981371517253
0.01698193400493126 0.07214711948990535
0.023647851187043874 -0.0479141976410987
0.04370639776176988 0.06743706663853583
0.08810653186737585 0.033193926349795566
0.01809634732105656 0.07442663567677565
0.16622475111796448 -0.014555699249102355
0.32386408896410385 -0.026403406953778255
0.03649404455317529 0.05014151125802491
0.07133936420587263 0.07180519668157023
0.07841344889821539 0.05388874531159907
0.07199505056535448 0.016618709377588095
0.09829151848050505 -0.06792204753351244
0.0265252886697787 -0.09091472372869291
0.0669656979709386 -0.08675801091230535
0.04333154428656791 0.05496350097153049
0.022101093107483885 -0.06769817620345758
0.08118911583960174 0.01422721563487972
0.02730780192000699 -0.06327169922219125
0.08610332410931304 0.07912437111328346
0.1538124253680543 0.010902561222663004
0.0786327101550937 0.03866443847068546
0.021324283518211515 -0.009083970724937246
0.02133791297792036 -0.04805780589875604
0.020685563991904403 -0.06209240906713487
0.054094504679979366 0.05826170022568372
0.012137619823582593 -0.02936154030796756
0.020044758278523814 -0.09470415671007935
0.041717055211578466 0.02625591922589493
0.014491229915988607 -0.01100560805707132
0.039183280480640965 -0.014865840045003437
0.05135634072973271 -0.08153971866034189
0.6273114421405467 0.08727594149096438
0.02611539056892381 0.01229301576336328
0.027924014092691723 0.0856249269720459
0.01485718164441019 0.009223705216548611
0.05943631892932017 0.06842259563297723
0.05684853765571973 0.0568995774083412
0.010492240422138846 -0.046385542130095915
0.06604038851169623 0.04548059906670854
0.046711623817535346 0.07183922753462677
0.03324163476664403 0.009058511404253067
0.33986237164005073 -0.09567890840103328
0.2520651344338255 -0.0011476418384192416
0.02142637990894815 -0.05811821747494111
0.04683707714579759 0.07796487124197357
0.016564399584388042 0.07685009074945587
0.029555005610598734 -0.054448348338369736
0.14921457862156343 0.09921170226386514
0.05403661445039442 0.07578849073866462
0.10659859500891285 0.013272929176998932
0.027858493185400054 0.028442929618829993
0.02695665058750078 -0.035351879349172874
0.15344133627320675 -0.047186323864253546
0.04683707714579759 -0.07477400683689615
0.04443259265702282 0.048750530872904124
0.02559163484519657 0.07544111179512897
0.21988760126109658 -0.08741596375644534
0.4430969262049961 -0.015773638724472933
0.1316832550173457 0.027507534127089367
0.20486251749719256 0.07127017400322819
0.03462479058944972 0.07794234270217043
0.16859184025792257 0.06430869611491286
0.018850514165396803 -0.06943171494747497
0.1320281622122838 -0.03764064443099453
0.01740511576361814 -0.08635229691200946
0.028308450632822835 -0.015863311729849602
0.045227480284790005 -0.0815709177229262
0.03392329987706579 0.0963806727346593
0.03200289787388888 -0.09014906680756858
0.025183832814204294 -0.029108884814199
0.04080470971683029 -0.04635644704002184
0.0304031947448748 -0.04692741653019381
0.06872446054969424 -0.08847128195091838
0.1401146157689043 0.03238992102692301
0.04351214191495827 -0.03946152301011792
0.04621965351428783 -0.023957096169290384
0.2369674158529585 0.026981838251766838
0.03011857073687331 -0.07833368998216617
0.0400242103658734 -0.0362192273233678
0.022942918634390436 0.01182764401193756
0.015690730499187035 0.050319971889536935
0.3627749493905973 0.05577797244894392
0.013479145088294566 -0.0566596807883987
0.024236895533688237 0.08168377027056897
0.04233106266690141 -0.0688670639769128
0.07775102368208439 0.08349361667530336
0.0076762212997931135 -0.060653357519993525
0.07889609234375163 -0.017952309239727376
0.012912553736557105 -0.07631893488064066
0.2936320575854484 -0.005643509675317876
0.02745378213711756 -0.04407727609621566
0.04458330200008698 -0.024321420840421257
0.015630611430978318 -0.08901199676595935
0.09859793547408234 0.08904902163176096
0.032761618414056545 -0.06592034629581042
0.019706742646280282 0.025375853589117814
0.01808989533605761 -0.05618089841616423
0.2113701396932133 0.014093429642403038
0.7335805762605404 -0.047591855925176056
0.024550883244333712 0.08664176911343632
0.38116932884579724 0.07648761040895688
0.039945879767358194 -0.008507871105543047
0.02142637990894815 -0.013186187350695516
0.06361426832162317 -0.027936199169418904
0.037564859367456696 0.07405950701907374
0.02780752256975653 0.017263619604243566
0.4525785770389919 -0.08459249906911513
0.21820682076559736 0.05009876462516677
0.01622995501691808 0.015977939408982025
0.04351214191495827 -0.030497293717024254
0.02976519613753218 0.07908364799119322
0.027073334050299977 0.002593149808451975
0.026010080799799405 0.02451353153881046
0.09519299797865671 -0.024531150406409852
0.022060891715735484 -0.015195545197904628
0.03200289787388888 -0.015126387590272697
0.014384735816827391 -0.017416394483976055
0.10645428755403992 0.09844873017085429
0.021217702978474806 -0.08276554783007653
0.0435539184653424 -0.05776890538411053
0.016674384205558897 -0.08600858225174512
0.49524772643447484 -0.013438515556292052
0.09297000100344205 -0.029543761515152686
0.06070775635954418 0.06646217987681283
0.02273016223037616 0.0830184312274401
0.021295854389885086 0.03133925638252674
0.4766249346247045 -0.08151707650738974
0.1040655233246232 -0.05668188173869333
0.015292815042077574 0.028829602018386025
0.1493892765150292 0.04538866488525875
0.04812484722596567 0.08764903373901714
0.0698806560132727 0.05253250040034682
0.016525312221099795 0.09016669390755547
0.02724170758851632 -0.07682047798336876
0.4079454580687997 0.05570423484104803
0.013196001470729194 0.08932539447491808
0.06924548633634972 -0.011681886625151544
0.16065187549803234 0.02809484816647384
0.018456655959142948 -0.005837044239785288
0.027858493185400054 -0.07464955730992998
0.5071755523439198 0.023191229608041347
0.06604614698987239 0.08861884740463655
0.03508641930997205 -0.043214543426858
0.17380539241308204 0.010036636982814068
0.09459720743468532 -0.09974212572212855
0.023285811566329716 -0.09596217648698041
0.01901044705846012 -0.03732485427486819
0.2406911921024404 -0.041691581138859624
0.022631602474289046 -0.0202883632034178
0.012294786857922763 0.05353640553632463
0.06488417001111917 -0.07732015918839495
0.45717627618859913 0.005940358551291297
0.02367636720148682 -0.024179631425898157
0.01983103296259255 -0.07041966221329915
0.04812484722596567 0.08316002018604027
0.033184914565611616 0.04257898019197376
0.021736473647363815 0.06334422692326211
0.06516143786765519 0.011012173381906853
0.026689485656078118 0.027635355521579807
0.549236337602539 0.002795002653750364
0.572274732438901 0.09754381306983612
0.027267823828776638 -0.034230867505728305
0.03649820889107786 0.08472811846176928
0.47619655534728805 -0.0627439210859619
0.572274732438901 0.04962948493878347
0.09799367199543763 -0.06748642629775675
0.08396376618259202 0.06372440909038818
0.01027918749271871 -0.0721719503196065
0.013818592841040362 0.054932715260678305
0.0200336175342813 -0.07502420997936994
0.28073392932849484 -0.0659816846551575
0.040210905656560054 -0.05661244929596032
0.014656438374605018 -0.04004050874422221
0.037049395608272896 -0.07902223105348921
0.025909925329430813 0.03313310400224262
0.16825357385442746 0.07185338466889465
0.025576161267570598 -0.08825454408966615
0.0696236747292466 -0.030360284896391906
0.016360311805005 -0.01889064230459772
0.4379054363714422 0.019956515836941205
0.017331948786192906 -0.09665503843095756
0.03919135839036516 -0.09386535843098912
0.04845905275721982 -0.03196316399941786
0.033499109035374675 0.0770512439512922
0.005875163682827035 0.05584010401573894
0.433958677636941 0.02543711406827029
0.028477364201174252 -0.019573076222474256
0.04487399253187815 0.0135992905487613
0.04080470971683029 -0.03578844454846142
0.12767218716534648 0.009778685222055564
0.0583838008033803 -0.03897375070934135
0.41366212577879263 -0.09785218850971585
0.01596304700839105 0.07241843250528426
0.02096204891307596 -0.08290205288194114
0.032724252824435314 -0.04127459650424963
0.24657569438281407 -0.05802768429639198
0.027978438349405128 0.09218938880339758
0.01656507234902021 0.013454974419357363
0.02673361203827677 0.025365129365892275
0.0076762212997931135 -0.08625140133874097
0.03807858111761383 0.016326035211028156
0.022980136967142746 0.04136212256803484
0.017332888383439465 0.04654954216038992
0.11395074056730364 0.06141188980529519
0.030236269100789005 0.026401820633139006
0.1727532194395837 0.08193715932572196
0.022651448513047505 0.021033336990533807
0.16783902673632362 0.04429624223794318
0.03335888396386247 0.048821773220420445
0.050016189664867226 0.07312677216180274
0.015248163512624717 -0.07196327018960287
0.032724252824435314 0.026476495326724525
0.015937497998964156 0.08185490390207648
0.10308670455657798 -0.07480689776994304
0.25067812124544475 -0.037499028203431525
0.02743251291059288 -0.095712671018205
0.10464706031060247 -0.024118503962151913
0.953556148310798 0.05755021163259183
0.029176214138325603 0.050421514252012994
0.5772015648840103 0.09367352064373502
0.03134185579004496 -0.02679109979197772
0.15353214238318602 0.054647128518712534
0.020597906283349832 -0.05460880703410009
0.03163531409950633 -0.02013157341083502
0.016994367917400794 -0.0375097309900859
0.048418068582947206 0.050628064906703185
0.01564555119209104 -0.054445672712741304
0.03666490012676451 -0.08136901991038055
0.5289547856411854 -0.08819640476093392
0.49822514305616433 -0.052522409275017036
0.18517932643166748 -0.0198632728028358
0.05366485276703817 0.058213644406765436
0.2325247794513056 -0.04844940501468509
0.06796274152525204 -0.058571161887444184
0.3748170063435231 -0.007320768748916365
0.8247797461393032 -0.03899012382356946
0.14556888790575248 -0.040804008269981255
0.01723805114649968 -0.02550970120129828
0.01809634732105656 0.05886341567744144
0.509372366134648 -0.07987340230115823
0.10009095426423961 -0.05853534975047756
0.08459406932377607 0.08808066532416
0.023655513199165288 -0.06541504955811528
0.016675711844723475 -0.05739500976837819
0.10555941732700781 -0.0614227385093282
0.2749932241352569 0.021507427576771015
0.15114802251555529 0.01391544782573717
0.10049298389783674 0.005434483481978086
0.1727532194395837 -0.058410363969805416
0.03292059678147395 0.0732322292732688
0.04191778454096148 -0.017392558978273145
0.07109792774242803 0.07080670570340783
0.043065689108888576 -0.06809523737389023
0.017118530136135336 -0.08773482521104162
0.02030734267005523 0.01651655143828963
0.04894213134811368 -0.0652750915386678
0.1597041869331871 -0.005493049799598665
0.1642653086312352 -0.016756621844144143
0.07360528311591896 0.08702817951578257
0.07549766216326184 0.0007836886862172959
0.027858493185400054 0.08620317573393246
0.10014188380603616 0.010310838428676306
0.08459406932377607 -0.0917565537762835
0.03937764904788804 0.07165174533895644
0.1597041869331871 -0.01405186855167273
0.025533640201076013 -0.007894190950564359
0.15502257460810318 -0.05088622797834222
0.028415662899457947 -0.05720166492442778
0.07668360172283395 -0.07279353450170732
0.024360006547481432 -0.020106538555803397
0.12663599570983003 0.023353491158546652
0.02210870519982984 -0.03262357134925016
0.027329563093462076 0.05898904366639532
0.01970288932288155 -0.0563144921686253
0.0824803866198732 0.037545749975699066
0.02767227396043368 0.04629136546412982
0.023647851187043874 -0.028576615763858906
0.025377536697915475 0.04036399646857827
0.09051477821675456 -0.06327384523413265
0.09312528693789797 0.09843492909766513
0.015626338531454984 0.011274335183188405
0.38206023358770075 0.05321826038695951
0.025241142318659683 -0.06852739148638617
0.026028802953613463 -0.06988434820117835
0.7738561707674897 0.030935354034607093
0.15502257460810318 -0.004988378262144821
0.32347226397583945 0.036056118208479704
0.040049329815851985 0.05100995800109018
0.03265708033139947 -0.06505322652726078
0.09949910679602071 -0.027877662860277583
0.12041893587485934 0.012532816944492403
0.06644079579757084 0.04347436757573256
0.08962638877215276 -0.020504819317709685
0.1272124822204562 0.09457244765269318
0.01982048007751309 0.0372896101120711
0.09547547250274259 -0.032296173136125095
0.33176531489789446 -0.06801638949537206
0.04267504229678486 -0.011836717382300188
0.09069063424337097 0.038837080863666856
0.07703159113219844 0.057566322267329495
0.01936715995584456 -0.08893960297154924
0.023609036992041303 -0.04705242145731819
0.09133977739522489 0.06656688704455446
0.026051810891557597 0.08536425332021993
0.05008735440833906 0.03259009752534153
0.0073502129705513165 -0.053429637070016404
0.014896575996976876 0.060698293214321936
0.055158468712771414 -0.09855133803030039
0.1035405501960431 0.013701527042427192
0.06013435783348532 0.028591749137077932
0.14278190104831143 0.023474870377894155
0.027267823828776638 0.08180752065196942
0.023999783382080073 -0.02857614118596684
0.05528524403619617 0.010988463119371489
0.016216747902180056 0.04959696545350192
0.29601623159413654 -0.0069573199798496355
0.032480766546347864 -0.04144841550836649
0.07360126890444793 0.03936415083861408
0.029646882399951637 0.013308809789607315
0.03547843898857221 -0.08007446582528366
0.04821603169560425 0.07791101742806503
0.05013182717304301 0.06511562798580087
0.05837694810998257 0.07037713604251436
0.293722445472447 -0.010862581562659873
0.23828981380982656 0.07249359828246124
0.020417939240009567 -0.08560251859457686
0.025425413248219248 -0.09844248943581904
0.02422429659151752 0.007934402762107329
0.05866701811208412 -0.07777964561468434
0.011050134309299402 -0.03632789110585913
0.025758786393749077 -0.03593874051812118
0.026427369923277207 0.053343945600932946
0.02101569165633288 -0.07897834039987846
0.007936062442535467 0.03218116095782125
0.2113701396932133 -0.017045462110914997
0.36392979696409083 0.015209069886442952
0.042445190538571737 -0.048801963031820716
0.09974928774378064 -0.06780305649193277
0.020998100857716615 0.09584749853174948
0.19216887247700765 0.03250537243919607
0.026835142246217462 -0.08756013019984664
0.07134259528679902 -0.04266641008724473
0.05696881995775026 -0.006329390904068671
0.03774627254302721 0.08287827412238288
0.02681597270621854 -0.040351066440416195
0.01368672546892986 0.06945929068776233
0.6182528524486968 -0.018589901757402535
0.09587629098241998 -0.01173219368309257
0.03649399305080172 0.04799074049937019
0.044228385800715087 0.032283290094039796
0.11634287996472392 0.004294300056672751
0.2126169088121956 -0.015548756894876531
0.01955826048572583 0.08756206947977538
0.12683001533604843 0.00045562329140240443
0.13438820110596397 0.08735380246506752
0.023316585021156935 0.022526901725011372
0.01599266820718937 -0.09501727566505068
0.03713096720964152 -0.03999497663678886
0.02338739860920059 0.02268651793663093
0.0524981699631476 0.09174184978428179
0.05848684021797378 0.03803730361275118
0.003225931579313101 -0.008208256958657276
0.06963624907508094 -0.03155349167738963
0.025790891439351444 -0.059088648318579566
0.04250011109581044 -0.06437165000556902
0.08726284210140638 -0.04831223528334275
0.1954741966703346 0.07633099325352821
0.5099320034346171 -0.02182043116334398
0.07735604242711064 0.029837662080203387
0.38793411112974224 -0.06508506385008611
0.06912038841058028 0.029474524486954035
0.07577144701630545 -0.037938731249001156
0.08192458219498681 -0.07751658529721972
0.011003725713673931 -0.03342276723583425
0.164533680116056 -0.031184963383262973
0.5574614717557068 0.005372232649652517
0.010703163502448161 0.074202101913564
0.0379968431416458 0.07151495819947296
0.05419446929346539 0.09140206685074562
0.15783770924594034 0.031232146973114217
0.04615053929011598 0.09902412602521102
0.06269823617421187 0.044286832064385606
0.03914440133716886 0.04727348934976186
0.10362837333568799 0.0009470394580110841
0.4207914403753504 0.01541250104953866
0.17898175617184947 -0.08939060878965187
0.1856179399684834 -0.014608452245134448
0.02593528858872126 0.06398462808971941
0.043650906096961865 -0.06703292626235971
0.027329563093462076 -0.07389232339251911
0.02735059139511413 -0.032649541961470546
0.06400926948439649 0.006181648310154705
0.3266568292287729 -0.06316810044592439
0.042052646536356236 -0.053276994348625345
0.022044468264638066 -0.009330863342851714
0.03853456329381219 0.012295643634892661
0.09764856060371706 -0.03456078851610685
0.046194807068084646 0.040743561539068524
0.02706706528915658 -0.03996399257299388
0.02574537151491852 -0.0695769574271929
0.04576450371652513 0.0713989548714283
0.8190640622113038 0.08852405304149052
0.09444537643002097 0.034928813092017896
0.024892483753096117 0.03768629392936057
0.03174169102819826 0.024163732359429507
0.051830724333020856 -0.0915022939607097
0.07273799816540645 0.009809470095045597
0.05643685478466457 0.05113147879397631
0.027073334050299977 -0.001157799368288942
0.1591297775374438 0.030669596454035414
0.04868154593664571 -0.09812659851296211
0.29052733830003985 -0.015790972248819785
0.7324890141645244 -0.019303931553666345
0.13939337748659897 -0.047838860917926954
0.019230666250119172 -0.020134669295988478
0.1482479163231834 0.08638530307332787
0.125745791201327 -0.08942370849497845
0.034828570846430054 -0.04471547069420323
0.022350675471089616 -0.08372097689026387
0.04813971855665541 -0.03395739826159121
0.6291027247461148 0.07707526389306468
0.05737570017017074 -0.08602229930185826
0.20962757237345 -0.07306222968843866
0.02630671600956499 0.006019865796200868
0.032051060908904916 -0.046015958769992496
0.18893386376315385 0.06530240601268225
0.08459406932377607 0.09796474433760427
0.06258535251252474 0.015194649154149364
0.0378774700009273 0.06432504349840135
0.23145702519748068 -0.08136449753205861
0.014053286695763613 -0.03750639984609838
0.03441021094874484 0.09780702179398967
0.34128606712421694 0.012104320031671612
0.03988680755647798 -0.00011992108520877953
0.03273455982413798 0.052056560809861624
0.057366984313825475 0.04737935615101746
0.024901238755830148 0.08711225961896135
0.01053672088349711 0.01407942877894719
0.013818592841040362 -0.061289383481273996
0.03289690578792425 -0.02011996605031989
0.027682079790213747 -0.04323948873291253
0.17858361276069543 0.022385264040160238
0.019099801521124293 -0.01722795532016992
0.007933932876967857 -0.06005561058291869
0.05314440355309645 -0.09783243534594131
0.2073177641640449 0.09362081699834623
0.09949910679602071 -0.029465719686848732
0.08016688113848354 -0.05132758444347485
0.01983103296259255 -0.026727220647777244
0.04588751109273817 -0.030798896082428126
0.026028802953613463 0.06450574592855748
0.03807858111761383 0.03324798557845757
0.027979976000903788 -0.09541805722757901
0.048195527483851225 0.044897719812316356
0.10888478772941558 0.004878814890887415
0.027600080766130755 0.06838705413631774
0.802451504842353 -0.070675335655554
0.0693244223037451 0.0052101857333977375
0.020834015076069783 -0.08996089523597915
0.05363448068173527 0.06907314817590132
0.022712597155386358 -0.02189562922498514
0.035714294844833495 0.0379040440425919
0.019117763835718702 0.0020408101699596892
0.37012997861506597 -0.011931361790705974
0.05709131520101753 -0.011338045707954977
0.02836690384817492 -0.09544836656343476
0.012702139179467492 -0.02965657155219885
0.10888478772941558 -0.01975034952623808
0.2308463826479878 -0.0004576993694708209
0.0209775206536587 0.041102106374813846
0.03977570645587531 0.01466705390960428
0.0698004419022433 -0.02828928365469334
0.4247826807006466 0.08467865652346138
0.04123397706996336 0.05182651695342
0.02167545793091259 -0.0951778337829051
0.03847861367795373 -0.02710581936145358
0.14473889537530568 -0.040893617737409696
0.12994120257086866 0.09936563563913683
0.031083100798965094 0.006110961009195531
0.04213512898527767 0.055280553522304765
0.0583981935039317 0.07836601900058901
0.015168011973133428 -0.09733057861432418
0.103600939532599 0.007909221163250768
0.01825666046581809 -0.09809171793191185
0.6393026603749227 -0.020285053330742778
0.04537977450269424 -0.004672622239086224
0.019538833570082084 -0.01924034804688861
0.016254492577754503 -0.07419721560389697
0.029965073512894704 -0.03450355094202562
0.019607158928201463 -0.06413134750942762
0.04091155389601801 -0.07122915854589391
0.0847285104987381 -0.004628473553989029
0.02052301407828267 -0.06785213320841052
0.1645500655393942 -0.07803756015240831
0.19525982282355236 0.05847493208219348
0.027492769086208402 0.09709183790636838
0.05595671885135336 -0.07901153347827553
0.022786278474658583 -0.09587865744197376
0.12337368284346964 0.00277814732022226
0.05041341844337616 0.08309785116840124
0.0279641719263981 0.09774925282331198
0.023388508752685628 0.0078075440117013895
0.024892483753096117 0.001660980056271022
0.02479445651575097 -0.058966934136807585
0.026385394554344625 0.07785224476014799
0.02077836143188679 0.08973090472798298
0.018156957848531895 -0.07485755260251928
0.069284857936289 -0.0510819130576726
0.04756152299877139 -0.06919882158562916
0.09395628561826738 0.09567787265878161
0.02453318967916012 -0.07081796903786908
0.09637243482014382 0.09487364033059822
0.022350675471089616 -0.04130472991873335
0.12754214895535673 -0.020977012490399405
0.025954449198529614 0.019969368102027693
0.2618458081746072 -0.09426037783209879
0.01832291993172711 -0.04039472800211863
0.014453014769196198 -0.04898940908338794
0.29721320007707036 0.04250046955264791
0.023051209806614893 -0.06687721909466322
0.06989725132203989 0.07455157742706262
0.04595704301625566 0.02694202465249501
0.12041893587485934 -0.06517611654314079
0.021505293275568355 0.03870591879495333
0.02422429659151752 -0.09903727469268574
0.023410826672565117 0.09073034651043005
0.021138229629170606 -0.022183711899826236
0.02012240559586693 0.07832181234974708
0.06442376654254228 0.033614045765828326
0.5704980179164639 -0.0775744454347718
0.34452755826305 0.09200951941034871
0.03174552347210715 -0.06425972714994971
0.030267570436038855 0.03149459672195351
0.03420766770070835 -0.025556173694895712
0.01807212023248005 -0.06746046660327149
0.011050134309299402 -0.05412951914315814
0.02745198295651975 0.09459725493114121
0.015566539086762029 -0.015685350138073817
0.13269446306301677 0.02462384750505013
0.06997154665402902 -0.017063801763533462
0.09201741932203666 0.092494600490619
0.07113332917510219 0.06009266713962083
0.09829151848050505 -0.05563537011430195
0.04479623512976728 0.05152579073567293
0.038528575438317426 -0.005620553318556223
0.022471928176986667 -0.03338097027607144
0.051422842282252273 0.08007042772039896
0.14722854856513626 -0.029599587315440254
0.08093400755453345 0.055117174727642076
0.014932103203147582 -0.09886504307261024
0.2799768427260103 -0.029910588376942646
0.11517449419415957 0.010834572407369375
0.01799599599255242 0.0020079373516083965
0.02473352318469919 -0.030912615253732123
0.5814374170371844 0.0005864545544982391
0.04088894396447958 -0.028181300223641403
0.010323796141529158 0.039251379932348396
0.01157583192378165 -0.027496512217400265
0.020226760082080936 -0.0503030089733187
0.15675336080906732 0.09803508227543911
0.05013182717304301 0.011315997119485458
0.027979976000903788 -0.0002456836191866013
0.24642351776062182 -0.008705075791952052
0.11282615496534219 -0.010755690386621788
0.07336255532705102 -0.0012586087702186888
0.03499628464680762 0.05278365203706348
0.02348620550828016 0.0973162589701114
0.09587629098241998 -0.04454334094368487
0.1505915153804403 -0.09912351891982998
0.17858361276069543 0.03756020190258175
0.018407203845193 0.08323782239158353
0.09377451404420398 -0.006070070455442125
0.02531851944403759 -0.09525587929404969
0.0391273906228491 0.018355768088799948
0.02125932825745278 -0.016266635436737162
0.028308450632822835 0.001854735571752933
0.0937934851834157 0.08252642736137797
0.015669295462180797 0.059188437268117705
0.045473829092228794 0.09133292626211581
0.027639012345761466 0.08470728311568129
0.021653434034040433 0.03684008873275521
0.02012240559586693 0.08315156772373158
0.030156646055454595 0.04839998352128999
0.028568664992154824 -0.0008450625448904459
0.02378428659251667 -0.08122359698692079
0.03649820889107786 -0.07519876366987047
0.46200334896200923 0.09168608439426451
0.25948824797689435 -0.031588621374718004
0.03541720422222171 -0.0009798187589027119
0.08475231991327929 -0.024677641539272432
0.003225931579313101 -0.027767633371722125
0.023318269675508332 -0.041656415739894384
0.06202147277416381 -0.004210776694423643
0.013774828168371184 0.08185893176847076
0.026987933819921265 0.06747861164299115
0.02438485985818897 -0.08140782180037703
0.19050540071874378 0.08274749784846536
0.03393515627485006 0.08703562992102803
0.016072068345488955 0.0016669166461864976
0.02162323100126979 0.019467812923105954
0.03420824070145891 -0.007560368127037045
0.30811020263790223 0.033186534053778166
0.052016938106423105 0.09845434444792131
0.027965436343334777 -0.07263888225834712
0.1589099605075649 -0.0009438286156463194
0.25205227261377433 -0.058101965934283496
0.2655940233240696 -0.015941108095870543
0.05741383416973417 -0.03741030377733652
0.03174108860374699 -0.05177076882369121
0.0884292397271845 -0.09239567129270106
0.31228621578157656 0.03970032943946497
0.022776304064478524 -0.07748616051128587
0.023240414097598028 -0.08830862713318528
0.01084094804821842 0.008755010607918862
0.04788930256864079 -0.00400836912165474
0.024285357113952796 0.050405690654756086
0.06823275633094517 0.024338910930309113
0.47497630913088745 0.021110605912109698
0.029979848163380375 0.04505551967847793
0.02922305770639441 -0.056910840596449
0.13438820110596397 0.07535849475819989
0.01208709816627939 0.003269417212459838
0.11819870272257879 0.08119306119608291
0.056154782506272295 -0.053130291225176096
0.24041156396893504 -0.0820146811101798
0.5022123299143318 -0.045844941090714776
0.022600119910050454 -0.0839383612399327
0.007933932876967857 0.061601189747874874
0.046203845992595735 0.03037425069685626
0.01808420703844122 -0.051816387629276185
0.14266387262761265 0.06805938850258905
0.02489247700571367 -0.04302263884533382
0.5071755523439198 0.07470769626608251
0.02078951214878602 0.020331631052650276
0.03290398160482598 -0.03843821652792306
0.049896503928855404 0.09439896661892827
0.028271011463276895 -0.09649662492257907
0.1041006404213388 -0.015892383621792544
0.38361582326812854 -0.023776577197468174
0.06134662905130672 0.03028395707426504
0.14086080777017165 -0.08894132133209139
0.026371444055945843 0.07682959335550096
0.08341168859333585 0.08750345434641663
0.026427369923277207 -0.043494670020950914
0.1326897028324806 0.06247466460534154
0.18647659900093608 -0.011420809600884096
0.02213512429142242 0.05706669507801204
0.02547364826571328 -0.02062781680376806
0.1887223844453715 0.07750371535559966
0.11703700391953888 0.07671649034024497
0.05135634072973271 -0.07046513763454432
0.03993708600732841 0.09845748263035536
0.056811211099021444 0.030734621363740583
0.05301012028598021 -0.02853670725271898
0.061247489527661236 0.09558952857540923
0.4193554086067902 0.04336131755281797
0.012607482244694027 0.04313968162573564
0.15385712855878278 0.09593353620089573
0.02780752256975653 -0.09619997772259475
0.09857309717595071 0.008889908238551111
0.2055058605258487 0.0940230605198405
0.03178077678221943 -0.02029980255543677
0.12662069079098173 -0.0340776986596352
0.039364533478246866 -0.06573611945834637
0.16694994290125478 0.017330725384522405
0.1629211766686225 0.03502714540399679
0.05455272479463708 0.005204241429487652
0.1337609248086823 -0.09774193819260997
0.028496409171207496 0.05552884228056265
0.019117763835718702 -0.06553935318310783
0.029979848163380375 0.060298185296659895
0.07312735447466524 -0.09664781707657402
0.013161061892050524 0.0841258776297456
0.10058173782394485 -0.08169212181018398
0.6606547470241235 -0.0740873475278693
0.056144514358978104 0.07814534223741895
0.34128606712421694 -0.030263057115100134
0.020194424962918674 -0.006520614285698612
0.08291971452627434 0.09562556528123761
0.018410291914796206 -0.07967538440418823
0.07267284128450943 -0.08703957507637027
0.1027925681766026 -0.06989335340937947
0.025004179910665857 0.003343186871309939
0.07203582489056606 -0.013799592566652003
0.06183665810835605 -0.044813699186001955
0.018169849925534057 -0.046577161382965
0.11164020848441117 -0.01633928352807619
0.5040735667562127 -0.05289293936197717
0.06013435783348532 -0.041640130725477564
0.013474355678349459 -0.045827837178680025
0.03320469430822924 0.0436661669349101
0.07106549407246286 -0.09296199072431109
0.061883720040709446 -0.08983609423157275
0.013558182338071835 0.059326608063504566
0.04076863258025836 0.0845152000461504
0.04443259265702282 -0.09646402424683137
0.022919129293345258 0.0393457287761812
0.02348620550828016 -0.07193693346711534
0.048418068582947206 -0.014888253948208544
0.046291213659819135 -0.07945681294341474
0.11290517113627559 -0.04700851889615276
0.05236515325184423 0.0904406456099642
0.03022086075531328 0.07307010834302982
0.030251059185235612 0.017589752579347098
0.030781867939679547 0.05891484343953213
0.04370639776176988 -0.028509185594078043
0.03807858111761383 -0.05631918036017019
0.015143603040050203 -0.07598815192394766
0.009878390560019101 -0.01607781953163645
0.1174301563932639 0.042044884473361355
0.08552054654406566 -0.08076966982949381
0.011900393187017288 -0.07253460559295787
0.02101708006143068 -0.08500612852668055
0.07106549407246286 -0.021405634105529536
0.01808420703844122 0.041590641575825066
0.01400809967058954 -0.010409979723778412
0.06237328505203726 -0.07666383787743558
0.0414653069591271 -0.06332880153840288
0.020453294984214665 0.051460565316136214
0.3004224711841835 0.06968695435168731
0.24640958408959673 -0.018276488741253913
0.267283161978154 0.07094213981652372
0.02378571615461544 -0.029635145590902065
0.023051209806614893 0.031074731536776506
0.06380397575177107 -0.04270849143752995
0.5905918111612241 0.08131394983900889
0.3146949348590494 0.09019297620543831
0.05561913220414848 -0.0839033341055331
0.0268291536989632 0.006474449439380511
0.06590651958807474 -0.0971381720933786
0.11565299406464767 0.01885272519295031
0.8324206085405206 0.09598222853287472
0.06618806915507142 -0.002423970373206824
0.017784101827088446 0.011090890095102807
0.02838215441284736 0.036162503173281624
0.035374658526117174 0.04358141684842326
0.0905861753552702 -0.07759222084747981
0.01569976062999305 0.06969441000087065
0.047358922928183576 -0.04677544429447651
0.06912219625284763 -0.06258488709320417
0.16065187549803234 -0.020234512413334807
0.012906812871688232 -0.07391970419098759
0.05409249553643214 -0.02507212450680328
0.03693589426773207 0.09410376035279597
0.2547269961929989 0.06741348491082089
0.05606005177273488 -0.020438744504803125
0.02273016223037616 -0.08476423922819634
0.02274253382868202 0.0585751896759254
0.19036920963028314 -0.07721165623493834
0.04583834166708264 0.039704896925590843
0.08211962130011133 -0.04875451829052566
0.06237328505203726 -0.022271515935434485
0.015536482228891568 0.09818307461491091
0.04256046342609205 -0.027392362147474647
0.017722782136990214 0.028650125825118555
0.014607469237115703 -0.09036373278292645
0.0176694517097604 0.001952248378754698
0.025253974294150154 0.015583355393501155
0.06912038841058028 -0.08599312062634189
0.020990394585010945 -0.04590239683478621
0.06660108287070667 0.004001462581522147
0.016780142888599563 -0.0632030203317461
0.021086165225227545 0.004720654569213029
0.16649900304412388 -0.08182809514895578
0.03517335388601416 -0.08520385205352687
0.02133791297792036 -0.08893780392632647
0.14217338314256855 -0.0960161755736465
0.01603861212582293 -0.06545651978280373
0.03649399305080172 0.05618541191579196
0.039201626648335014 -0.02714439376167402
0.02142637990894815 -0.09126589731250204
0.014570943829669782 -0.0920175647917137
0.328759467247459 0.008081869497435362
0.029445190428743256 0.04623709467097378
0.03665928120321791 -0.04828865742570459
0.04875530544119581 0.045985984290409954
0.032773773730596104 -0.02081414124539123
0.06796274152525204 0.03076290361354153
0.22140355990165217 -0.09577378739120145
0.05687265207121556 -0.018633918021569912
0.5279766590649435 0.0974001655672335
0.032399317413270595 -0.04818503752281325
0.11426078416996294 0.08238107240814768
0.3176028612865787 0.06917099092213022
0.057365066679456775 0.06120360852053475
0.17380539241308204 -0.058040396923753845
0.021473662827570534 0.037112548576120175
0.1237471118750696 -0.04877352468696938
0.0212045771394208 0.03862880525094761
0.056930808916775696 0.09304746006022233
0.0033573780086900715 0.0034293333993798275
0.559371276981145 0.050023616726193126
0.018589394721979603 -0.03569673990262741
0.03982029896591474 -0.04607752028367915
0.19618098373983842 -0.03547534410212726
0.21382997464845035 0.09489772345135905
0.047987233242130375 -0.042527482158737986
0.03249816583870938 -0.05532840849780177
0.03417443545642862 -0.03157327200666005
0.2030539869542666 -0.07667912614926076
0.8229766629993087 0.008471744180332474
0.06345739100139022 -0.007783797781655527
0.019230666250119172 -0.00038838881327178665
0.028873843025282578 -0.03281302676469826
0.008677925155087966 0.05507026592780004
0.04621965351428783 -0.002581935204153618
0.038121765898730155 0.06895068768316989
0.08592422667558744 0.02780430044306853
0.1355745665327285 -0.037919480790542
0.022414636217763705 -0.04776572705429558
0.013876482169091228 -0.06256608487689715
0.044088095852397 0.02250845112683486
0.27135523034266246 0.03168133585728802
0.1440579416564372 -0.05345390595576432
0.060284970300746366 -0.00495866594227104
0.2119735689195405 0.007408951325906757
0.035828306315946606 0.006694949635278197
0.05189199258502898 -0.05798404625658629
0.017704967042993663 0.050756256059050264
0.03114129655508215 -0.06053390931533829
0.02791513600461874 -0.04316473372787458
0.02572402411303607 -0.06681698183802443
0.06941436681699446 -0.023242353795138282
0.12278494932716325 0.08610255830078148
0.09174899220293488 -0.04524431997076979
0.016674384205558897 -0.02931067455625995
0.36043684839727086 -0.03885400312966967
0.017615281796156228 0.03978827448249683
0.2322253613633456 0.0606037522317642
0.1531699008423254 0.09225899374873472
0.10096973330572387 -0.020434728236262606
0.05419225182601567 -0.09901921874028921
0.03905324341951329 -0.011181767797477343
0.05585037796935492 0.04284248720218098
0.07482950160071854 -0.0516117569837435
0.03114129655508215 0.07004784849983076
0.32386408896410385 0.05282557723914702
0.06855784268843672 -0.011542046142607856
0.06644079579757084 0.05216265789847188
0.0603337458175995 0.03071134003822834
0.16931301004804772 0.06379397213834348
0.018915839939448936 0.08276493806857585
0.06400926948439649 -0.07120033952867291
0.07320333115020203 0.09663035486291316
0.08402498879247913 -0.09151108129324513
0.03138198392549357 -0.0889333756387491
0.13465025030877117 -0.06306139000050709
0.09201741932203666 0.09694660283770393
0.041598591595086686 -0.09836965882637035
0.06071921292989953 0.02160745855451826
0.02069786549743497 -0.013681906335558242
0.04233106266690141 -0.026488021770914943
0.016360311805005 0.05680779032981165
0.021086165225227545 -0.098944249041165
0.19945042771821436 -0.08128638574832035
0.028496409171207496 0.0754255911728492
0.23247857451557843 0.039793333368058015
0.027924014092691723 -0.07953875646722322
0.23273749944164981 -0.051957964006936155
0.5102356852195362 -0.04654359663897237
0.022725444538718446 -0.06995118301469849
0.05643810628753079 -0.039928755464896964
0.2579766124673792 0.06677577643047214
0.040225429650230536 0.00472370009233794
0.07766739559136257 0.03669503394399451
0.034486092203059426 0.01929143522291263
0.02012240559586693 -0.04005991986216753
0.1355745665327285 0.08057566067052357
0.030443835115678025 0.09932063885075165
0.6702136116552608 -0.017993629916796622
0.04255322272772183 -0.07490468033856275
0.01989769226847879 -0.028058805376887208
0.032480766546347864 -0.08587910987783771
0.021356499451619514 0.016462086795811334
0.16617972028591393 -0.04450863026243515
0.030287572704479057 0.007482739059860896
0.16057660935639903 -0.07535717027614303
0.02318724727424522 -0.008793059276745854
0.025175523439172065 0.09206299955170089
0.029894527079071 0.06033328807815261
0.5056694406369832 0.04655347265537349
0.020717694602177667 -0.04689176332132583
0.02261998838326533 -0.031333924098619084
0.12047162515900182 -0.08876146921996995
0.05760693781068538 0.04420221696076748
0.026369353925646693 0.09480922580008397
0.03209777604660195 -0.029669721915388372
0.027894503318524867 -0.07709607699247234
0.05923848261502251 0.03819761912434927
0.022571949190515094 -0.06724401216526801
0.028518206508611862 -0.02662654457382306
0.02342432122148098 -0.0013638655180506498
0.01825086089332953 0.09182084823818723
0.03160336660074214 0.06789854361878858
0.05446041227091008 0.0982241792747938
0.17142374060833498 -0.07014263609232932
0.07204432181119529 -0.0024204520966733672
0.2790156484021786 0.04968261299802157
0.011707727426356524 0.026991278176250827
0.017517894270500253 0.007600933529155099
0.03713096720964152 -0.0183683763680957
0.15353214238318602 -0.013449376679684572
0.030156646055454595 -0.07393833858873554
0.30597041300639655 -0.002366849734559112
0.06187392453420976 0.024780489895437866
0.2325247794513056 -0.0862985098670617
0.07553288869863704 0.013215341396724561
0.03977570645587531 0.07910015722317273
0.042701988289692246 -0.01862563076333286
0.08925611974588653 0.06812937805559394
0.021316979033165744 -0.019682471617239863
0.10931741189002596 -0.058083326594361356
0.059205507841051365 -0.09444252046046242
0.017273247696727702 -0.08583737200982143
0.05419225182601567 0.056942255433318684
0.05672018334827892 0.037095670313767315
0.14854207218585846 -0.04880939855281863
0.14473889537530568 -0.04392852987009002
0.026242328873543656 -0.09368720798197137
0.12437063749001899 0.07137317804030194
0.015050426462900234 -0.07019813202869318
0.02628147716566438 -0.010240678939582665
0.07889609234375163 -0.08979953689249914
0.04213512898527767 0.011791226509171124
0.0679632157025865 0.026516478234946128
0.014862020666159036 -0.03886840238660854
0.016667878430973733 0.09972537777788512
0.02001208570297687 -0.034341453339657144
0.0393382485199031 -0.00698868682701255
0.24640958408959673 -0.009797232165096231
0.011707727426356524 0.06879129090506284
0.49699864656813664 0.0630937243333371
0.013809515141929667 0.006024382186535032
0.14722854856513626 0.023703871410880664
0.025952696747671387 -0.0595651681761608
0.2503561998651566 0.02186673255162641
0.02473352318469919 0.08449136020861456
0.14378299986589513 0.0702747555595705
0.01208709816627939 -0.07189428700367416
0.1493892765150292 -0.08430978375870696
0.07705750671490344 -0.059775759067363855
0.014845263297574782 0.028636656581243147
0.16099902893902632 -0.022938905210374977
0.0669656979709386 -0.09612900698510739
0.022712597155386358 0.06847054432588023
0.014830964402636952 0.02899181768811193
0.10046439772393238 0.05825289426659702
0.09737500839770491 -0.07782888501666851
0.21820682076559736 0.008785412808513596
0.018708986312382905 -0.06960220271176176
0.42651320855940034 0.0892165505520692
0.015108784607768051 -0.030736309359911035
0.2383423790686064 0.02093947431409049
0.09445531437051172 -0.044385532171390366
0.02552949070304628 0.03575522363207334
0.035024991783188866 -0.05158157404423547
0.06420913512709028 -0.08139166803925671
0.09587629098241998 -0.06162477159275812
0.02582893949487318 0.015213317840760118
0.02528315313604314 -0.0509536582236551
0.11282615496534219 -0.05040063245293232
0.026508895384139208 0.09953187504201796
0.101436960886948 0.08884926212485858
0.2040707371816352 0.013422588633808116
0.022528338207576742 0.03417225674009802
0.24657569438281407 0.046207711590418504
0.06446429428432605 -0.028245141317014277
0.03412663238724551 0.05994978173545301
0.04616848292844212 0.07567760620219116
0.05081024965476736 0.02407845196294707
0.03516219589559681 0.046262351076778646
0.5428929469316042 -0.03236991101307414
0.4875037539395711 0.06680840823744322
0.44266877458566606 0.057861409300494215
0.2662825972697924 0.03897218420347792
0.03335888396386247 -0.06983673643115401
0.04595704301625566 -0.04530728157001351
0.8324206085405206 -0.034054658559669604
0.03393515627485006 -0.026672235756306797
0.020015163868471953 0.091001953660057
0.8705359735697177 0.060156409673495614
0.2749932241352569 0.08700530990118502
0.02961458802577212 0.04221436119340047
0.08510340016274268 -0.035344022617662965
0.04474561211308617 0.0786463778620567
0.024057924373304927 -0.08941041182726897
0.10645428755403992 -0.0013036909735151259
0.02838215441284736 0.018188304868531444
0.13641336439690283 0.011525487913957772
0.03746854021392867 -0.09890970379130988
0.02288658429898111 0.07979818391729754
0.027579271604694776 0.01814023147473856
0.09444537643002097 -0.09143414530972115
0.028239608315656566 -0.0223490643594874
0.01888206997924012 0.03667182926919968
0.043565085534035514 -0.07600110743904859
0.02698146903646001 0.08594920998478975
0.13465025030877117 -0.020013965867946654
0.02752001547242898 0.060301548441967834
0.028518206508611862 -0.0012858540939760382
0.034647636762128384 0.08317746353317648
0.05408002015946445 -0.08154359520380067
0.056854144766024226 -0.0693603550663856
0.03795202385515065 -0.06483115704774378
0.020509445733399415 -0.09403197602231968
0.30736994043637816 -0.002007644445053594
0.24341567551995819 -0.00843885136504463
0.20303549290688735 0.07628072962175528
0.0827056750548143 -0.04629672589129852
0.025817197900644365 -0.07401229213702731
0.04845905275721982 0.008971171854436494
0.02392249428762475 0.01197129599971665
0.024430297303514616 0.06048420441710389
0.03713655160331862 -0.009047226272528672
0.2959481820521896 -0.03047382545332107
0.16649900304412388 -0.023878937199682954
0.03666490012676451 -0.05580397103394677
0.02399125402351707 0.012339353556636998
0.008000972756913197 0.07314404840551081
0.03193832761256069 -0.05473268223246535
0.03501439746943691 0.03378261160694679
0.033577982708712574 -0.04259341143803419
0.028715017150164963 -0.0428092281498768
0.08317629505040547 -0.012202252272421554
0.05659424169519242 0.01892015623772203
0.5701933625306225 -0.0263214291200891
0.08612023572585864 -0.014872751955951946
0.2692198665282325 0.06317142243740245
0.4055503044038323 0.04964508587351829
0.0296643700948192 0.04640977068988095
0.12578651197831403 0.031217104929361972
0.36392979696409083 -0.058705369999439296
