x y
0.22271627223958207 0.13244059729089525
0.7228814573355655 0.19411398539418023
0.3621669936330718 0.20760896554022895
0.12169813334582075 0.230948364497706
0.11321241194703974 0.13365551297498507
0.3125072169906968 0.1575010172837573
0.427287664106326 0.27597135118031746
0.2403219548686925 0.29359623184259187
0.6683607547285487 0.30524608097071004
0.7960117144282806 0.17157638548725723
0.1843706416882633 0.16295959547849923
0.773958322895486 0.12205053661442547
0.10085395900840595 0.23785025380546287
0.15657157456910997 0.2529863732735844
0.19564680969282208 0.16787495605567374
0.7760725790579098 0.20690965702649505
0.5218509571533401 0.12023774108458121
0.2002403637326751 0.11978447469713509
0.38458985988947897 0.21437296887759855
0.7934707581419962 0.1652209472784097
0.07589071921674169 0.27522093418362165
0.7992968284442307 0.211675114162364
0.29938413259925517 0.17985867981291598
0.27474133494974706 0.14118408202515093
0.20187281296706533 0.21274377873184053
0.09822964276882272 0.14634514774271706
0.26877131504444385 0.2236984592699635
0.415893235845511 0.21378436470006495
0.25747133945389516 0.2642556207810176
0.18217954408663584 0.21410620281496212
0.3714001870316649 0.2445471607639634
0.831738286224516 0.19439163754265326
0.2077654511101178 0.2439947887435477
0.5072618935896119 0.19813245164703874
0.36256275209720773 0.2587397993349428
0.27529002307236106 0.2056079967945571
0.5206443428292427 0.18174655420813923
0.20135781769665528 0.2604572999430496
0.4212193260315045 0.2708268932648872
0.1972286015423662 0.24204366737293462
0.2973178683402255 0.23875649145730118
0.14386658162270682 0.18558545263828033
0.14606759075771775 0.11703122070087424
0.7499814442786277 0.2591808691793759
0.3653688151999102 0.2109416095328579
0.3885418245033705 0.2878493065586799
0.726767628395472 0.239219184976591
0.5990515027853864 0.23802120926520146
0.2023835006460055 0.21423796735236822
0.5990515027853864 0.14744621462127022
0.33716480900323853 0.1984721591622447
0.24196471888691096 0.17544459667482565
0.1754035361708122 0.2014463929990318
0.14885131916559352 0.12634937291704154
0.12797103308229882 0.24571649633088774
0.5842357560862822 0.11640265829265109
0.16321783258302863 0.13015124263142733
0.2038125472592822 0.1905356392731823
0.34372495095019123 0.22842423164864772
0.7822039655927704 0.26005597593460994
0.2221991370362851 0.2835404834601708
0.3272251336050794 0.13431894534087058
0.2813723263348007 0.12336033467715013
0.15256087008249317 0.275762367717006
0.3299242102749564 0.29962231792870364
0.44691059460061916 0.24739433439222733
0.8569549669247946 0.11825228439364181
0.7981741527586247 0.131093048562045
0.33716480900323853 0.17718943516945232
0.5106867023195933 0.24002457009571396
0.19040088004424569 0.23824412274552273
0.7935553664859998 0.17154058732193286
0.1794343184653107 0.2659284708124121
0.7143816035915835 0.19968119265681875
0.3728971924806045 0.13028893589071963
0.1596096879284973 0.24364054432813173
0.8164582808879458 0.22267836937487406
0.07890348475417547 0.19206987581838914
0.1536369892401327 0.1111264003123151
0.4244184650627943 0.13898900863668712
0.12045270452754286 0.17006300817945558
0.5357839435826214 0.24983143350137058
0.09134926413912642 0.27143532984462104
0.8004897761688363 0.13811170279632481
0.6277725263112739 0.3067572426914793
0.22639746515759723 0.20679148420272908
0.14561053830474693 0.17290747693460756
0.3125072169906968 0.13513811424771158
0.26592885115876347 0.22928216126323436
0.3125464977542052 0.2174292387909013
0.1490173024879255 0.25370829482246904
0.2063581920693597 0.2838255121191198
0.3217360456616371 0.12039901487572902
0.1904246404061053 0.19678187865562452
0.47062921490761483 0.28554884867544283
0.9518129808389195 0.249370410741146
0.17816891135733984 0.21084110486991253
0.7199752984585446 0.3043258113366907
0.09619151138701192 0.23887449085396845
0.17691401165213405 0.18603056916587715
0.7505431902046426 0.21190580095226377
0.4004828430315685 0.17187228128697482
0.14814378008763307 0.19708481842341463
0.1384869772763244 0.2302140603367792
0.8113994816765793 0.18148074339827475
0.32819805767696797 0.20463077829875403
0.18394249092733167 0.15970824817404783
0.23411688423006555 0.1916720256777411
0.07665267459893091 0.11506164569442634
0.405478930891843 0.11584312659457852
0.23513121842102677 0.18960010898101887
0.22815377496494904 0.2961266944779994
0.09660193822602821 0.14244467595752097
0.36845865052541066 0.13821710061221076
0.09672692142625135 0.22076864421386216
0.3712141963370278 0.12883666285457482
0.1312415384311696 0.24629263719237238
0.18854619561835204 0.16427278654483934
0.3491265284247759 0.19560428896054396
0.30055669281913355 0.1742554025485462
0.28768064100675633 0.16929404217441477
0.08315751911048613 0.2918109842819363
0.38560008465562506 0.27400385475485056
0.16870159616868838 0.12211049341962263
0.5364922738686863 0.12351100885349331
0.5687894254699243 0.11407007640146438
0.8587474385835264 0.3056731023348753
0.8352632361919281 0.2497604129003456
0.33003233880921856 0.11537375591153828
0.5364922738686863 0.1800129474622561
0.192710977641491 0.30876844141013604
0.4775395668333397 0.25057828316708397
0.30474765018843814 0.2624336033463426
0.5685410181084243 0.1932569501792244
0.2309450285510869 0.16977722770105547
0.24192145590096867 0.2705677071847363
0.22277935368511584 0.1949821553837236
0.3418026424470122 0.14689798663499284
0.4317850550220501 0.1125480214359541
0.19731384712625227 0.18282661647892523
0.3109791623023722 0.20985500922373818
0.6887368053041283 0.24289200275702702
0.37985825226076897 0.11837412996824719
0.3885418245033705 0.2138727927192721
0.18337019465771393 0.12625729387827322
0.8381592541913925 0.27781938849699817
0.8669190052818396 0.15010819683411153
0.2520603762638151 0.2956763119479403
0.3109791623023722 0.18238743632726057
0.5425814410577431 0.2643779860265589
0.8315544719357931 0.2249263693683326
0.23193096074037958 0.30774532226297036
0.45406130097625136 0.2707471013503048
0.26097283023663936 0.24079823669716077
0.3248297718025814 0.2604866272185864
0.8004897761688363 0.1318406726620125
0.1584806497217824 0.25375273498445416
0.41132920478927587 0.11031418392457396
0.38307996981900483 0.22599489378172244
0.3894938329139867 0.1273399688243356
0.1265801682858521 0.15584077787518494
0.3102611060584694 0.2784586253419057
0.3714001870316649 0.30412789002062673
0.43900669501748457 0.29437519166965476
0.37186611376087375 0.1763677773864979
0.4139177583446577 0.12141773703782854
0.6134799128961311 0.13208521382767963
0.43563136105692535 0.13561741347281794
0.1587069840732266 0.17787424703990068
0.5864262673962436 0.29134977940985224
0.16278545803951444 0.1729970732641874
0.3417582770133993 0.2606415851350491
0.56211781662148 0.24054056354409825
0.28719194218039745 0.26258734930868266
0.4130184725775238 0.23003878939999672
0.5143715365874395 0.2861193145481035
0.2555836238633369 0.222832432520669
0.7981741527586247 0.1239291893707766
0.18495363598620693 0.146040923902726
0.4568486780353778 0.2683736890115064
0.15812217732700362 0.28870192489887814
0.38066328421574 0.12890534075012244
0.4408493703097414 0.292964251245156
0.6887368053041283 0.188482925334231
0.3052861662323267 0.2787332081171643
0.2531923338530778 0.24184157094176426
0.3052861662323267 0.20346500650929758
0.29943407329598914 0.1214696239019617
0.6070901435906794 0.24631682731682306
0.26877131504444385 0.2359114189040775
0.28533740218474823 0.22891301542257825
0.14031098045028356 0.15774821064539143
0.08605808511423031 0.29199390815234194
0.3275323982563563 0.16458946417669731
0.8726029344125114 0.15637404392095572
0.6777510667636077 0.21596193709725534
0.6605880902589178 0.20958921580198
0.2722910062926235 0.22688120215462654
0.5884088447881917 0.2668384653153799
0.2743448504240484 0.17028819889621347
0.23513121842102677 0.13769889424878645
0.41838013499617444 0.17422045193627617
0.6502094605266244 0.2423241200406537
0.9065528352290485 0.30293617155597585
0.458862504971025 0.22484419238945152
0.22636107928684965 0.14402517718210078
0.6681278942946047 0.2754100328723823
0.42827239714685006 0.11873962612643682
0.41132920478927587 0.2917719043863574
0.48724386057545804 0.1297941410530335
0.12818754390867432 0.20971504446795355
0.2273313679327252 0.30264882516961533
0.5428522953531904 0.24988248321968395
0.25401852594751306 0.2186971939174433
0.31615678576873407 0.22538974240749327
0.2813723263348007 0.22956117010945667
0.13110012264871748 0.3094233302751821
0.21129899567075797 0.22692351290555307
0.4045473841549718 0.12876720335461045
0.14354919282664366 0.22230068400524033
0.3164341147693261 0.18214747700022804
0.36278667880333193 0.12577368040868997
0.4357870603298568 0.29667705370943526
0.09856425912312627 0.2114439584327405
0.18444602542621552 0.26065333411051084
0.25401852594751306 0.11364913372700396
0.8058100826459794 0.18487899736378433
0.33594553904054925 0.2236087816956407
0.6070901435906794 0.1821356324300284
0.612038975701962 0.2906325392905658
0.14996596382052685 0.13670849053058906
0.5792561844692032 0.1357793818526713
0.12534807406075366 0.258385882667336
0.48674663991098016 0.18950588501401813
0.4214990876932064 0.2794075046773785
0.1392719422423267 0.28415873250046997
0.7111503446635785 0.19512757285685461
0.22152342114030357 0.15640525160481022
0.13623105894563822 0.30018983389936466
0.43581913523655463 0.11405020897856581
0.05830736998657332 0.304844328407026
0.38033901939831943 0.1562167018636096
0.6245424587606273 0.16813913753841306
0.08340211034463883 0.24184533770889247
0.2394718821427501 0.2155569626296993
0.11947771993318397 0.30518775793278924
0.01499476268589834 0.27790795717224026
0.09632564973059969 0.21634411668699577
0.07984977511580796 0.30641082542157505
0.29622354304274234 0.19040627705289004
0.1785221816648127 0.2806535783747065
0.5784302620927002 0.18834226987095187
0.29021555989479814 0.1654269050864256
0.6409831311880542 0.11649310032899216
0.8985040922641175 0.14876852335758078
0.8312723346552919 0.13856104566402166
0.21185155998383348 0.23532803216527576
0.22489718177035412 0.1493681247170117
0.6152117503857953 0.15161489147744672
0.5965939804231652 0.23676579443176712
0.4703166533310562 0.1359540292681906
0.2960188679092937 0.23064891235149615
0.5288357339101933 0.1500865017272636
0.5482969994732613 0.2420168501828932
0.3456060633446914 0.28018121576295907
0.17861237480608066 0.11256319026983212
0.4837968414118572 0.21629831867383237
0.43056376134352004 0.16527796723600027
0.13204877091355172 0.22949624567268267
0.24164955019183165 0.13433039488831514
0.3534612094836498 0.16006114864082155
0.18431100356347735 0.17459013672100832
0.11736422731560221 0.22896221579457315
0.9338097039141452 0.29229835835333895
0.3526262689467365 0.3070442074692865
0.7856445543131374 0.153777558088283
0.7888868312180793 0.23369943448940717
0.4783617510653003 0.2612957415553538
0.1425097853146299 0.2292313534381886
0.8920632119074245 0.2168665327207338
0.7060638994356508 0.16934806648853168
0.14999026133531132 0.29538066885795655
0.502770392123911 0.22992272719374365
0.6605880902589178 0.23477899221492884
0.23543230677646057 0.14020337614614894
0.3699272947081587 0.18334332317816174
0.45161639810811005 0.28685305903818215
0.19583589365570284 0.1300456290833343
0.22651180915759717 0.2942440899350589
0.30297702202994736 0.2515682233321347
0.6316731067671492 0.13114328116275223
0.13110012264871748 0.15862988353562993
0.8471335911694189 0.22753911938936078
0.15685594648747153 0.25824369088419685
0.1986924870158035 0.2869474161413294
0.2559791850823804 0.20690137472719888
0.6543351946316706 0.26481977387877575
0.5546145350281623 0.12097808375913317
0.4490116688898322 0.13788802176932138
0.1436835725873706 0.2604858466554931
0.31037684764950224 0.14089209935844704
0.4859330966044344 0.13533094091801393
0.15356398772883356 0.21332049989831303
0.13567325429528063 0.2806736454429435
0.20224620797868575 0.22603960514285643
0.3407602730621964 0.2201119649131475
0.27529002307236106 0.28754892066832227
0.7234762777052268 0.23417121963816168
0.2716906124074941 0.1709810612438572
0.3928138530876849 0.19872295792745925
0.45227027339283743 0.142967115482927
0.3945485728554808 0.16623657554527144
0.3847523654756215 0.23043049944915173
0.2919659045871 0.2544855983962827
0.45384364384931103 0.1111154371610756
0.13085427882442316 0.2545524745909684
0.5294360780724071 0.15481972785001288
0.31167093005815616 0.1335054214744204
0.3084345237192102 0.2894565505486405
0.15718381613127008 0.21074620281625267
0.36502688573286424 0.14216068146259603
0.1355008401147561 0.209299051239778
0.2140698284551317 0.2722413652370337
0.5808160486228369 0.22622717148796717
0.37063510104183384 0.2752608491411428
0.17061601875080726 0.29210129030543763
0.5312182668756564 0.22412217201438944
0.7185390547490421 0.2491227056657074
0.24514131749465398 0.18670590557316435
0.5748236546972219 0.12646445642181017
0.8471335911694189 0.11263401643435597
0.4976379364655552 0.13212671620274272
0.5056305490781482 0.24463752357895605
0.8594566019308012 0.18226656424748805
0.12318327587098885 0.23422424157419577
0.06830000119206553 0.1616544459712395
0.34457687349924043 0.20125196402678652
0.22856812357017164 0.2662374829112042
0.8562039802846405 0.1753304733188124
0.35713313550496184 0.1643411624698783
0.23034583010680787 0.20901601468516035
0.42827239714685006 0.14982275100699216
0.32667754750514577 0.16763089344711518
0.42803578453701946 0.15471867255500854
0.07221401782562789 0.2845063148795579
0.7228814573355655 0.13347447394464235
0.5685410181084243 0.14183192729889518
0.31451502509146384 0.11796164131840589
0.7185390547490421 0.2842114824591423
0.28630079014330173 0.12694380695400787
0.502770392123911 0.24131017022945903
0.1708407454818036 0.28476227407319654
0.6447628146991917 0.17199866238116737
0.33359790364057545 0.2138890402445972
0.21295838662974995 0.1506465606980072
0.27703805630965594 0.14098724067280952
0.427287664106326 0.1149126462450271
0.16837401771934918 0.2187562659520917
0.09015412504556257 0.2664842069702318
0.5785711456611464 0.11380590677388651
0.36375818443906627 0.19713952022651382
0.2056430062988939 0.2567311684837874
0.39980439961824704 0.18472486618737433
0.6489682072843022 0.2772369220590881
0.10005405576090257 0.14985085471458345
0.19963353033368775 0.19287332726230028
0.4309776786591464 0.14829139786203788
0.5932906375694176 0.2443368398994967
0.35675329470287415 0.12235241330126603
0.1602199880245578 0.18828960875905137
0.8177610060489441 0.1457559427761727
0.6704053660486556 0.203329703719804
0.28569699625822687 0.2407473792582062
0.42972973430808736 0.23158786586649074
0.22136826368803253 0.2054006047337497
0.21129899567075797 0.2620557067132123
