1 1
1 1
1 1
1 1
1 1
1 1
1 1
1 1
1 1
1 1
1 1
1 1
1 1
1 1
1 1
1 1
1 1
1 1
1 1
1 1
1 1
1 1
1 1
1 1
1 1
1 1
1 1
1 1
1 1
1 1
1 1
1 1
1 1
1 1
1 1
1 1
1 1
1 1
1 1
1 1
1 1
1 1
1 1
1 1
1 1
1 1
1 1
1 1
1 1
1 1
1 1
1 1
1 1
1 1
1 1
1 1
1 1
1 1
0.997311827956989 1
0.997311827956989 1
0.997311827956989 1
0.997311827956989 1
0.997311827956989 1
0.997311827956989 1
0.997311827956989 1
0.997311827956989 1
0.997311827956989 1
0.994623655913978 1
0.994623655913978 1
0.994623655913978 1
0.994623655913978 1
0.994623655913978 1
0.994623655913978 1
0.994623655913978 1
0.994623655913978 1
0.994623655913978 1
0.994623655913978 1
0.994623655913978 1
0.994623655913978 1
0.994623655913978 1
0.994623655913978 1
0.994623655913978 1
0.994623655913978 1
0.994623655913978 1
0.994623655913978 1
0.994623655913978 1
0.994623655913978 1
0.994623655913978 1
0.994623655913978 1
0.994623655913978 1
0.994623655913978 1
0.994623655913978 1
0.994623655913978 1
0.994623655913978 1
0.991935483870968 1
0.991935483870968 1
0.991935483870968 1
0.991935483870968 1
0.991935483870968 1
0.991935483870968 1
0.991935483870968 1
0.991935483870968 1
0.991935483870968 1
0.991935483870968 1
0.991935483870968 1
0.991935483870968 1
0.991935483870968 1
0.991935483870968 1
0.991935483870968 1
0.991935483870968 1
0.991935483870968 1
0.991935483870968 1
0.991935483870968 1
0.991935483870968 1
0.991935483870968 1
0.989247311827957 1
0.989247311827957 1
0.989247311827957 1
0.989247311827957 1
0.989247311827957 1
0.989247311827957 1
0.989247311827957 1
0.989247311827957 1
0.989247311827957 1
0.989247311827957 1
0.989247311827957 1
0.986559139784946 1
0.986559139784946 1
0.983870967741935 1
0.983870967741935 1
0.983870967741935 1
0.983870967741935 1
0.983870967741935 1
0.981182795698925 1
0.981182795698925 1
0.981182795698925 1
0.981182795698925 1
0.978494623655914 1
0.978494623655914 0.995327102803738
0.975806451612903 0.995327102803738
0.970430107526882 0.995327102803738
0.970430107526882 0.995327102803738
0.970430107526882 0.995327102803738
0.967741935483871 0.995327102803738
0.959677419354839 0.995327102803738
0.956989247311828 0.995327102803738
0.956989247311828 0.995327102803738
0.951612903225806 0.995327102803738
0.951612903225806 0.995327102803738
0.951612903225806 0.992990654205608
0.951612903225806 0.992990654205608
0.951612903225806 0.992990654205608
0.946236559139785 0.992990654205608
0.946236559139785 0.992990654205608
0.943548387096774 0.992990654205608
0.940860215053763 0.992990654205608
0.940860215053763 0.992990654205608
0.940860215053763 0.992990654205608
0.940860215053763 0.992990654205608
0.935483870967742 0.992990654205608
0.935483870967742 0.992990654205608
0.935483870967742 0.992990654205608
0.935483870967742 0.992990654205608
0.932795698924731 0.992990654205608
0.92741935483871 0.992990654205608
0.92741935483871 0.990654205607477
0.92741935483871 0.990654205607477
0.922043010752688 0.990654205607477
0.922043010752688 0.990654205607477
0.922043010752688 0.990654205607477
0.922043010752688 0.990654205607477
0.922043010752688 0.990654205607477
0.922043010752688 0.990654205607477
0.922043010752688 0.990654205607477
0.919354838709677 0.990654205607477
0.919354838709677 0.990654205607477
0.916666666666667 0.990654205607477
0.913978494623656 0.990654205607477
0.913978494623656 0.990654205607477
0.911290322580645 0.988317757009346
0.911290322580645 0.988317757009346
0.911290322580645 0.988317757009346
0.905913978494624 0.988317757009346
0.905913978494624 0.988317757009346
0.905913978494624 0.988317757009346
0.905913978494624 0.985981308411215
0.903225806451613 0.985981308411215
0.903225806451613 0.985981308411215
0.903225806451613 0.985981308411215
0.903225806451613 0.985981308411215
0.900537634408602 0.985981308411215
0.900537634408602 0.985981308411215
0.900537634408602 0.985981308411215
0.897849462365591 0.983644859813084
0.897849462365591 0.983644859813084
0.897849462365591 0.981308411214953
0.897849462365591 0.981308411214953
0.897849462365591 0.981308411214953
0.889784946236559 0.981308411214953
0.889784946236559 0.981308411214953
0.887096774193548 0.981308411214953
0.887096774193548 0.981308411214953
0.884408602150538 0.981308411214953
0.879032258064516 0.981308411214953
0.879032258064516 0.981308411214953
0.879032258064516 0.981308411214953
0.873655913978495 0.978971962616822
0.873655913978495 0.978971962616822
0.870967741935484 0.978971962616822
0.85752688172043 0.978971962616822
0.85752688172043 0.978971962616822
0.85752688172043 0.978971962616822
0.854838709677419 0.978971962616822
0.849462365591398 0.978971962616822
0.849462365591398 0.978971962616822
0.849462365591398 0.978971962616822
0.846774193548387 0.978971962616822
0.846774193548387 0.978971962616822
0.846774193548387 0.978971962616822
0.846774193548387 0.978971962616822
0.846774193548387 0.978971962616822
0.844086021505376 0.978971962616822
0.844086021505376 0.978971962616822
0.838709677419355 0.978971962616822
0.836021505376344 0.978971962616822
0.836021505376344 0.978971962616822
0.836021505376344 0.978971962616822
0.833333333333333 0.978971962616822
0.827956989247312 0.978971962616822
0.827956989247312 0.978971962616822
0.827956989247312 0.978971962616822
0.825268817204301 0.978971962616822
0.825268817204301 0.978971962616822
0.81989247311828 0.978971962616822
0.81989247311828 0.974299065420561
0.81989247311828 0.974299065420561
0.809139784946237 0.974299065420561
0.801075268817204 0.974299065420561
0.798387096774194 0.974299065420561
0.798387096774194 0.974299065420561
0.798387096774194 0.974299065420561
0.798387096774194 0.974299065420561
0.793010752688172 0.974299065420561
0.793010752688172 0.974299065420561
0.790322580645161 0.974299065420561
0.790322580645161 0.974299065420561
0.790322580645161 0.97196261682243
0.787634408602151 0.97196261682243
0.787634408602151 0.97196261682243
0.787634408602151 0.969626168224299
0.782258064516129 0.967289719626168
0.782258064516129 0.964953271028037
0.782258064516129 0.964953271028037
0.782258064516129 0.964953271028037
0.779569892473118 0.964953271028037
0.771505376344086 0.964953271028037
0.771505376344086 0.964953271028037
0.768817204301075 0.964953271028037
0.768817204301075 0.964953271028037
0.768817204301075 0.964953271028037
0.768817204301075 0.964953271028037
0.768817204301075 0.962616822429907
0.768817204301075 0.962616822429907
0.768817204301075 0.962616822429907
0.768817204301075 0.962616822429907
0.768817204301075 0.962616822429907
0.766129032258065 0.962616822429907
0.766129032258065 0.960280373831776
0.763440860215054 0.960280373831776
0.760752688172043 0.957943925233645
0.752688172043011 0.957943925233645
0.752688172043011 0.953271028037383
0.752688172043011 0.953271028037383
0.752688172043011 0.953271028037383
0.747311827956989 0.953271028037383
0.747311827956989 0.950934579439252
0.739247311827957 0.950934579439252
0.728494623655914 0.950934579439252
0.723118279569892 0.950934579439252
0.720430107526882 0.950934579439252
0.717741935483871 0.948598130841122
0.717741935483871 0.948598130841122
0.717741935483871 0.948598130841122
0.717741935483871 0.948598130841122
0.712365591397849 0.948598130841122
0.709677419354839 0.948598130841122
0.709677419354839 0.948598130841122
0.706989247311828 0.948598130841122
0.701612903225806 0.948598130841122
0.701612903225806 0.948598130841122
0.701612903225806 0.948598130841122
0.698924731182796 0.948598130841122
0.696236559139785 0.948598130841122
0.690860215053763 0.948598130841122
0.690860215053763 0.948598130841122
0.690860215053763 0.948598130841122
0.688172043010753 0.946261682242991
0.688172043010753 0.946261682242991
0.685483870967742 0.946261682242991
0.685483870967742 0.946261682242991
0.685483870967742 0.946261682242991
0.682795698924731 0.946261682242991
0.682795698924731 0.946261682242991
0.682795698924731 0.946261682242991
0.67741935483871 0.946261682242991
0.67741935483871 0.946261682242991
0.674731182795699 0.946261682242991
0.674731182795699 0.946261682242991
0.669354838709677 0.946261682242991
0.669354838709677 0.94392523364486
0.669354838709677 0.939252336448598
0.666666666666667 0.939252336448598
0.658602150537634 0.939252336448598
0.655913978494624 0.939252336448598
0.650537634408602 0.939252336448598
0.650537634408602 0.934579439252336
0.645161290322581 0.934579439252336
0.645161290322581 0.934579439252336
0.645161290322581 0.932242990654206
0.645161290322581 0.929906542056075
0.64247311827957 0.929906542056075
0.64247311827957 0.929906542056075
0.64247311827957 0.929906542056075
0.634408602150538 0.929906542056075
0.626344086021505 0.925233644859813
0.620967741935484 0.925233644859813
0.612903225806452 0.925233644859813
0.612903225806452 0.925233644859813
0.610215053763441 0.920560747663551
0.60752688172043 0.920560747663551
0.602150537634409 0.920560747663551
0.596774193548387 0.920560747663551
0.588709677419355 0.920560747663551
0.588709677419355 0.920560747663551
0.580645161290323 0.920560747663551
0.577956989247312 0.920560747663551
0.577956989247312 0.920560747663551
0.577956989247312 0.920560747663551
0.567204301075269 0.920560747663551
0.567204301075269 0.920560747663551
0.564516129032258 0.920560747663551
0.561827956989247 0.920560747663551
0.561827956989247 0.918224299065421
0.559139784946237 0.918224299065421
0.556451612903226 0.91588785046729
0.556451612903226 0.91588785046729
0.553763440860215 0.913551401869159
0.553763440860215 0.911214953271028
0.551075268817204 0.911214953271028
0.551075268817204 0.908878504672897
0.548387096774194 0.906542056074766
0.545698924731183 0.906542056074766
0.543010752688172 0.906542056074766
0.543010752688172 0.906542056074766
0.540322580645161 0.906542056074766
0.537634408602151 0.906542056074766
0.537634408602151 0.906542056074766
0.537634408602151 0.904205607476635
0.524193548387097 0.904205607476635
0.516129032258065 0.904205607476635
0.513440860215054 0.904205607476635
0.508064516129032 0.904205607476635
0.508064516129032 0.904205607476635
0.505376344086022 0.901869158878505
0.5 0.901869158878505
0.497311827956989 0.901869158878505
0.497311827956989 0.901869158878505
0.494623655913978 0.901869158878505
0.494623655913978 0.901869158878505
0.491935483870968 0.901869158878505
0.491935483870968 0.901869158878505
0.491935483870968 0.899532710280374
0.491935483870968 0.897196261682243
0.486559139784946 0.892523364485981
0.486559139784946 0.892523364485981
0.483870967741935 0.892523364485981
0.483870967741935 0.892523364485981
0.483870967741935 0.892523364485981
0.478494623655914 0.892523364485981
0.478494623655914 0.892523364485981
0.478494623655914 0.892523364485981
0.478494623655914 0.892523364485981
0.478494623655914 0.892523364485981
0.475806451612903 0.89018691588785
0.475806451612903 0.89018691588785
0.475806451612903 0.88785046728972
0.473118279569892 0.88785046728972
0.473118279569892 0.88785046728972
0.470430107526882 0.88785046728972
0.470430107526882 0.88785046728972
0.467741935483871 0.88785046728972
0.467741935483871 0.885514018691589
0.462365591397849 0.883177570093458
0.459677419354839 0.883177570093458
0.448924731182796 0.883177570093458
0.448924731182796 0.883177570093458
0.448924731182796 0.883177570093458
0.448924731182796 0.883177570093458
0.448924731182796 0.883177570093458
0.446236559139785 0.880841121495327
0.446236559139785 0.878504672897196
0.440860215053763 0.871495327102804
0.440860215053763 0.871495327102804
0.438172043010753 0.871495327102804
0.435483870967742 0.871495327102804
0.435483870967742 0.871495327102804
0.435483870967742 0.871495327102804
0.435483870967742 0.871495327102804
0.435483870967742 0.869158878504673
0.42741935483871 0.869158878504673
0.424731182795699 0.869158878504673
0.424731182795699 0.869158878504673
0.422043010752688 0.869158878504673
0.422043010752688 0.866822429906542
0.416666666666667 0.864485981308411
0.413978494623656 0.864485981308411
0.411290322580645 0.857476635514019
0.405913978494624 0.857476635514019
0.403225806451613 0.855140186915888
0.403225806451613 0.852803738317757
0.403225806451613 0.852803738317757
0.400537634408602 0.852803738317757
0.400537634408602 0.850467289719626
0.400537634408602 0.850467289719626
0.400537634408602 0.850467289719626
0.400537634408602 0.850467289719626
0.400537634408602 0.850467289719626
0.400537634408602 0.850467289719626
0.400537634408602 0.848130841121495
0.400537634408602 0.848130841121495
0.395161290322581 0.848130841121495
0.395161290322581 0.848130841121495
0.39247311827957 0.845794392523365
0.39247311827957 0.845794392523365
0.39247311827957 0.845794392523365
0.39247311827957 0.845794392523365
0.387096774193548 0.843457943925234
0.387096774193548 0.843457943925234
0.384408602150538 0.841121495327103
0.379032258064516 0.841121495327103
0.379032258064516 0.841121495327103
0.379032258064516 0.841121495327103
0.373655913978495 0.841121495327103
0.368279569892473 0.838785046728972
0.362903225806452 0.838785046728972
0.362903225806452 0.838785046728972
0.362903225806452 0.836448598130841
0.362903225806452 0.836448598130841
0.360215053763441 0.836448598130841
0.35752688172043 0.83411214953271
0.352150537634409 0.822429906542056
0.346774193548387 0.822429906542056
0.344086021505376 0.822429906542056
0.341397849462366 0.822429906542056
0.338709677419355 0.820093457943925
0.338709677419355 0.820093457943925
0.333333333333333 0.820093457943925
0.333333333333333 0.815420560747664
0.333333333333333 0.815420560747664
0.333333333333333 0.815420560747664
0.327956989247312 0.815420560747664
0.325268817204301 0.815420560747664
0.325268817204301 0.815420560747664
0.325268817204301 0.815420560747664
0.325268817204301 0.813084112149533
0.325268817204301 0.813084112149533
0.325268817204301 0.813084112149533
0.325268817204301 0.813084112149533
0.325268817204301 0.813084112149533
0.325268817204301 0.810747663551402
0.325268817204301 0.810747663551402
0.325268817204301 0.810747663551402
0.32258064516129 0.810747663551402
0.32258064516129 0.810747663551402
0.32258064516129 0.810747663551402
0.32258064516129 0.810747663551402
0.31989247311828 0.810747663551402
0.31989247311828 0.810747663551402
0.31989247311828 0.810747663551402
0.31989247311828 0.810747663551402
0.31989247311828 0.810747663551402
0.31989247311828 0.80607476635514
0.31989247311828 0.80607476635514
0.31989247311828 0.80607476635514
0.314516129032258 0.80607476635514
0.314516129032258 0.803738317757009
0.314516129032258 0.803738317757009
0.311827956989247 0.803738317757009
0.309139784946237 0.801401869158878
0.301075268817204 0.801401869158878
0.301075268817204 0.796728971962617
0.298387096774194 0.794392523364486
0.298387096774194 0.792056074766355
0.295698924731183 0.789719626168224
0.293010752688172 0.789719626168224
0.293010752688172 0.789719626168224
0.290322580645161 0.789719626168224
0.290322580645161 0.789719626168224
0.287634408602151 0.789719626168224
0.287634408602151 0.789719626168224
0.287634408602151 0.789719626168224
0.28494623655914 0.789719626168224
0.282258064516129 0.789719626168224
0.279569892473118 0.789719626168224
0.274193548387097 0.785046728971963
0.271505376344086 0.782710280373832
0.266129032258065 0.780373831775701
0.266129032258065 0.775700934579439
0.266129032258065 0.773364485981308
0.263440860215054 0.773364485981308
0.263440860215054 0.771028037383178
0.263440860215054 0.771028037383178
0.263440860215054 0.768691588785047
0.260752688172043 0.768691588785047
0.255376344086022 0.764018691588785
0.252688172043011 0.761682242990654
0.25 0.761682242990654
0.25 0.761682242990654
0.25 0.761682242990654
0.25 0.761682242990654
0.247311827956989 0.759345794392523
0.244623655913978 0.757009345794392
0.244623655913978 0.757009345794392
0.244623655913978 0.75
0.241935483870968 0.75
0.239247311827957 0.745327102803738
0.239247311827957 0.745327102803738
0.239247311827957 0.742990654205608
0.239247311827957 0.742990654205608
0.236559139784946 0.738317757009346
0.236559139784946 0.738317757009346
0.236559139784946 0.735981308411215
0.233870967741935 0.735981308411215
0.233870967741935 0.735981308411215
0.233870967741935 0.735981308411215
0.233870967741935 0.735981308411215
0.233870967741935 0.735981308411215
0.228494623655914 0.735981308411215
0.228494623655914 0.733644859813084
0.228494623655914 0.731308411214953
0.228494623655914 0.728971962616822
0.228494623655914 0.728971962616822
0.228494623655914 0.728971962616822
0.228494623655914 0.728971962616822
0.228494623655914 0.728971962616822
0.225806451612903 0.728971962616822
0.223118279569892 0.728971962616822
0.223118279569892 0.728971962616822
0.223118279569892 0.728971962616822
0.220430107526882 0.728971962616822
0.220430107526882 0.728971962616822
0.21505376344086 0.726635514018692
0.21505376344086 0.72196261682243
0.21505376344086 0.72196261682243
0.21505376344086 0.72196261682243
0.21505376344086 0.72196261682243
0.212365591397849 0.72196261682243
0.209677419354839 0.717289719626168
0.209677419354839 0.717289719626168
0.209677419354839 0.714953271028037
0.209677419354839 0.714953271028037
0.209677419354839 0.714953271028037
0.209677419354839 0.712616822429907
0.209677419354839 0.707943925233645
0.209677419354839 0.705607476635514
0.209677419354839 0.705607476635514
0.209677419354839 0.700934579439252
0.209677419354839 0.700934579439252
0.206989247311828 0.698598130841122
0.206989247311828 0.69392523364486
0.206989247311828 0.689252336448598
0.206989247311828 0.682242990654206
0.206989247311828 0.682242990654206
0.204301075268817 0.682242990654206
0.204301075268817 0.682242990654206
0.204301075268817 0.682242990654206
0.201612903225806 0.682242990654206
0.201612903225806 0.682242990654206
0.198924731182796 0.679906542056075
0.198924731182796 0.675233644859813
0.198924731182796 0.675233644859813
0.198924731182796 0.672897196261682
0.198924731182796 0.672897196261682
0.198924731182796 0.672897196261682
0.196236559139785 0.672897196261682
0.196236559139785 0.668224299065421
0.196236559139785 0.663551401869159
0.196236559139785 0.658878504672897
0.196236559139785 0.654205607476635
0.196236559139785 0.654205607476635
0.196236559139785 0.654205607476635
0.196236559139785 0.649532710280374
0.196236559139785 0.649532710280374
0.193548387096774 0.642523364485981
0.190860215053763 0.64018691588785
0.190860215053763 0.64018691588785
0.190860215053763 0.64018691588785
0.190860215053763 0.63785046728972
0.185483870967742 0.635514018691589
0.185483870967742 0.635514018691589
0.185483870967742 0.633177570093458
0.185483870967742 0.628504672897196
0.185483870967742 0.628504672897196
0.185483870967742 0.626168224299065
0.185483870967742 0.623831775700935
0.185483870967742 0.623831775700935
0.185483870967742 0.621495327102804
0.182795698924731 0.621495327102804
0.182795698924731 0.621495327102804
0.182795698924731 0.621495327102804
0.182795698924731 0.621495327102804
0.17741935483871 0.619158878504673
0.17741935483871 0.619158878504673
0.174731182795699 0.619158878504673
0.172043010752688 0.614485981308411
0.172043010752688 0.614485981308411
0.172043010752688 0.614485981308411
0.172043010752688 0.614485981308411
0.169354838709677 0.614485981308411
0.169354838709677 0.614485981308411
0.169354838709677 0.614485981308411
0.166666666666667 0.614485981308411
0.166666666666667 0.61214953271028
0.166666666666667 0.60981308411215
0.161290322580645 0.60981308411215
0.155913978494624 0.60981308411215
0.155913978494624 0.605140186915888
0.155913978494624 0.605140186915888
0.153225806451613 0.605140186915888
0.153225806451613 0.600467289719626
0.153225806451613 0.600467289719626
0.150537634408602 0.600467289719626
0.150537634408602 0.598130841121495
0.150537634408602 0.598130841121495
0.147849462365591 0.598130841121495
0.145161290322581 0.593457943925234
0.145161290322581 0.593457943925234
0.145161290322581 0.591121495327103
0.145161290322581 0.591121495327103
0.14247311827957 0.588785046728972
0.139784946236559 0.586448598130841
0.139784946236559 0.58411214953271
0.137096774193548 0.58411214953271
0.137096774193548 0.579439252336449
0.137096774193548 0.570093457943925
0.137096774193548 0.570093457943925
0.137096774193548 0.570093457943925
0.137096774193548 0.570093457943925
0.137096774193548 0.570093457943925
0.134408602150538 0.570093457943925
0.131720430107527 0.570093457943925
0.131720430107527 0.570093457943925
0.131720430107527 0.570093457943925
0.131720430107527 0.570093457943925
0.131720430107527 0.570093457943925
0.131720430107527 0.558411214953271
0.131720430107527 0.558411214953271
0.126344086021505 0.558411214953271
0.123655913978495 0.551401869158878
0.123655913978495 0.549065420560748
0.123655913978495 0.549065420560748
0.123655913978495 0.546728971962617
0.123655913978495 0.544392523364486
0.123655913978495 0.542056074766355
0.123655913978495 0.539719626168224
0.123655913978495 0.539719626168224
0.123655913978495 0.537383177570093
0.123655913978495 0.535046728971963
0.123655913978495 0.532710280373832
0.123655913978495 0.532710280373832
0.123655913978495 0.532710280373832
0.123655913978495 0.532710280373832
0.123655913978495 0.532710280373832
0.123655913978495 0.532710280373832
0.118279569892473 0.532710280373832
0.118279569892473 0.532710280373832
0.115591397849462 0.532710280373832
0.115591397849462 0.530373831775701
0.115591397849462 0.525700934579439
0.115591397849462 0.525700934579439
0.115591397849462 0.525700934579439
0.112903225806452 0.521028037383178
0.112903225806452 0.521028037383178
0.112903225806452 0.518691588785047
0.110215053763441 0.518691588785047
0.10752688172043 0.516355140186916
0.102150537634409 0.516355140186916
0.102150537634409 0.514018691588785
0.102150537634409 0.511682242990654
0.0994623655913978 0.511682242990654
0.0967741935483871 0.509345794392523
0.0967741935483871 0.507009345794392
0.0940860215053763 0.507009345794392
0.0913978494623656 0.504672897196262
0.0887096774193548 0.504672897196262
0.0887096774193548 0.504672897196262
0.0887096774193548 0.504672897196262
0.0887096774193548 0.504672897196262
0.0887096774193548 0.504672897196262
0.0887096774193548 0.504672897196262
0.0887096774193548 0.502336448598131
0.0860215053763441 0.497663551401869
0.0860215053763441 0.497663551401869
0.0833333333333333 0.495327102803738
0.0833333333333333 0.490654205607477
0.0833333333333333 0.490654205607477
0.0833333333333333 0.488317757009346
0.0833333333333333 0.483644859813084
0.0833333333333333 0.481308411214953
0.0833333333333333 0.481308411214953
0.0833333333333333 0.481308411214953
0.0833333333333333 0.478971962616822
0.0833333333333333 0.478971962616822
0.0833333333333333 0.478971962616822
0.0833333333333333 0.478971962616822
0.0833333333333333 0.47196261682243
0.0779569892473118 0.469626168224299
0.0779569892473118 0.469626168224299
0.0779569892473118 0.467289719626168
0.0779569892473118 0.464953271028037
0.0779569892473118 0.462616822429907
0.0752688172043011 0.462616822429907
0.0752688172043011 0.460280373831776
0.0752688172043011 0.460280373831776
0.0752688172043011 0.455607476635514
0.0752688172043011 0.455607476635514
0.0752688172043011 0.453271028037383
0.0752688172043011 0.453271028037383
0.0725806451612903 0.448598130841121
0.0698924731182796 0.448598130841121
0.0698924731182796 0.448598130841121
0.0698924731182796 0.446261682242991
0.0698924731182796 0.44392523364486
0.0698924731182796 0.44392523364486
0.0698924731182796 0.441588785046729
0.0672043010752688 0.439252336448598
0.0645161290322581 0.436915887850467
0.0645161290322581 0.434579439252336
0.0645161290322581 0.432242990654206
0.0618279569892473 0.429906542056075
0.0618279569892473 0.427570093457944
0.0618279569892473 0.422897196261682
0.0618279569892473 0.422897196261682
0.0618279569892473 0.420560747663551
0.0591397849462366 0.420560747663551
0.0591397849462366 0.41588785046729
0.0591397849462366 0.41588785046729
0.0591397849462366 0.411214953271028
0.0564516129032258 0.408878504672897
0.0564516129032258 0.406542056074766
0.0564516129032258 0.401869158878505
0.0537634408602151 0.401869158878505
0.0537634408602151 0.399532710280374
0.0537634408602151 0.392523364485981
0.0510752688172043 0.392523364485981
0.0510752688172043 0.392523364485981
0.0510752688172043 0.392523364485981
0.0510752688172043 0.385514018691589
0.0510752688172043 0.383177570093458
0.0483870967741935 0.378504672897196
0.0483870967741935 0.378504672897196
0.0483870967741935 0.378504672897196
0.0483870967741935 0.376168224299065
0.0483870967741935 0.376168224299065
0.0483870967741935 0.376168224299065
0.0456989247311828 0.376168224299065
0.0456989247311828 0.366822429906542
0.0456989247311828 0.366822429906542
0.043010752688172 0.366822429906542
0.043010752688172 0.366822429906542
0.043010752688172 0.364485981308411
0.043010752688172 0.364485981308411
0.043010752688172 0.364485981308411
0.043010752688172 0.364485981308411
0.043010752688172 0.357476635514019
0.043010752688172 0.357476635514019
0.0376344086021505 0.357476635514019
0.032258064516129 0.355140186915888
0.032258064516129 0.355140186915888
0.032258064516129 0.355140186915888
0.032258064516129 0.352803738317757
0.032258064516129 0.348130841121495
0.032258064516129 0.343457943925234
0.032258064516129 0.343457943925234
0.0295698924731183 0.343457943925234
0.0295698924731183 0.338785046728972
0.0295698924731183 0.338785046728972
0.0295698924731183 0.338785046728972
0.0295698924731183 0.338785046728972
0.0295698924731183 0.336448598130841
0.0295698924731183 0.331775700934579
0.0295698924731183 0.331775700934579
0.0295698924731183 0.331775700934579
0.0295698924731183 0.324766355140187
0.0295698924731183 0.320093457943925
0.0295698924731183 0.320093457943925
0.0295698924731183 0.320093457943925
0.0295698924731183 0.320093457943925
0.0295698924731183 0.320093457943925
0.0295698924731183 0.317757009345794
0.0295698924731183 0.317757009345794
0.0295698924731183 0.310747663551402
0.0295698924731183 0.310747663551402
0.0295698924731183 0.30607476635514
0.0268817204301075 0.30607476635514
0.0268817204301075 0.303738317757009
0.0268817204301075 0.303738317757009
0.0268817204301075 0.303738317757009
0.0241935483870968 0.303738317757009
0.0241935483870968 0.303738317757009
0.0241935483870968 0.301401869158879
0.0241935483870968 0.301401869158879
0.0241935483870968 0.301401869158879
0.0241935483870968 0.299065420560748
0.0241935483870968 0.299065420560748
0.0241935483870968 0.299065420560748
0.0241935483870968 0.296728971962617
0.0241935483870968 0.294392523364486
0.0241935483870968 0.294392523364486
0.0241935483870968 0.292056074766355
0.0241935483870968 0.292056074766355
0.0241935483870968 0.292056074766355
0.0241935483870968 0.287383177570093
0.0241935483870968 0.280373831775701
0.0241935483870968 0.280373831775701
0.021505376344086 0.280373831775701
0.021505376344086 0.280373831775701
0.021505376344086 0.280373831775701
0.021505376344086 0.27803738317757
0.021505376344086 0.27803738317757
0.021505376344086 0.275700934579439
0.021505376344086 0.264018691588785
0.021505376344086 0.264018691588785
0.021505376344086 0.261682242990654
0.021505376344086 0.259345794392523
0.021505376344086 0.259345794392523
0.021505376344086 0.257009345794392
0.021505376344086 0.257009345794392
0.021505376344086 0.25
0.021505376344086 0.25
0.021505376344086 0.247663551401869
0.021505376344086 0.247663551401869
0.021505376344086 0.247663551401869
0.021505376344086 0.245327102803738
0.021505376344086 0.245327102803738
0.021505376344086 0.242990654205607
0.021505376344086 0.242990654205607
0.021505376344086 0.242990654205607
0.0188172043010753 0.242990654205607
0.0188172043010753 0.235981308411215
0.0188172043010753 0.231308411214953
0.0188172043010753 0.231308411214953
0.0188172043010753 0.228971962616822
0.0188172043010753 0.228971962616822
0.0134408602150538 0.228971962616822
0.0134408602150538 0.224299065420561
0.0134408602150538 0.224299065420561
0.0134408602150538 0.219626168224299
0.0134408602150538 0.212616822429907
0.0134408602150538 0.207943925233645
0.0134408602150538 0.205607476635514
0.0134408602150538 0.200934579439252
0.0134408602150538 0.200934579439252
0.0134408602150538 0.200934579439252
0.0134408602150538 0.196261682242991
0.0134408602150538 0.191588785046729
0.0134408602150538 0.191588785046729
0.0134408602150538 0.186915887850467
0.0134408602150538 0.186915887850467
0.010752688172043 0.186915887850467
0.010752688172043 0.186915887850467
0.010752688172043 0.186915887850467
0.010752688172043 0.182242990654206
0.010752688172043 0.182242990654206
0.010752688172043 0.172897196261682
0.010752688172043 0.172897196261682
0.010752688172043 0.168224299065421
0.010752688172043 0.16588785046729
0.010752688172043 0.161214953271028
0.010752688172043 0.161214953271028
0.010752688172043 0.161214953271028
0.00806451612903226 0.161214953271028
0.00806451612903226 0.154205607476636
0.00806451612903226 0.151869158878505
0.00806451612903226 0.151869158878505
0.00806451612903226 0.149532710280374
0.00806451612903226 0.149532710280374
0.00806451612903226 0.149532710280374
0.00806451612903226 0.147196261682243
0.00806451612903226 0.147196261682243
0.00806451612903226 0.147196261682243
0.00806451612903226 0.144859813084112
0.00806451612903226 0.14018691588785
0.00806451612903226 0.13785046728972
0.00537634408602151 0.133177570093458
0.00268817204301075 0.130841121495327
0.00268817204301075 0.128504672897196
0.00268817204301075 0.123831775700935
0.00268817204301075 0.116822429906542
0.00268817204301075 0.116822429906542
0.00268817204301075 0.116822429906542
0.00268817204301075 0.10981308411215
0.00268817204301075 0.107476635514019
0.00268817204301075 0.107476635514019
0.00268817204301075 0.107476635514019
0.00268817204301075 0.105140186915888
0.00268817204301075 0.102803738317757
0.00268817204301075 0.102803738317757
0.00268817204301075 0.102803738317757
0.00268817204301075 0.0934579439252336
0.00268817204301075 0.0911214953271028
0.00268817204301075 0.0841121495327103
0.00268817204301075 0.0841121495327103
0.00268817204301075 0.0817757009345794
0.00268817204301075 0.0794392523364486
0.00268817204301075 0.0771028037383178
0.00268817204301075 0.0771028037383178
0.00268817204301075 0.0747663551401869
0.00268817204301075 0.0724299065420561
0.00268817204301075 0.0724299065420561
0.00268817204301075 0.0724299065420561
0.00268817204301075 0.0700934579439252
0.00268817204301075 0.0677570093457944
0.00268817204301075 0.0677570093457944
0.00268817204301075 0.0654205607476635
0.00268817204301075 0.0654205607476635
0.00268817204301075 0.0630841121495327
0.00268817204301075 0.0537383177570093
0.00268817204301075 0.0514018691588785
0.00268817204301075 0.0514018691588785
0.00268817204301075 0.0514018691588785
0.00268817204301075 0.0514018691588785
0.00268817204301075 0.0490654205607477
0.00268817204301075 0.0467289719626168
0.00268817204301075 0.0467289719626168
0.00268817204301075 0.0420560747663551
0.00268817204301075 0.0420560747663551
0.00268817204301075 0.0420560747663551
0.00268817204301075 0.0397196261682243
0.00268817204301075 0.0350467289719626
0.00268817204301075 0.0350467289719626
0.00268817204301075 0.0350467289719626
0.00268817204301075 0.0327102803738318
0.00268817204301075 0.0280373831775701
0.00268817204301075 0.0257009345794393
0.00268817204301075 0.0233644859813084
0.00268817204301075 0.0210280373831776
0.00268817204301075 0.0210280373831776
0.00268817204301075 0.0210280373831776
0.00268817204301075 0.014018691588785
0.00268817204301075 0.014018691588785
0.00268817204301075 0.00934579439252336
0.00268817204301075 0.00934579439252336
0.00268817204301075 0.00700934579439252
0.00268817204301075 0.00700934579439252
0.00268817204301075 0.00467289719626168
0.00268817204301075 0.00467289719626168
0.00268817204301075 0.00467289719626168
0.00268817204301075 0.00233644859813084
0.00268817204301075 0.00233644859813084
0.00268817204301075 0.00233644859813084
0.00268817204301075 0.00233644859813084
0.00268817204301075 0.00233644859813084
0.00268817204301075 0.00233644859813084
0.00268817204301075 0
0.00268817204301075 0
0.00268817204301075 0
0.00268817204301075 0
0.00268817204301075 0
0.00268817204301075 0
0.00268817204301075 0
0.00268817204301075 0
0.00268817204301075 0
0.00268817204301075 0
0.00268817204301075 0
0.00268817204301075 0
0.00268817204301075 0
0.00268817204301075 0
0.00268817204301075 0
0.00268817204301075 0
0.00268817204301075 0
0.00268817204301075 0
0.00268817204301075 0
0.00268817204301075 0
0 0
0 0
0 0
0 0
0 0
0 0
0 0
0 0
0 0
0 0
0 0
0 0
0 0
0 0
0 0
0 0
