x y
0.2523997072829673 0.018538007329073555
0.2546133000074562 -0.07704303390225478
0.3254882569863259 0.06742858799596657
0.14107108326915443 0.03796573123416844
0.8555220229713483 0.02141586327157019
0.4017325274941072 -0.061411365021219494
0.36248349700096344 -0.019663520106976654
0.36694392244116264 0.012286424765636822
0.8108543028070381 0.06549059977691976
0.46219273513636416 0.0011077704014481327
0.4498918909908007 0.007944914920809315
0.3509114274219247 0.008779511073847751
0.4105141142904999 0.03081702495555838
0.5381544691255893 -0.03748018526175177
0.39209511275181375 0.06736202281580322
0.4622324304737675 -0.018550410433037734
0.8839009754036663 -0.04419998770877083
0.5385801949466869 0.05342009470680875
0.23595350538126056 -0.04436039867521962
0.29025416808202714 -0.01969612638356688
0.2050095517257005 0.043820523061502664
0.3945276696932901 -0.09981330582759292
0.22012636439936262 -0.007808276548727025
0.40125917292273106 0.016189563483896136
0.3287992183907339 0.04335931043678459
0.6951918458958534 0.005683640490484532
0.3295365696318321 -0.07077053737174857
0.056165272760459684 0.09953432835374429
0.2935078352171844 -0.04223381610947914
0.6755643018528074 -0.0034593360121460554
0.7382378021195125 0.016758809540747238
0.33703175918864675 -0.03545384837525015
0.5177452123568851 0.01047424695313895
0.4712898212646444 0.06203246957092509
0.37573972239558767 -0.03861511646064158
0.3580680283268944 0.07437181610964586
0.5335544649616241 0.06674671426778786
0.2905998550429128 0.018846217612656785
0.31156751590203197 -0.07898772250547698
0.2684602484834851 0.04099747555423147
0.2774075869815003 -0.08206064972399392
0.5303667546988812 0.05731610022459388
0.7056345061263415 -0.0009585323424265296
0.22998125734667407 0.06129376869903441
0.37309207311455617 -0.014644320457492241
0.14130113547854625 -0.0016061436158626013
0.2702177773230888 -0.04589262499648472
0.5459165569285185 -0.07021453618650962
0.5855378330568113 -0.005281304494690484
0.31450047284216387 -0.08624497598926138
0.306061739689847 0.08716825765731526
0.5025418175121532 -0.099989894728946
0.3309806160370466 0.07464102367226466
0.683358014079923 0.0734760787174081
0.2750599609046751 0.049957380500662785
0.14216565937425865 -0.08746150193978666
0.5074904489109915 -0.08133633534314921
0.4510387833849045 -0.07611915807806105
0.35950410585639575 0.0005793832514400243
0.3273238179958979 -0.01860765356546086
0.13395463251611053 -0.0944643599837993
0.620742451264992 0.04344305265388465
0.7294801089997682 0.08044992827425365
0.20171843766698241 -0.006187215744793889
0.16497191223186797 0.046846394622339776
0.1599641960852473 -0.09830628165506482
0.34439039651355197 0.0947677607037353
0.4120059674811252 0.05649555579558663
0.6257855595782832 0.010420796085659073
0.7778010623186561 -0.06914032969804114
0.3951839807615406 -0.030101232838990452
0.212125620434244 -0.09578216745295876
0.31202532251486637 -0.001232061825111791
0.3517017873919408 -0.09040103504091929
0.6760485091761488 -0.01193881932358612
0.2536346290664053 0.05502516885503042
0.5769925705529888 0.08408160925498892
0.8705309355421432 0.054914162501851244
0.37406895938535234 -0.07859157930512434
0.44412645512401605 -0.03409281742052876
0.28490849268516055 -0.03242436433645349
0.36217047472017 -0.01165461283392881
0.27881970820274216 0.007248281294606418
0.40945962923716805 -0.08583519777256149
0.3337777362584886 -0.002689866128529922
0.2362508304636441 -0.09868458892169006
0.4915545271925428 0.07752199018113265
0.46147378201720013 -0.04496842609892655
0.3572627666447907 0.05085710551691172
0.5508153639024075 -0.046457793891041765
0.20003631629511345 -0.06087755986621921
0.33410887847550286 0.05641571269210263
0.32758155373400527 -0.042109424969048306
0.6129897761218964 0.051926975437849965
0.6970381393573367 -0.022092087252549436
0.39469036945087665 0.06575080560561389
0.19467919064068423 -0.09459287825477863
0.247044509540931 0.09172883879925195
0.28183052109840595 -0.06929794813080029
0.12450210675443432 0.017176140953902075
0.23203079340568386 -0.0785213986018864
0.6305209140139719 0.017847293621902766
0.18539006009588485 0.09793056737506889
0.6513895340400742 -0.022506382624227966
0.1497431243499121 0.015669659430665034
0.6306045500303941 0.09644350266032073
0.5687451558466122 0.05570577997775614
0.6222572502402707 -0.0907278998732246
0.5101921597234444 0.03147993836651505
0.5161679551138727 -0.04421352252150686
0.39898697154926593 0.07351901416888668
0.27446537849942737 0.0005502050222843113
0.2728729039038596 0.05570278914774926
0.806922723190596 0.04188727659373731
0.44930705821841477 0.06699049629641368
0.3580680283268944 -0.04827868117672991
0.6000230434293372 -0.0996437531042322
0.2110541979342178 -0.09966389038236799
0.33410887847550286 0.09425150161324955
0.2072033034520287 -0.04163300484242725
0.06534588456056294 -0.01570593705954859
0.31080654630798144 0.004439843584962522
0.2219959768035502 0.08922771311751904
0.4301861458278969 -0.007877752608494173
0.2774075869815003 0.06055878520236327
0.4879549743963106 -0.017515358918231486
0.15242429951464626 0.09739023622830659
0.4528391880697318 0.045508093579811004
0.5531110996136019 0.0175211194130291
0.4385994338766419 0.08386568391100566
0.6874598451045686 0.024429142090375028
0.20670776745889693 0.03548438442799384
0.3580680283268944 -0.029669351198304203
0.4906405480429267 0.04560153102038311
0.24085574577575847 -0.08962594946262564
0.43683345738935075 -0.0740015419632055
0.6738031944551459 0.047148480637251716
0.5147137316549052 0.041018743393074736
0.6868895416681511 0.08108325874267983
0.14305687683425328 -0.03469535362557534
0.24947510314382995 -0.02675359539972659
0.6300947936263239 -0.04877187985536496
0.5583185690643124 -0.0840099479899819
0.23413701133220527 -0.003154257493907117
0.2054254600542569 0.06054450001260819
0.4946411736257027 -0.06318218558345295
0.6129897761218964 0.09129729273887505
0.23301694892026176 0.035120649404923626
0.24210491738036283 -0.04720154965978292
0.2783896960338013 -0.07628824801791273
0.22825320285695297 0.0048829013370815105
0.41650668371532834 -0.012192239448778758
0.5236101093733121 0.019622101721722046
0.48630739486206975 -0.07452589630300928
0.3455535871293255 -0.03476541921026513
0.3046947760950471 -0.002248128836459945
0.4533648267808389 -0.02667779713062679
0.9853944529262414 0.0599257192678436
0.33955452328094266 0.06897102604162308
0.22661609974624647 -0.03860927490421273
0.3593693677610864 0.003947459624894928
0.27508734287687825 -0.08345516165861336
0.6918065783017218 -0.03280628524247023
0.737311598556195 0.043311401498167146
0.7456865383691451 -0.06750972881484514
0.22438261940814058 -0.0597284672888454
0.7176369497068489 0.0015988768123877672
0.3591893594974528 0.03856485027985551
0.2781363368774912 0.03680584481661922
0.29500935575420717 -0.045563674772287226
0.3225583674193288 -0.06216515180381348
0.1973013980239761 0.0977548082376167
0.3255836166461589 -0.050956692029773445
0.33980835236604806 -0.08397166652605002
0.22143550622127592 0.003847908830121205
0.4301861458278969 0.08969977941611137
0.4145650977810591 -0.015872044599202884
0.3127688620594476 -0.014399144171498485
0.3299027849766401 0.07392701676868593
0.36535754151878497 0.08547412963470122
0.7795405688475924 0.09277005184288784
0.5058442288377222 0.0688850335813335
0.3392389617364467 0.02741722225591786
0.33442366854227207 0.037773062188108664
0.5152055639035026 0.04265062117024612
0.304430725309739 0.07074854560803281
0.651372625556672 0.08933284123800031
0.25267058188846814 0.037563509867438866
0.35507564246874274 0.0909201290000031
0.5804941956686812 0.05534265633755234
0.4995742539243815 -0.005704402121631258
0.28826911342257716 0.0485978862238754
0.8564307149546048 -0.012847643724595154
0.12510228652131378 0.06522509418734515
0.641019222817788 -0.02968125904613282
0.37795061322963275 -0.025761858319633582
0.3357779462602227 0.07590248066026103
0.7619124119491111 0.012717282493834262
0.7540423921962535 0.013365615761200947
0.5466790811612577 0.04519016145696603
0.5938954609972044 0.08780149806072632
0.4017325274941072 -0.09225146037330177
0.2869320469611842 -0.025515429936424416
0.5253140177178868 0.0038529926275469306
0.36334711237321154 0.09998258494645393
0.4567863280082039 -0.09095130569283257
0.13716385089785607 0.02018766410284327
0.3127688620594476 -0.030511526674028122
0.552623545181453 0.08618484634728937
0.13071985837425418 -0.014881402627004478
0.4509942892592304 0.08196160598068117
0.378247651431211 0.0707720371237329
0.2372032011439223 0.03225257512609819
0.7783040040809902 0.01815468264964422
0.3309806160370466 -0.09217507646874595
0.45510490768690304 0.08087091590529624
0.3929964294686372 0.07703589953051879
0.09188068145864506 0.024342492062704488
0.4547197115535718 0.04407813174305625
0.5224587863185521 0.08481029937277348
0.7500150341462815 -0.045328300974153746
0.766898658366937 0.036779989647356265
0.6581384531788217 -0.06243870947635071
0.40461246950125224 0.03740070654919264
0.4567863280082039 0.04948500685756424
0.14484270705509425 0.022824441618753438
0.5743360756587043 -0.046136505585095744
0.15164111121450835 0.0630171689923433
0.1795658323129183 -0.0743192567443848
0.34388694532487135 0.08627254989053298
0.36030740690976015 0.05068744840883352
0.38876882135268265 -0.05923659065536211
0.19084384621599051 -0.0763506143585653
0.1619320950596717 -0.023626022885800818
0.1497431243499121 0.002951728613452498
0.35716181454127294 0.001980612915229066
0.6157725495224136 -0.08055761914165903
0.1419830588952244 0.08495931421713568
0.11303015281522723 0.03746321057454044
0.27738048176742447 0.024699187920237467
0.4437489046855474 0.0064928495349430015
0.7873816815418844 -0.05381136084678204
0.7302194925366893 0.09442846894521095
0.3939667505572099 0.015012457947827726
0.20101036763888908 0.039020191006639865
0.1569958304597005 -0.07799443957829721
0.3687008145648976 -0.07201279310480378
0.703682038291427 0.07840711728704572
0.21275970423079124 -0.02857524446382846
0.1572051385680324 -0.015861828760875538
0.3224236216827608 -0.05827137124297002
0.3856532967477629 0.08239220105948564
0.4840143976794684 -0.01142557662619785
0.7561447090114984 -0.07299751580110592
0.5207697079608379 -0.06978959358710496
0.22717239569288022 -0.028112659823911645
0.6914881320116785 -0.07031449735327065
0.5997939282756093 0.004556769824635418
0.43694059895947507 -0.03816196266446159
0.197851326835023 0.01787866949339209
0.47618866366250384 0.0981220378483923
0.692516112648568 0.06802700154665006
0.32424062380353136 -0.059618901615186376
0.4220598157059171 0.08682781824543226
0.2728729039038596 0.07447952859438653
0.29081471933198083 -0.026460131460668015
0.33980835236604806 0.01592871374861611
0.4386677832637269 0.019939816145248535
0.4183086876143862 0.0071623679502917925
0.5560075020226066 0.05764606389986149
0.2055983437122926 -0.05868698167912992
0.17947268068380637 -0.04393248409670463
0.13663319229275975 0.07941175910172876
0.27508261299738396 0.007946107731646529
0.3242101441203115 0.05688078313278222
0.38775104233989977 0.008085275142958231
0.17362976882335943 -0.0881014545623524
0.3291720519412709 -0.06450268738316528
0.23634654287654763 -0.04539607222665938
0.2551905548507947 -0.030862949423626426
0.213248298806211 -0.07338740957471941
0.31205528325433035 -0.07874441569819107
0.6280057363598989 0.05240488537857971
0.49002142859674064 0.07362630023736616
0.6085204488662721 -0.03721795587299148
0.7707008832168267 0.042108709755038776
0.3652890771360665 -0.005268595169445001
0.3183959957550854 -0.04910943159875003
0.23413387288673104 0.05972043358433907
0.3128285223401852 0.05531325762502423
0.43683345738935075 -0.0696314535675209
0.4906405480429267 0.07287362570749564
0.4933073751177772 0.044029896569593774
0.4432404772852755 0.0963478761233266
0.17640963611470206 0.055537661927841014
0.29810123885236284 -0.027977012605259075
0.26559693891363256 0.06296906435731062
0.31599267231186945 -0.013240104031498001
0.32958013004114173 -0.046225688508616705
0.4487900020956727 0.050779655393234924
0.6283090093415411 0.009987225790444615
0.7437342495387782 0.0005741998528962233
0.2841277576615292 0.02385404834661564
0.4165190019034671 0.07336775698292208
0.22528121466504064 0.041985905098636395
0.24959337235011075 -0.08293274426156955
0.39267001852691774 -0.04641069065482548
0.17534616816337775 0.004431607861425463
0.3075654408188107 0.055498998878467515
0.26792247686457854 -0.05078140688655981
0.3005697459683498 0.0692688171066573
0.5039399727676322 0.04390506122911872
0.4084704475309139 0.020827601035957072
0.5074904489109915 -0.08749015906884304
0.5967698971869608 0.09446224724709895
0.270151046832546 -0.08174591041877444
0.4301255295389891 -0.09505095420087087
0.7224968261259864 -0.029817699510935602
0.32365789037023807 0.04060977825872006
0.6263917299004824 -0.03364668679698389
0.34398691627449585 0.005122978690848962
0.28497564338979253 -0.047998199201666085
0.6432774143490468 -0.08466227069939553
0.6855963245487464 -0.09307127667386586
0.2635315808454504 0.08877711734470428
0.3824702989154536 -0.005472361151939387
0.3496082416051166 0.001129742482795154
0.30248759195614777 0.07215034673854426
0.32415968527550504 -0.07004754092993287
0.3224874487958834 -0.0652546686366007
0.8971656741811413 -0.0503103007079226
0.4958597630444925 -0.01199074384739822
0.5138746890755144 -0.00500213381591523
0.1650728318378774 -0.07581556116219978
0.16119997088874097 0.08924982601502299
0.20797359420642078 -0.09461990133294683
0.14460701542414128 0.07974444934914166
0.4891863026387183 0.07037810944328105
0.4450710082922576 -0.04392056363457897
0.41152308386145026 0.06810521356218754
0.8954937439993941 -0.05344396617076515
0.3547291150078875 -0.09876057411766206
0.6603375805376969 -0.020401393544353774
0.3295365696318321 -0.08103692260493639
0.5039659656185606 0.035789087064444364
0.40986761101555474 -0.03815404723328031
0.3237964474491527 -0.010118997621004808
0.23602889679139438 -0.09574691728178474
0.8511636786832228 -0.032346186138833916
0.2008798009870628 -0.08615186833689369
0.6353049851059757 -0.09695916316919795
0.4423502394036273 -0.07565957784042535
0.6137365182082688 0.09604477565053954
0.20670776745889693 -0.03328229267649843
0.8266250411205546 -0.02753332490113801
0.20670776745889693 0.04841694619784881
0.13853090514132363 0.06090048576833809
0.6603375805376969 0.006738461769718512
0.17256934675058325 -0.07650101164555499
0.7795405688475924 -0.0637293876478848
0.2771484508043405 -0.025203603597250476
0.7176369497068489 0.08858945535961923
0.4189252576901628 0.02179051814234774
0.5066205290905623 -0.07978030786299105
0.3591893594974528 -0.026978362384727422
0.41570429995068864 0.002550276240607996
0.6407388318722337 -0.017903309194378964
0.24085574577575847 -0.056713353230910535
0.5011155363067262 0.09316203663352077
0.4455221157948439 0.02077157024675806
0.18667512586442278 -0.08337475267289621
0.6888240231918886 -0.04331304324680583
