1 1
1 1
1 1
1 1
1 1
1 1
1 1
1 1
1 1
1 1
1 1
1 1
1 1
1 1
1 1
0.997340425531915 1
0.997340425531915 1
0.997340425531915 1
0.997340425531915 1
0.997340425531915 1
0.997340425531915 1
0.997340425531915 1
0.997340425531915 1
0.997340425531915 1
0.997340425531915 1
0.997340425531915 1
0.997340425531915 1
0.997340425531915 1
0.997340425531915 1
0.997340425531915 1
0.997340425531915 1
0.997340425531915 1
0.997340425531915 1
0.997340425531915 1
0.997340425531915 1
0.997340425531915 1
0.997340425531915 1
0.997340425531915 1
0.997340425531915 1
0.997340425531915 1
0.997340425531915 1
0.997340425531915 1
0.997340425531915 1
0.997340425531915 1
0.997340425531915 1
0.997340425531915 1
0.997340425531915 1
0.997340425531915 1
0.997340425531915 1
0.997340425531915 1
0.997340425531915 1
0.997340425531915 1
0.997340425531915 1
0.997340425531915 1
0.997340425531915 1
0.997340425531915 1
0.997340425531915 1
0.997340425531915 1
0.997340425531915 1
0.99468085106383 1
0.99468085106383 1
0.99468085106383 1
0.99468085106383 1
0.99468085106383 1
0.99468085106383 1
0.99468085106383 0.997641509433962
0.99468085106383 0.997641509433962
0.99468085106383 0.997641509433962
0.99468085106383 0.997641509433962
0.992021276595745 0.997641509433962
0.992021276595745 0.997641509433962
0.992021276595745 0.997641509433962
0.992021276595745 0.997641509433962
0.98936170212766 0.997641509433962
0.98936170212766 0.997641509433962
0.98936170212766 0.997641509433962
0.986702127659574 0.997641509433962
0.984042553191489 0.997641509433962
0.984042553191489 0.997641509433962
0.981382978723404 0.997641509433962
0.978723404255319 0.997641509433962
0.978723404255319 0.997641509433962
0.978723404255319 0.997641509433962
0.978723404255319 0.997641509433962
0.973404255319149 0.995283018867924
0.973404255319149 0.995283018867924
0.970744680851064 0.995283018867924
0.970744680851064 0.995283018867924
0.970744680851064 0.995283018867924
0.970744680851064 0.995283018867924
0.970744680851064 0.995283018867924
0.968085106382979 0.995283018867924
0.965425531914894 0.995283018867924
0.965425531914894 0.995283018867924
0.965425531914894 0.995283018867924
0.965425531914894 0.995283018867924
0.965425531914894 0.995283018867924
0.954787234042553 0.995283018867924
0.954787234042553 0.995283018867924
0.949468085106383 0.995283018867924
0.946808510638298 0.995283018867924
0.944148936170213 0.995283018867924
0.944148936170213 0.995283018867924
0.944148936170213 0.995283018867924
0.944148936170213 0.995283018867924
0.944148936170213 0.995283018867924
0.944148936170213 0.995283018867924
0.944148936170213 0.995283018867924
0.944148936170213 0.995283018867924
0.944148936170213 0.992924528301887
0.944148936170213 0.992924528301887
0.944148936170213 0.992924528301887
0.944148936170213 0.992924528301887
0.944148936170213 0.992924528301887
0.941489361702128 0.992924528301887
0.941489361702128 0.992924528301887
0.941489361702128 0.992924528301887
0.941489361702128 0.988207547169811
0.938829787234043 0.988207547169811
0.938829787234043 0.988207547169811
0.936170212765957 0.985849056603774
0.933510638297872 0.985849056603774
0.930851063829787 0.983490566037736
0.930851063829787 0.981132075471698
0.928191489361702 0.981132075471698
0.928191489361702 0.981132075471698
0.925531914893617 0.981132075471698
0.922872340425532 0.981132075471698
0.920212765957447 0.981132075471698
0.917553191489362 0.981132075471698
0.917553191489362 0.981132075471698
0.909574468085106 0.981132075471698
0.904255319148936 0.981132075471698
0.904255319148936 0.981132075471698
0.904255319148936 0.981132075471698
0.904255319148936 0.97877358490566
0.898936170212766 0.97877358490566
0.896276595744681 0.97877358490566
0.896276595744681 0.97877358490566
0.893617021276596 0.976415094339623
0.890957446808511 0.976415094339623
0.888297872340426 0.976415094339623
0.888297872340426 0.976415094339623
0.88563829787234 0.976415094339623
0.877659574468085 0.976415094339623
0.877659574468085 0.976415094339623
0.872340425531915 0.974056603773585
0.872340425531915 0.974056603773585
0.86968085106383 0.974056603773585
0.86436170212766 0.974056603773585
0.859042553191489 0.974056603773585
0.859042553191489 0.974056603773585
0.859042553191489 0.974056603773585
0.856382978723404 0.974056603773585
0.851063829787234 0.974056603773585
0.851063829787234 0.974056603773585
0.851063829787234 0.974056603773585
0.845744680851064 0.974056603773585
0.840425531914894 0.971698113207547
0.835106382978723 0.971698113207547
0.832446808510638 0.971698113207547
0.829787234042553 0.971698113207547
0.829787234042553 0.971698113207547
0.827127659574468 0.971698113207547
0.824468085106383 0.971698113207547
0.824468085106383 0.971698113207547
0.824468085106383 0.966981132075472
0.824468085106383 0.966981132075472
0.824468085106383 0.962264150943396
0.819148936170213 0.959905660377358
0.819148936170213 0.959905660377358
0.813829787234043 0.959905660377358
0.813829787234043 0.959905660377358
0.813829787234043 0.959905660377358
0.813829787234043 0.959905660377358
0.813829787234043 0.959905660377358
0.811170212765957 0.955188679245283
0.808510638297872 0.955188679245283
0.805851063829787 0.955188679245283
0.800531914893617 0.955188679245283
0.797872340425532 0.955188679245283
0.797872340425532 0.955188679245283
0.795212765957447 0.955188679245283
0.795212765957447 0.955188679245283
0.789893617021277 0.955188679245283
0.779255319148936 0.955188679245283
0.779255319148936 0.955188679245283
0.779255319148936 0.955188679245283
0.779255319148936 0.952830188679245
0.776595744680851 0.952830188679245
0.776595744680851 0.952830188679245
0.771276595744681 0.950471698113208
0.771276595744681 0.950471698113208
0.768617021276596 0.950471698113208
0.768617021276596 0.950471698113208
0.768617021276596 0.950471698113208
0.763297872340426 0.950471698113208
0.763297872340426 0.950471698113208
0.757978723404255 0.950471698113208
0.75531914893617 0.950471698113208
0.752659574468085 0.950471698113208
0.75 0.950471698113208
0.74468085106383 0.950471698113208
0.73936170212766 0.950471698113208
0.736702127659574 0.950471698113208
0.736702127659574 0.950471698113208
0.734042553191489 0.94811320754717
0.731382978723404 0.94811320754717
0.728723404255319 0.94811320754717
0.728723404255319 0.94811320754717
0.728723404255319 0.94811320754717
0.728723404255319 0.94811320754717
0.720744680851064 0.94811320754717
0.718085106382979 0.94811320754717
0.715425531914894 0.94811320754717
0.715425531914894 0.94811320754717
0.715425531914894 0.94811320754717
0.715425531914894 0.945754716981132
0.715425531914894 0.945754716981132
0.715425531914894 0.941037735849057
0.715425531914894 0.941037735849057
0.715425531914894 0.941037735849057
0.707446808510638 0.941037735849057
0.702127659574468 0.941037735849057
0.702127659574468 0.941037735849057
0.699468085106383 0.941037735849057
0.699468085106383 0.941037735849057
0.691489361702128 0.941037735849057
0.686170212765957 0.941037735849057
0.683510638297872 0.941037735849057
0.683510638297872 0.938679245283019
0.678191489361702 0.938679245283019
0.675531914893617 0.938679245283019
0.675531914893617 0.938679245283019
0.672872340425532 0.938679245283019
0.667553191489362 0.938679245283019
0.664893617021277 0.938679245283019
0.664893617021277 0.938679245283019
0.664893617021277 0.938679245283019
0.664893617021277 0.938679245283019
0.662234042553192 0.936320754716981
0.659574468085106 0.936320754716981
0.651595744680851 0.933962264150943
0.651595744680851 0.933962264150943
0.651595744680851 0.933962264150943
0.648936170212766 0.933962264150943
0.648936170212766 0.933962264150943
0.648936170212766 0.933962264150943
0.648936170212766 0.933962264150943
0.648936170212766 0.933962264150943
0.648936170212766 0.933962264150943
0.648936170212766 0.933962264150943
0.646276595744681 0.933962264150943
0.643617021276596 0.933962264150943
0.638297872340426 0.933962264150943
0.638297872340426 0.933962264150943
0.632978723404255 0.933962264150943
0.632978723404255 0.933962264150943
0.63031914893617 0.931603773584906
0.63031914893617 0.931603773584906
0.63031914893617 0.931603773584906
0.627659574468085 0.931603773584906
0.627659574468085 0.931603773584906
0.627659574468085 0.931603773584906
0.627659574468085 0.931603773584906
0.627659574468085 0.931603773584906
0.625 0.929245283018868
0.625 0.929245283018868
0.625 0.929245283018868
0.61968085106383 0.929245283018868
0.61968085106383 0.929245283018868
0.61968085106383 0.929245283018868
0.617021276595745 0.92688679245283
0.61436170212766 0.92688679245283
0.61436170212766 0.92688679245283
0.609042553191489 0.92688679245283
0.603723404255319 0.92688679245283
0.601063829787234 0.92688679245283
0.601063829787234 0.92688679245283
0.601063829787234 0.924528301886792
0.601063829787234 0.924528301886792
0.601063829787234 0.924528301886792
0.595744680851064 0.924528301886792
0.595744680851064 0.922169811320755
0.595744680851064 0.922169811320755
0.595744680851064 0.919811320754717
0.590425531914894 0.919811320754717
0.585106382978723 0.919811320754717
0.582446808510638 0.917452830188679
0.582446808510638 0.917452830188679
0.579787234042553 0.917452830188679
0.579787234042553 0.917452830188679
0.577127659574468 0.917452830188679
0.577127659574468 0.917452830188679
0.577127659574468 0.917452830188679
0.577127659574468 0.917452830188679
0.571808510638298 0.917452830188679
0.571808510638298 0.917452830188679
0.569148936170213 0.915094339622642
0.569148936170213 0.915094339622642
0.563829787234043 0.912735849056604
0.561170212765957 0.912735849056604
0.561170212765957 0.910377358490566
0.558510638297872 0.910377358490566
0.558510638297872 0.910377358490566
0.550531914893617 0.910377358490566
0.550531914893617 0.910377358490566
0.550531914893617 0.910377358490566
0.550531914893617 0.910377358490566
0.547872340425532 0.908018867924528
0.545212765957447 0.903301886792453
0.537234042553192 0.903301886792453
0.534574468085106 0.903301886792453
0.526595744680851 0.900943396226415
0.526595744680851 0.900943396226415
0.523936170212766 0.89622641509434
0.521276595744681 0.89622641509434
0.518617021276596 0.89622641509434
0.518617021276596 0.893867924528302
0.518617021276596 0.893867924528302
0.518617021276596 0.889150943396226
0.518617021276596 0.886792452830189
0.515957446808511 0.886792452830189
0.515957446808511 0.886792452830189
0.515957446808511 0.886792452830189
0.513297872340426 0.886792452830189
0.513297872340426 0.886792452830189
0.507978723404255 0.884433962264151
0.502659574468085 0.882075471698113
0.502659574468085 0.882075471698113
0.497340425531915 0.882075471698113
0.497340425531915 0.877358490566038
0.497340425531915 0.877358490566038
0.497340425531915 0.877358490566038
0.49468085106383 0.877358490566038
0.49468085106383 0.872641509433962
0.492021276595745 0.872641509433962
0.486702127659574 0.872641509433962
0.486702127659574 0.872641509433962
0.486702127659574 0.870283018867924
0.486702127659574 0.870283018867924
0.484042553191489 0.870283018867924
0.478723404255319 0.870283018867924
0.478723404255319 0.870283018867924
0.476063829787234 0.867924528301887
0.473404255319149 0.867924528301887
0.470744680851064 0.863207547169811
0.470744680851064 0.863207547169811
0.470744680851064 0.860849056603774
0.468085106382979 0.860849056603774
0.468085106382979 0.860849056603774
0.468085106382979 0.860849056603774
0.468085106382979 0.858490566037736
0.465425531914894 0.858490566037736
0.462765957446808 0.85377358490566
0.462765957446808 0.85377358490566
0.462765957446808 0.85377358490566
0.457446808510638 0.85377358490566
0.457446808510638 0.85377358490566
0.457446808510638 0.85377358490566
0.457446808510638 0.849056603773585
0.457446808510638 0.849056603773585
0.454787234042553 0.846698113207547
0.449468085106383 0.846698113207547
0.446808510638298 0.846698113207547
0.444148936170213 0.846698113207547
0.441489361702128 0.846698113207547
0.441489361702128 0.841981132075472
0.441489361702128 0.841981132075472
0.438829787234043 0.837264150943396
0.436170212765957 0.837264150943396
0.430851063829787 0.837264150943396
0.422872340425532 0.837264150943396
0.420212765957447 0.834905660377358
0.420212765957447 0.834905660377358
0.420212765957447 0.832547169811321
0.420212765957447 0.832547169811321
0.420212765957447 0.832547169811321
0.420212765957447 0.832547169811321
0.420212765957447 0.832547169811321
0.414893617021277 0.832547169811321
0.412234042553192 0.832547169811321
0.412234042553192 0.830188679245283
0.409574468085106 0.830188679245283
0.409574468085106 0.830188679245283
0.404255319148936 0.830188679245283
0.401595744680851 0.830188679245283
0.401595744680851 0.830188679245283
0.401595744680851 0.830188679245283
0.396276595744681 0.830188679245283
0.393617021276596 0.830188679245283
0.393617021276596 0.827830188679245
0.393617021276596 0.827830188679245
0.390957446808511 0.825471698113208
0.390957446808511 0.825471698113208
0.388297872340426 0.82311320754717
0.388297872340426 0.82311320754717
0.388297872340426 0.82311320754717
0.388297872340426 0.820754716981132
0.388297872340426 0.820754716981132
0.38563829787234 0.816037735849057
0.382978723404255 0.816037735849057
0.382978723404255 0.816037735849057
0.382978723404255 0.816037735849057
0.382978723404255 0.813679245283019
0.38031914893617 0.811320754716981
0.377659574468085 0.808962264150943
0.377659574468085 0.808962264150943
0.377659574468085 0.808962264150943
0.377659574468085 0.808962264150943
0.377659574468085 0.808962264150943
0.372340425531915 0.808962264150943
0.372340425531915 0.804245283018868
0.36968085106383 0.804245283018868
0.367021276595745 0.804245283018868
0.367021276595745 0.797169811320755
0.36436170212766 0.794811320754717
0.36436170212766 0.794811320754717
0.361702127659574 0.794811320754717
0.361702127659574 0.790094339622642
0.361702127659574 0.790094339622642
0.359042553191489 0.790094339622642
0.356382978723404 0.790094339622642
0.356382978723404 0.790094339622642
0.353723404255319 0.790094339622642
0.353723404255319 0.787735849056604
0.353723404255319 0.787735849056604
0.348404255319149 0.787735849056604
0.340425531914894 0.787735849056604
0.340425531914894 0.787735849056604
0.337765957446808 0.783018867924528
0.332446808510638 0.780660377358491
0.329787234042553 0.778301886792453
0.329787234042553 0.778301886792453
0.329787234042553 0.775943396226415
0.329787234042553 0.775943396226415
0.321808510638298 0.773584905660377
0.321808510638298 0.773584905660377
0.321808510638298 0.773584905660377
0.319148936170213 0.773584905660377
0.319148936170213 0.773584905660377
0.316489361702128 0.773584905660377
0.316489361702128 0.773584905660377
0.316489361702128 0.773584905660377
0.316489361702128 0.773584905660377
0.316489361702128 0.773584905660377
0.316489361702128 0.773584905660377
0.313829787234043 0.77122641509434
0.313829787234043 0.77122641509434
0.311170212765957 0.77122641509434
0.311170212765957 0.77122641509434
0.311170212765957 0.77122641509434
0.305851063829787 0.768867924528302
0.305851063829787 0.768867924528302
0.300531914893617 0.768867924528302
0.300531914893617 0.766509433962264
0.300531914893617 0.766509433962264
0.297872340425532 0.764150943396226
0.297872340425532 0.764150943396226
0.295212765957447 0.764150943396226
0.295212765957447 0.764150943396226
0.295212765957447 0.764150943396226
0.295212765957447 0.764150943396226
0.295212765957447 0.764150943396226
0.295212765957447 0.764150943396226
0.295212765957447 0.761792452830189
0.295212765957447 0.759433962264151
0.295212765957447 0.759433962264151
0.295212765957447 0.759433962264151
0.295212765957447 0.759433962264151
0.292553191489362 0.759433962264151
0.289893617021277 0.759433962264151
0.289893617021277 0.759433962264151
0.289893617021277 0.757075471698113
0.289893617021277 0.757075471698113
0.289893617021277 0.757075471698113
0.289893617021277 0.757075471698113
0.289893617021277 0.754716981132076
0.284574468085106 0.754716981132076
0.284574468085106 0.754716981132076
0.284574468085106 0.752358490566038
0.284574468085106 0.752358490566038
0.284574468085106 0.752358490566038
0.284574468085106 0.75
0.281914893617021 0.75
0.281914893617021 0.75
0.279255319148936 0.75
0.273936170212766 0.75
0.273936170212766 0.75
0.273936170212766 0.75
0.273936170212766 0.747641509433962
0.273936170212766 0.742924528301887
0.273936170212766 0.742924528301887
0.273936170212766 0.742924528301887
0.273936170212766 0.740566037735849
0.273936170212766 0.740566037735849
0.273936170212766 0.740566037735849
0.273936170212766 0.740566037735849
0.271276595744681 0.740566037735849
0.271276595744681 0.740566037735849
0.271276595744681 0.740566037735849
0.271276595744681 0.738207547169811
0.271276595744681 0.738207547169811
0.265957446808511 0.731132075471698
0.265957446808511 0.731132075471698
0.265957446808511 0.731132075471698
0.263297872340426 0.731132075471698
0.26063829787234 0.731132075471698
0.26063829787234 0.731132075471698
0.26063829787234 0.726415094339623
0.26063829787234 0.721698113207547
0.257978723404255 0.721698113207547
0.257978723404255 0.721698113207547
0.257978723404255 0.721698113207547
0.25531914893617 0.721698113207547
0.25531914893617 0.721698113207547
0.25531914893617 0.721698113207547
0.25531914893617 0.721698113207547
0.25531914893617 0.719339622641509
0.25531914893617 0.719339622641509
0.25531914893617 0.719339622641509
0.252659574468085 0.719339622641509
0.25 0.719339622641509
0.25 0.719339622641509
0.25 0.719339622641509
0.25 0.719339622641509
0.25 0.716981132075472
0.25 0.714622641509434
0.25 0.712264150943396
0.24468085106383 0.709905660377358
0.24468085106383 0.709905660377358
0.242021276595745 0.709905660377358
0.242021276595745 0.709905660377358
0.242021276595745 0.709905660377358
0.242021276595745 0.707547169811321
0.242021276595745 0.705188679245283
0.234042553191489 0.69811320754717
0.234042553191489 0.69811320754717
0.234042553191489 0.69811320754717
0.234042553191489 0.69811320754717
0.234042553191489 0.695754716981132
0.234042553191489 0.695754716981132
0.234042553191489 0.695754716981132
0.228723404255319 0.695754716981132
0.228723404255319 0.695754716981132
0.228723404255319 0.691037735849057
0.228723404255319 0.691037735849057
0.228723404255319 0.691037735849057
0.226063829787234 0.691037735849057
0.226063829787234 0.691037735849057
0.226063829787234 0.683962264150943
0.226063829787234 0.681603773584906
0.226063829787234 0.679245283018868
0.226063829787234 0.679245283018868
0.226063829787234 0.679245283018868
0.223404255319149 0.679245283018868
0.223404255319149 0.67688679245283
0.223404255319149 0.67688679245283
0.223404255319149 0.67688679245283
0.223404255319149 0.67688679245283
0.223404255319149 0.67688679245283
0.223404255319149 0.674528301886792
0.220744680851064 0.672169811320755
0.220744680851064 0.672169811320755
0.220744680851064 0.672169811320755
0.220744680851064 0.672169811320755
0.220744680851064 0.672169811320755
0.220744680851064 0.672169811320755
0.215425531914894 0.667452830188679
0.212765957446809 0.667452830188679
0.212765957446809 0.667452830188679
0.212765957446809 0.662735849056604
0.212765957446809 0.662735849056604
0.212765957446809 0.660377358490566
0.212765957446809 0.658018867924528
0.210106382978723 0.658018867924528
0.210106382978723 0.658018867924528
0.210106382978723 0.658018867924528
0.204787234042553 0.658018867924528
0.202127659574468 0.658018867924528
0.202127659574468 0.658018867924528
0.199468085106383 0.655660377358491
0.199468085106383 0.653301886792453
0.199468085106383 0.653301886792453
0.196808510638298 0.650943396226415
0.196808510638298 0.650943396226415
0.194148936170213 0.648584905660377
0.194148936170213 0.648584905660377
0.191489361702128 0.648584905660377
0.191489361702128 0.648584905660377
0.191489361702128 0.648584905660377
0.191489361702128 0.64622641509434
0.191489361702128 0.643867924528302
0.188829787234043 0.643867924528302
0.188829787234043 0.643867924528302
0.188829787234043 0.643867924528302
0.186170212765957 0.641509433962264
0.186170212765957 0.639150943396226
0.186170212765957 0.639150943396226
0.180851063829787 0.639150943396226
0.180851063829787 0.636792452830189
0.180851063829787 0.636792452830189
0.180851063829787 0.636792452830189
0.180851063829787 0.634433962264151
0.180851063829787 0.634433962264151
0.180851063829787 0.632075471698113
0.180851063829787 0.632075471698113
0.175531914893617 0.627358490566038
0.175531914893617 0.627358490566038
0.175531914893617 0.622641509433962
0.175531914893617 0.622641509433962
0.175531914893617 0.622641509433962
0.172872340425532 0.622641509433962
0.170212765957447 0.622641509433962
0.170212765957447 0.617924528301887
0.167553191489362 0.617924528301887
0.167553191489362 0.617924528301887
0.167553191489362 0.617924528301887
0.167553191489362 0.617924528301887
0.167553191489362 0.615566037735849
0.167553191489362 0.615566037735849
0.167553191489362 0.615566037735849
0.167553191489362 0.608490566037736
0.167553191489362 0.60377358490566
0.164893617021277 0.60377358490566
0.164893617021277 0.60377358490566
0.164893617021277 0.60377358490566
0.164893617021277 0.60377358490566
0.162234042553191 0.596698113207547
0.162234042553191 0.596698113207547
0.162234042553191 0.596698113207547
0.162234042553191 0.596698113207547
0.159574468085106 0.591981132075472
0.159574468085106 0.591981132075472
0.159574468085106 0.591981132075472
0.159574468085106 0.591981132075472
0.159574468085106 0.591981132075472
0.159574468085106 0.591981132075472
0.159574468085106 0.591981132075472
0.159574468085106 0.591981132075472
0.159574468085106 0.591981132075472
0.156914893617021 0.591981132075472
0.156914893617021 0.589622641509434
0.156914893617021 0.589622641509434
0.156914893617021 0.589622641509434
0.154255319148936 0.589622641509434
0.154255319148936 0.589622641509434
0.154255319148936 0.589622641509434
0.154255319148936 0.589622641509434
0.151595744680851 0.589622641509434
0.148936170212766 0.589622641509434
0.148936170212766 0.589622641509434
0.148936170212766 0.589622641509434
0.148936170212766 0.589622641509434
0.146276595744681 0.589622641509434
0.146276595744681 0.589622641509434
0.146276595744681 0.589622641509434
0.146276595744681 0.589622641509434
0.146276595744681 0.589622641509434
0.146276595744681 0.589622641509434
0.140957446808511 0.589622641509434
0.140957446808511 0.589622641509434
0.140957446808511 0.589622641509434
0.140957446808511 0.589622641509434
0.140957446808511 0.587264150943396
0.140957446808511 0.587264150943396
0.140957446808511 0.587264150943396
0.140957446808511 0.584905660377358
0.13563829787234 0.584905660377358
0.13563829787234 0.584905660377358
0.132978723404255 0.575471698113208
0.132978723404255 0.575471698113208
0.132978723404255 0.57311320754717
0.132978723404255 0.57311320754717
0.132978723404255 0.57311320754717
0.132978723404255 0.57311320754717
0.132978723404255 0.570754716981132
0.132978723404255 0.570754716981132
0.13031914893617 0.570754716981132
0.13031914893617 0.566037735849057
0.13031914893617 0.566037735849057
0.13031914893617 0.566037735849057
0.13031914893617 0.566037735849057
0.13031914893617 0.556603773584906
0.13031914893617 0.556603773584906
0.13031914893617 0.554245283018868
0.13031914893617 0.554245283018868
0.13031914893617 0.554245283018868
0.13031914893617 0.554245283018868
0.125 0.554245283018868
0.125 0.55188679245283
0.125 0.55188679245283
0.125 0.549528301886792
0.125 0.547169811320755
0.125 0.542452830188679
0.125 0.542452830188679
0.125 0.542452830188679
0.125 0.540094339622642
0.125 0.530660377358491
0.125 0.528301886792453
0.125 0.525943396226415
0.125 0.523584905660377
0.125 0.52122641509434
0.125 0.518867924528302
0.125 0.518867924528302
0.125 0.518867924528302
0.122340425531915 0.518867924528302
0.122340425531915 0.518867924528302
0.122340425531915 0.516509433962264
0.122340425531915 0.516509433962264
0.122340425531915 0.516509433962264
0.11968085106383 0.516509433962264
0.11968085106383 0.514150943396226
0.11968085106383 0.514150943396226
0.117021276595745 0.514150943396226
0.117021276595745 0.514150943396226
0.117021276595745 0.511792452830189
0.117021276595745 0.509433962264151
0.111702127659574 0.507075471698113
0.111702127659574 0.504716981132076
0.109042553191489 0.504716981132076
0.109042553191489 0.502358490566038
0.109042553191489 0.502358490566038
0.101063829787234 0.5
0.101063829787234 0.5
0.101063829787234 0.497641509433962
0.101063829787234 0.497641509433962
0.0984042553191489 0.490566037735849
0.0984042553191489 0.490566037735849
0.0984042553191489 0.490566037735849
0.0984042553191489 0.485849056603774
0.0984042553191489 0.485849056603774
0.0984042553191489 0.481132075471698
0.0984042553191489 0.481132075471698
0.0984042553191489 0.481132075471698
0.0984042553191489 0.481132075471698
0.0984042553191489 0.481132075471698
0.0984042553191489 0.476415094339623
0.0984042553191489 0.474056603773585
0.0984042553191489 0.471698113207547
0.0984042553191489 0.466981132075472
0.0984042553191489 0.462264150943396
0.0984042553191489 0.459905660377358
0.0984042553191489 0.457547169811321
0.0984042553191489 0.455188679245283
0.0984042553191489 0.455188679245283
0.0984042553191489 0.452830188679245
0.0984042553191489 0.452830188679245
0.0984042553191489 0.452830188679245
0.0984042553191489 0.452830188679245
0.0930851063829787 0.452830188679245
0.0930851063829787 0.44811320754717
0.0930851063829787 0.44811320754717
0.0930851063829787 0.443396226415094
0.0930851063829787 0.443396226415094
0.0930851063829787 0.443396226415094
0.0930851063829787 0.438679245283019
0.0930851063829787 0.438679245283019
0.0930851063829787 0.438679245283019
0.0930851063829787 0.438679245283019
0.0930851063829787 0.433962264150943
0.0930851063829787 0.433962264150943
0.0930851063829787 0.433962264150943
0.0930851063829787 0.433962264150943
0.0930851063829787 0.431603773584906
0.0930851063829787 0.431603773584906
0.0930851063829787 0.431603773584906
0.0930851063829787 0.431603773584906
0.0930851063829787 0.431603773584906
0.0930851063829787 0.431603773584906
0.0930851063829787 0.429245283018868
0.0930851063829787 0.429245283018868
0.0930851063829787 0.42688679245283
0.0930851063829787 0.42688679245283
0.0904255319148936 0.42688679245283
0.0904255319148936 0.42688679245283
0.0877659574468085 0.42688679245283
0.0877659574468085 0.42688679245283
0.0877659574468085 0.42688679245283
0.0877659574468085 0.424528301886792
0.0877659574468085 0.422169811320755
0.0877659574468085 0.422169811320755
0.0851063829787234 0.419811320754717
0.0851063829787234 0.419811320754717
0.0851063829787234 0.419811320754717
0.0824468085106383 0.417452830188679
0.0824468085106383 0.415094339622642
0.0824468085106383 0.412735849056604
0.0824468085106383 0.410377358490566
0.0797872340425532 0.410377358490566
0.0797872340425532 0.410377358490566
0.0797872340425532 0.405660377358491
0.0797872340425532 0.405660377358491
0.074468085106383 0.405660377358491
0.074468085106383 0.405660377358491
0.074468085106383 0.405660377358491
0.0718085106382979 0.403301886792453
0.0718085106382979 0.403301886792453
0.0664893617021277 0.398584905660377
0.0638297872340425 0.39622641509434
0.0585106382978723 0.391509433962264
0.0585106382978723 0.391509433962264
0.0585106382978723 0.386792452830189
0.0585106382978723 0.382075471698113
0.0585106382978723 0.382075471698113
0.0585106382978723 0.372641509433962
0.0558510638297872 0.372641509433962
0.0558510638297872 0.367924528301887
0.0558510638297872 0.367924528301887
0.0558510638297872 0.367924528301887
0.0558510638297872 0.365566037735849
0.0531914893617021 0.365566037735849
0.0531914893617021 0.358490566037736
0.0531914893617021 0.358490566037736
0.0531914893617021 0.358490566037736
0.0531914893617021 0.358490566037736
0.050531914893617 0.356132075471698
0.0478723404255319 0.356132075471698
0.0478723404255319 0.356132075471698
0.0478723404255319 0.356132075471698
0.0478723404255319 0.356132075471698
0.0478723404255319 0.356132075471698
0.0478723404255319 0.356132075471698
0.0478723404255319 0.35377358490566
0.0478723404255319 0.35377358490566
0.0478723404255319 0.35377358490566
0.0478723404255319 0.351415094339623
0.0478723404255319 0.346698113207547
0.0478723404255319 0.346698113207547
0.0478723404255319 0.344339622641509
0.0478723404255319 0.341981132075472
0.0398936170212766 0.337264150943396
0.0398936170212766 0.334905660377358
0.0398936170212766 0.334905660377358
0.0398936170212766 0.332547169811321
0.0372340425531915 0.332547169811321
0.0372340425531915 0.332547169811321
0.0372340425531915 0.332547169811321
0.0345744680851064 0.330188679245283
0.0345744680851064 0.327830188679245
0.0345744680851064 0.325471698113208
0.0345744680851064 0.32311320754717
0.0345744680851064 0.320754716981132
0.0345744680851064 0.320754716981132
0.0345744680851064 0.320754716981132
0.0345744680851064 0.318396226415094
0.0345744680851064 0.318396226415094
0.0292553191489362 0.318396226415094
0.0292553191489362 0.316037735849057
0.0292553191489362 0.313679245283019
0.0292553191489362 0.311320754716981
0.0292553191489362 0.311320754716981
0.0292553191489362 0.311320754716981
0.0292553191489362 0.311320754716981
0.0292553191489362 0.308962264150943
0.0292553191489362 0.308962264150943
0.0265957446808511 0.308962264150943
0.023936170212766 0.30188679245283
0.0212765957446809 0.30188679245283
0.0186170212765957 0.299528301886792
0.0186170212765957 0.292452830188679
0.0186170212765957 0.290094339622642
0.0186170212765957 0.290094339622642
0.0186170212765957 0.287735849056604
0.0186170212765957 0.285377358490566
0.0186170212765957 0.285377358490566
0.0186170212765957 0.285377358490566
0.0159574468085106 0.285377358490566
0.0159574468085106 0.280660377358491
0.0159574468085106 0.280660377358491
0.0159574468085106 0.280660377358491
0.0159574468085106 0.273584905660377
0.0132978723404255 0.273584905660377
0.0132978723404255 0.268867924528302
0.0132978723404255 0.261792452830189
0.0132978723404255 0.252358490566038
0.0132978723404255 0.25
0.0132978723404255 0.247641509433962
0.0132978723404255 0.247641509433962
0.0132978723404255 0.247641509433962
0.0132978723404255 0.247641509433962
0.0132978723404255 0.247641509433962
0.0132978723404255 0.247641509433962
0.0132978723404255 0.242924528301887
0.0132978723404255 0.235849056603774
0.0132978723404255 0.235849056603774
0.0132978723404255 0.224056603773585
0.0132978723404255 0.221698113207547
0.0132978723404255 0.219339622641509
0.0132978723404255 0.216981132075472
0.0132978723404255 0.216981132075472
0.0132978723404255 0.214622641509434
0.0106382978723404 0.212264150943396
0.0106382978723404 0.207547169811321
0.0106382978723404 0.19811320754717
0.0106382978723404 0.195754716981132
0.0106382978723404 0.191037735849057
0.0106382978723404 0.186320754716981
0.00797872340425532 0.186320754716981
0.00797872340425532 0.183962264150943
0.00797872340425532 0.181603773584906
0.00797872340425532 0.181603773584906
0.00797872340425532 0.179245283018868
0.00797872340425532 0.17688679245283
0.00797872340425532 0.17688679245283
0.00797872340425532 0.17688679245283
0.00531914893617021 0.17688679245283
0.00531914893617021 0.17688679245283
0.00531914893617021 0.174528301886792
0.00531914893617021 0.174528301886792
0.00531914893617021 0.174528301886792
0.00531914893617021 0.167452830188679
0.00531914893617021 0.167452830188679
0.00531914893617021 0.167452830188679
0.00531914893617021 0.165094339622642
0.00531914893617021 0.162735849056604
0.00531914893617021 0.162735849056604
0.00531914893617021 0.158018867924528
0.00531914893617021 0.155660377358491
0.00531914893617021 0.150943396226415
0.00531914893617021 0.14622641509434
0.00531914893617021 0.143867924528302
0.00531914893617021 0.141509433962264
0.00531914893617021 0.141509433962264
0.00531914893617021 0.141509433962264
0.00531914893617021 0.141509433962264
0.00531914893617021 0.141509433962264
0.00531914893617021 0.136792452830189
0.00531914893617021 0.132075471698113
0.00531914893617021 0.132075471698113
0.00531914893617021 0.127358490566038
0.00531914893617021 0.125
0.00531914893617021 0.125
0.00265957446808511 0.122641509433962
0.00265957446808511 0.122641509433962
0.00265957446808511 0.120283018867925
0.00265957446808511 0.120283018867925
0.00265957446808511 0.117924528301887
0.00265957446808511 0.117924528301887
0.00265957446808511 0.117924528301887
0.00265957446808511 0.113207547169811
0.00265957446808511 0.106132075471698
0.00265957446808511 0.101415094339623
0.00265957446808511 0.089622641509434
0.00265957446808511 0.0849056603773585
0.00265957446808511 0.0849056603773585
0.00265957446808511 0.0825471698113208
0.00265957446808511 0.0825471698113208
0.00265957446808511 0.0825471698113208
0.00265957446808511 0.0825471698113208
0.00265957446808511 0.080188679245283
0 0.080188679245283
0 0.0731132075471698
0 0.0660377358490566
0 0.0636792452830189
0 0.0613207547169811
0 0.0518867924528302
0 0.0518867924528302
0 0.044811320754717
0 0.044811320754717
0 0.0400943396226415
0 0.0377358490566038
0 0.0377358490566038
0 0.035377358490566
0 0.0306603773584906
0 0.0306603773584906
0 0.0306603773584906
0 0.0283018867924528
0 0.0259433962264151
0 0.0259433962264151
0 0.0259433962264151
0 0.0212264150943396
0 0.0212264150943396
0 0.0212264150943396
0 0.0188679245283019
0 0.0188679245283019
0 0.0141509433962264
0 0.0141509433962264
0 0.0117924528301887
0 0.0117924528301887
0 0.0117924528301887
0 0.00943396226415094
0 0.00707547169811321
0 0.00471698113207547
0 0.00471698113207547
0 0.00471698113207547
0 0.00235849056603774
0 0.00235849056603774
0 0.00235849056603774
0 0
0 0
0 0
0 0
0 0
0 0
0 0
0 0
0 0
0 0
0 0
