1 1
1 1
1 1
1 1
1 1
1 1
1 1
1 1
1 1
1 1
1 1
1 1
1 1
1 1
1 1
1 1
1 1
1 1
1 1
1 1
1 1
1 1
1 1
1 1
1 1
1 1
1 1
1 1
1 1
1 1
1 1
1 1
1 1
1 1
1 1
1 1
1 1
1 1
1 1
1 1
1 1
1 1
1 1
1 1
1 1
1 1
1 1
1 1
1 1
1 1
1 1
1 1
1 1
1 1
1 1
1 1
1 1
1 1
1 1
1 1
1 1
1 1
1 1
1 1
1 1
1 1
1 1
1 1
1 1
1 1
1 1
1 1
1 1
1 1
1 1
1 1
1 1
1 1
1 1
1 1
1 1
1 1
1 1
1 1
1 1
1 1
1 1
1 1
1 1
0.997311827956989 1
0.997311827956989 1
0.997311827956989 1
0.997311827956989 1
0.997311827956989 1
0.997311827956989 1
0.997311827956989 1
0.997311827956989 1
0.997311827956989 1
0.997311827956989 1
0.997311827956989 1
0.997311827956989 1
0.997311827956989 1
0.997311827956989 1
0.997311827956989 1
0.997311827956989 1
0.997311827956989 1
0.997311827956989 1
0.994623655913978 1
0.994623655913978 1
0.994623655913978 1
0.994623655913978 1
0.994623655913978 1
0.994623655913978 1
0.994623655913978 1
0.994623655913978 1
0.994623655913978 1
0.994623655913978 1
0.994623655913978 1
0.994623655913978 1
0.994623655913978 1
0.994623655913978 1
0.991935483870968 1
0.991935483870968 1
0.991935483870968 1
0.991935483870968 1
0.991935483870968 1
0.991935483870968 1
0.991935483870968 1
0.991935483870968 1
0.991935483870968 1
0.991935483870968 1
0.991935483870968 1
0.991935483870968 1
0.991935483870968 1
0.991935483870968 1
0.991935483870968 1
0.991935483870968 1
0.991935483870968 1
0.991935483870968 1
0.991935483870968 1
0.991935483870968 1
0.991935483870968 1
0.991935483870968 1
0.991935483870968 1
0.991935483870968 1
0.991935483870968 1
0.991935483870968 1
0.991935483870968 1
0.991935483870968 1
0.991935483870968 1
0.991935483870968 1
0.991935483870968 1
0.989247311827957 1
0.989247311827957 1
0.989247311827957 1
0.989247311827957 1
0.986559139784946 1
0.986559139784946 1
0.986559139784946 1
0.986559139784946 0.997663551401869
0.986559139784946 0.997663551401869
0.986559139784946 0.997663551401869
0.983870967741935 0.995327102803738
0.983870967741935 0.995327102803738
0.983870967741935 0.995327102803738
0.983870967741935 0.995327102803738
0.983870967741935 0.995327102803738
0.983870967741935 0.995327102803738
0.981182795698925 0.990654205607477
0.981182795698925 0.990654205607477
0.981182795698925 0.990654205607477
0.981182795698925 0.990654205607477
0.973118279569892 0.990654205607477
0.973118279569892 0.990654205607477
0.973118279569892 0.990654205607477
0.973118279569892 0.990654205607477
0.973118279569892 0.990654205607477
0.973118279569892 0.990654205607477
0.970430107526882 0.990654205607477
0.970430107526882 0.990654205607477
0.970430107526882 0.988317757009346
0.970430107526882 0.988317757009346
0.967741935483871 0.988317757009346
0.96505376344086 0.988317757009346
0.962365591397849 0.988317757009346
0.959677419354839 0.988317757009346
0.959677419354839 0.988317757009346
0.956989247311828 0.988317757009346
0.951612903225806 0.988317757009346
0.948924731182796 0.985981308411215
0.948924731182796 0.985981308411215
0.946236559139785 0.985981308411215
0.943548387096774 0.983644859813084
0.943548387096774 0.983644859813084
0.940860215053763 0.983644859813084
0.940860215053763 0.983644859813084
0.940860215053763 0.983644859813084
0.940860215053763 0.983644859813084
0.940860215053763 0.983644859813084
0.940860215053763 0.983644859813084
0.940860215053763 0.981308411214953
0.935483870967742 0.981308411214953
0.935483870967742 0.981308411214953
0.935483870967742 0.981308411214953
0.935483870967742 0.981308411214953
0.935483870967742 0.981308411214953
0.935483870967742 0.981308411214953
0.935483870967742 0.981308411214953
0.935483870967742 0.981308411214953
0.935483870967742 0.981308411214953
0.93010752688172 0.981308411214953
0.92741935483871 0.981308411214953
0.92741935483871 0.978971962616822
0.922043010752688 0.978971962616822
0.922043010752688 0.978971962616822
0.922043010752688 0.978971962616822
0.922043010752688 0.978971962616822
0.922043010752688 0.978971962616822
0.919354838709677 0.978971962616822
0.919354838709677 0.978971962616822
0.919354838709677 0.978971962616822
0.919354838709677 0.978971962616822
0.916666666666667 0.978971962616822
0.916666666666667 0.978971962616822
0.913978494623656 0.978971962616822
0.911290322580645 0.978971962616822
0.911290322580645 0.978971962616822
0.908602150537634 0.978971962616822
0.908602150537634 0.978971962616822
0.905913978494624 0.978971962616822
0.905913978494624 0.978971962616822
0.905913978494624 0.978971962616822
0.905913978494624 0.978971962616822
0.905913978494624 0.978971962616822
0.903225806451613 0.978971962616822
0.900537634408602 0.978971962616822
0.900537634408602 0.976635514018692
0.900537634408602 0.974299065420561
0.897849462365591 0.974299065420561
0.897849462365591 0.974299065420561
0.897849462365591 0.974299065420561
0.897849462365591 0.974299065420561
0.895161290322581 0.97196261682243
0.895161290322581 0.97196261682243
0.895161290322581 0.97196261682243
0.89247311827957 0.97196261682243
0.889784946236559 0.97196261682243
0.884408602150538 0.97196261682243
0.884408602150538 0.97196261682243
0.876344086021505 0.97196261682243
0.873655913978495 0.967289719626168
0.873655913978495 0.967289719626168
0.873655913978495 0.967289719626168
0.873655913978495 0.967289719626168
0.873655913978495 0.967289719626168
0.873655913978495 0.967289719626168
0.873655913978495 0.967289719626168
0.873655913978495 0.967289719626168
0.873655913978495 0.967289719626168
0.873655913978495 0.967289719626168
0.873655913978495 0.964953271028037
0.873655913978495 0.964953271028037
0.873655913978495 0.964953271028037
0.873655913978495 0.964953271028037
0.873655913978495 0.962616822429907
0.873655913978495 0.962616822429907
0.873655913978495 0.962616822429907
0.873655913978495 0.962616822429907
0.870967741935484 0.962616822429907
0.868279569892473 0.960280373831776
0.862903225806452 0.960280373831776
0.862903225806452 0.957943925233645
0.860215053763441 0.957943925233645
0.860215053763441 0.955607476635514
0.85752688172043 0.955607476635514
0.854838709677419 0.955607476635514
0.852150537634409 0.955607476635514
0.852150537634409 0.955607476635514
0.852150537634409 0.955607476635514
0.852150537634409 0.955607476635514
0.849462365591398 0.955607476635514
0.849462365591398 0.953271028037383
0.849462365591398 0.953271028037383
0.849462365591398 0.953271028037383
0.846774193548387 0.953271028037383
0.844086021505376 0.953271028037383
0.844086021505376 0.953271028037383
0.841397849462366 0.953271028037383
0.841397849462366 0.950934579439252
0.836021505376344 0.950934579439252
0.836021505376344 0.950934579439252
0.836021505376344 0.950934579439252
0.836021505376344 0.950934579439252
0.833333333333333 0.950934579439252
0.833333333333333 0.946261682242991
0.833333333333333 0.946261682242991
0.833333333333333 0.946261682242991
0.830645161290323 0.946261682242991
0.827956989247312 0.946261682242991
0.825268817204301 0.946261682242991
0.82258064516129 0.946261682242991
0.817204301075269 0.946261682242991
0.811827956989247 0.941588785046729
0.809139784946237 0.939252336448598
0.798387096774194 0.939252336448598
0.793010752688172 0.939252336448598
0.790322580645161 0.936915887850467
0.790322580645161 0.936915887850467
0.790322580645161 0.934579439252336
0.790322580645161 0.934579439252336
0.790322580645161 0.934579439252336
0.790322580645161 0.934579439252336
0.790322580645161 0.934579439252336
0.787634408602151 0.934579439252336
0.78494623655914 0.934579439252336
0.78494623655914 0.934579439252336
0.782258064516129 0.934579439252336
0.779569892473118 0.934579439252336
0.779569892473118 0.934579439252336
0.779569892473118 0.934579439252336
0.779569892473118 0.934579439252336
0.776881720430108 0.929906542056075
0.776881720430108 0.927570093457944
0.774193548387097 0.927570093457944
0.771505376344086 0.927570093457944
0.771505376344086 0.927570093457944
0.768817204301075 0.927570093457944
0.768817204301075 0.927570093457944
0.760752688172043 0.927570093457944
0.760752688172043 0.927570093457944
0.755376344086022 0.927570093457944
0.755376344086022 0.927570093457944
0.747311827956989 0.927570093457944
0.741935483870968 0.925233644859813
0.741935483870968 0.925233644859813
0.736559139784946 0.922897196261682
0.733870967741935 0.922897196261682
0.731182795698925 0.920560747663551
0.728494623655914 0.920560747663551
0.725806451612903 0.920560747663551
0.725806451612903 0.920560747663551
0.725806451612903 0.91588785046729
0.725806451612903 0.91588785046729
0.725806451612903 0.911214953271028
0.725806451612903 0.911214953271028
0.725806451612903 0.911214953271028
0.725806451612903 0.908878504672897
0.725806451612903 0.906542056074766
0.725806451612903 0.906542056074766
0.725806451612903 0.904205607476635
0.725806451612903 0.899532710280374
0.723118279569892 0.897196261682243
0.723118279569892 0.892523364485981
0.720430107526882 0.892523364485981
0.71505376344086 0.89018691588785
0.71505376344086 0.89018691588785
0.712365591397849 0.89018691588785
0.712365591397849 0.89018691588785
0.712365591397849 0.89018691588785
0.709677419354839 0.89018691588785
0.709677419354839 0.89018691588785
0.706989247311828 0.89018691588785
0.704301075268817 0.88785046728972
0.701612903225806 0.88785046728972
0.701612903225806 0.88785046728972
0.701612903225806 0.88785046728972
0.701612903225806 0.885514018691589
0.701612903225806 0.883177570093458
0.698924731182796 0.883177570093458
0.696236559139785 0.883177570093458
0.690860215053763 0.883177570093458
0.690860215053763 0.883177570093458
0.688172043010753 0.883177570093458
0.688172043010753 0.878504672897196
0.685483870967742 0.878504672897196
0.682795698924731 0.878504672897196
0.682795698924731 0.878504672897196
0.68010752688172 0.878504672897196
0.672043010752688 0.878504672897196
0.666666666666667 0.878504672897196
0.658602150537634 0.876168224299065
0.658602150537634 0.876168224299065
0.655913978494624 0.873831775700935
0.64247311827957 0.873831775700935
0.64247311827957 0.871495327102804
0.631720430107527 0.871495327102804
0.626344086021505 0.869158878504673
0.620967741935484 0.869158878504673
0.620967741935484 0.864485981308411
0.620967741935484 0.864485981308411
0.618279569892473 0.864485981308411
0.612903225806452 0.864485981308411
0.610215053763441 0.864485981308411
0.604838709677419 0.864485981308411
0.599462365591398 0.864485981308411
0.596774193548387 0.864485981308411
0.591397849462366 0.864485981308411
0.591397849462366 0.864485981308411
0.591397849462366 0.864485981308411
0.588709677419355 0.864485981308411
0.580645161290323 0.85981308411215
0.57258064516129 0.85981308411215
0.57258064516129 0.85981308411215
0.567204301075269 0.85981308411215
0.561827956989247 0.85981308411215
0.561827956989247 0.85981308411215
0.559139784946237 0.852803738317757
0.556451612903226 0.852803738317757
0.556451612903226 0.852803738317757
0.553763440860215 0.852803738317757
0.551075268817204 0.848130841121495
0.551075268817204 0.843457943925234
0.551075268817204 0.843457943925234
0.548387096774194 0.843457943925234
0.545698924731183 0.841121495327103
0.540322580645161 0.841121495327103
0.537634408602151 0.841121495327103
0.537634408602151 0.841121495327103
0.537634408602151 0.841121495327103
0.537634408602151 0.841121495327103
0.53494623655914 0.841121495327103
0.53494623655914 0.838785046728972
0.53494623655914 0.838785046728972
0.53494623655914 0.838785046728972
0.524193548387097 0.831775700934579
0.521505376344086 0.831775700934579
0.518817204301075 0.831775700934579
0.518817204301075 0.831775700934579
0.518817204301075 0.829439252336449
0.518817204301075 0.829439252336449
0.518817204301075 0.829439252336449
0.516129032258065 0.829439252336449
0.510752688172043 0.829439252336449
0.5 0.827102803738318
0.497311827956989 0.824766355140187
0.497311827956989 0.824766355140187
0.497311827956989 0.822429906542056
0.497311827956989 0.822429906542056
0.494623655913978 0.820093457943925
0.494623655913978 0.820093457943925
0.491935483870968 0.815420560747664
0.489247311827957 0.813084112149533
0.489247311827957 0.810747663551402
0.483870967741935 0.808411214953271
0.483870967741935 0.808411214953271
0.475806451612903 0.808411214953271
0.473118279569892 0.808411214953271
0.470430107526882 0.808411214953271
0.467741935483871 0.80607476635514
0.46505376344086 0.80607476635514
0.46505376344086 0.80607476635514
0.459677419354839 0.801401869158878
0.456989247311828 0.799065420560748
0.451612903225806 0.799065420560748
0.451612903225806 0.799065420560748
0.451612903225806 0.799065420560748
0.451612903225806 0.799065420560748
0.451612903225806 0.796728971962617
0.448924731182796 0.796728971962617
0.448924731182796 0.794392523364486
0.446236559139785 0.794392523364486
0.446236559139785 0.792056074766355
0.443548387096774 0.787383177570093
0.443548387096774 0.785046728971963
0.440860215053763 0.782710280373832
0.440860215053763 0.782710280373832
0.438172043010753 0.77803738317757
0.435483870967742 0.77803738317757
0.435483870967742 0.77803738317757
0.435483870967742 0.771028037383178
0.432795698924731 0.771028037383178
0.432795698924731 0.768691588785047
0.432795698924731 0.768691588785047
0.432795698924731 0.768691588785047
0.432795698924731 0.768691588785047
0.43010752688172 0.768691588785047
0.43010752688172 0.768691588785047
0.424731182795699 0.766355140186916
0.422043010752688 0.766355140186916
0.413978494623656 0.766355140186916
0.411290322580645 0.766355140186916
0.408602150537634 0.764018691588785
0.403225806451613 0.764018691588785
0.403225806451613 0.764018691588785
0.403225806451613 0.764018691588785
0.403225806451613 0.764018691588785
0.397849462365591 0.759345794392523
0.397849462365591 0.759345794392523
0.395161290322581 0.754672897196262
0.395161290322581 0.752336448598131
0.395161290322581 0.752336448598131
0.395161290322581 0.75
0.395161290322581 0.75
0.395161290322581 0.75
0.387096774193548 0.747663551401869
0.387096774193548 0.747663551401869
0.387096774193548 0.747663551401869
0.384408602150538 0.745327102803738
0.384408602150538 0.745327102803738
0.376344086021505 0.745327102803738
0.376344086021505 0.745327102803738
0.376344086021505 0.742990654205608
0.373655913978495 0.740654205607477
0.370967741935484 0.738317757009346
0.368279569892473 0.738317757009346
0.365591397849462 0.735981308411215
0.365591397849462 0.733644859813084
0.362903225806452 0.731308411214953
0.362903225806452 0.731308411214953
0.354838709677419 0.72196261682243
0.352150537634409 0.72196261682243
0.352150537634409 0.72196261682243
0.352150537634409 0.72196261682243
0.352150537634409 0.719626168224299
0.344086021505376 0.714953271028037
0.344086021505376 0.714953271028037
0.341397849462366 0.712616822429907
0.341397849462366 0.707943925233645
0.341397849462366 0.705607476635514
0.341397849462366 0.705607476635514
0.341397849462366 0.703271028037383
0.341397849462366 0.703271028037383
0.341397849462366 0.703271028037383
0.336021505376344 0.703271028037383
0.330645161290323 0.703271028037383
0.330645161290323 0.696261682242991
0.327956989247312 0.696261682242991
0.32258064516129 0.689252336448598
0.32258064516129 0.689252336448598
0.31989247311828 0.689252336448598
0.31989247311828 0.686915887850467
0.31989247311828 0.686915887850467
0.317204301075269 0.684579439252336
0.311827956989247 0.679906542056075
0.311827956989247 0.677570093457944
0.309139784946237 0.672897196261682
0.306451612903226 0.670560747663551
0.306451612903226 0.668224299065421
0.303763440860215 0.668224299065421
0.301075268817204 0.668224299065421
0.301075268817204 0.66588785046729
0.301075268817204 0.663551401869159
0.301075268817204 0.663551401869159
0.298387096774194 0.663551401869159
0.295698924731183 0.658878504672897
0.295698924731183 0.656542056074766
0.293010752688172 0.656542056074766
0.293010752688172 0.656542056074766
0.293010752688172 0.651869158878505
0.293010752688172 0.651869158878505
0.293010752688172 0.649532710280374
0.287634408602151 0.647196261682243
0.28494623655914 0.647196261682243
0.276881720430108 0.64018691588785
0.274193548387097 0.63785046728972
0.271505376344086 0.635514018691589
0.268817204301075 0.633177570093458
0.266129032258065 0.633177570093458
0.266129032258065 0.628504672897196
0.266129032258065 0.628504672897196
0.266129032258065 0.621495327102804
0.266129032258065 0.621495327102804
0.263440860215054 0.621495327102804
0.263440860215054 0.619158878504673
0.258064516129032 0.619158878504673
0.255376344086022 0.619158878504673
0.25 0.614485981308411
0.247311827956989 0.614485981308411
0.247311827956989 0.61214953271028
0.247311827956989 0.61214953271028
0.247311827956989 0.60981308411215
0.247311827956989 0.60981308411215
0.244623655913978 0.60981308411215
0.244623655913978 0.607476635514019
0.241935483870968 0.602803738317757
0.241935483870968 0.602803738317757
0.236559139784946 0.602803738317757
0.233870967741935 0.602803738317757
0.231182795698925 0.600467289719626
0.231182795698925 0.598130841121495
0.225806451612903 0.593457943925234
0.225806451612903 0.588785046728972
0.223118279569892 0.588785046728972
0.223118279569892 0.588785046728972
0.217741935483871 0.588785046728972
0.21505376344086 0.586448598130841
0.21505376344086 0.586448598130841
0.21505376344086 0.586448598130841
0.21505376344086 0.586448598130841
0.21505376344086 0.58411214953271
0.212365591397849 0.58411214953271
0.212365591397849 0.58411214953271
0.212365591397849 0.58411214953271
0.209677419354839 0.58411214953271
0.209677419354839 0.58411214953271
0.206989247311828 0.58411214953271
0.206989247311828 0.58411214953271
0.204301075268817 0.58411214953271
0.204301075268817 0.581775700934579
0.204301075268817 0.579439252336449
0.204301075268817 0.574766355140187
0.204301075268817 0.574766355140187
0.201612903225806 0.570093457943925
0.201612903225806 0.570093457943925
0.198924731182796 0.570093457943925
0.198924731182796 0.567757009345794
0.196236559139785 0.565420560747664
0.196236559139785 0.563084112149533
0.196236559139785 0.560747663551402
0.196236559139785 0.560747663551402
0.193548387096774 0.558411214953271
0.193548387096774 0.558411214953271
0.193548387096774 0.558411214953271
0.193548387096774 0.55607476635514
0.188172043010753 0.55607476635514
0.185483870967742 0.551401869158878
0.185483870967742 0.542056074766355
0.185483870967742 0.542056074766355
0.182795698924731 0.539719626168224
0.182795698924731 0.539719626168224
0.182795698924731 0.537383177570093
0.182795698924731 0.537383177570093
0.182795698924731 0.532710280373832
0.182795698924731 0.525700934579439
0.182795698924731 0.525700934579439
0.18010752688172 0.521028037383178
0.18010752688172 0.511682242990654
0.18010752688172 0.511682242990654
0.18010752688172 0.511682242990654
0.18010752688172 0.509345794392523
0.18010752688172 0.507009345794392
0.18010752688172 0.507009345794392
0.18010752688172 0.507009345794392
0.18010752688172 0.507009345794392
0.18010752688172 0.507009345794392
0.18010752688172 0.507009345794392
0.174731182795699 0.502336448598131
0.174731182795699 0.502336448598131
0.174731182795699 0.502336448598131
0.174731182795699 0.502336448598131
0.172043010752688 0.5
0.172043010752688 0.497663551401869
0.172043010752688 0.495327102803738
0.172043010752688 0.492990654205608
0.172043010752688 0.492990654205608
0.172043010752688 0.492990654205608
0.172043010752688 0.490654205607477
0.169354838709677 0.485981308411215
0.163978494623656 0.485981308411215
0.158602150537634 0.483644859813084
0.158602150537634 0.481308411214953
0.158602150537634 0.481308411214953
0.158602150537634 0.478971962616822
0.155913978494624 0.478971962616822
0.153225806451613 0.474299065420561
0.153225806451613 0.474299065420561
0.153225806451613 0.474299065420561
0.150537634408602 0.474299065420561
0.150537634408602 0.474299065420561
0.150537634408602 0.47196261682243
0.150537634408602 0.47196261682243
0.150537634408602 0.47196261682243
0.150537634408602 0.47196261682243
0.150537634408602 0.467289719626168
0.150537634408602 0.464953271028037
0.150537634408602 0.462616822429907
0.147849462365591 0.460280373831776
0.145161290322581 0.460280373831776
0.14247311827957 0.460280373831776
0.14247311827957 0.457943925233645
0.137096774193548 0.457943925233645
0.137096774193548 0.455607476635514
0.134408602150538 0.455607476635514
0.134408602150538 0.453271028037383
0.131720430107527 0.448598130841121
0.126344086021505 0.446261682242991
0.123655913978495 0.44392523364486
0.123655913978495 0.441588785046729
0.120967741935484 0.434579439252336
0.120967741935484 0.434579439252336
0.120967741935484 0.434579439252336
0.120967741935484 0.427570093457944
0.120967741935484 0.425233644859813
0.120967741935484 0.425233644859813
0.120967741935484 0.422897196261682
0.120967741935484 0.422897196261682
0.118279569892473 0.422897196261682
0.118279569892473 0.420560747663551
0.118279569892473 0.413551401869159
0.115591397849462 0.411214953271028
0.115591397849462 0.408878504672897
0.115591397849462 0.404205607476636
0.115591397849462 0.404205607476636
0.115591397849462 0.401869158878505
0.115591397849462 0.399532710280374
0.115591397849462 0.399532710280374
0.115591397849462 0.399532710280374
0.115591397849462 0.397196261682243
0.115591397849462 0.392523364485981
0.115591397849462 0.385514018691589
0.115591397849462 0.383177570093458
0.112903225806452 0.383177570093458
0.112903225806452 0.383177570093458
0.10752688172043 0.380841121495327
0.104838709677419 0.380841121495327
0.104838709677419 0.378504672897196
0.0994623655913978 0.376168224299065
0.0967741935483871 0.373831775700935
0.0967741935483871 0.373831775700935
0.0940860215053763 0.364485981308411
0.0940860215053763 0.364485981308411
0.0940860215053763 0.36214953271028
0.0940860215053763 0.35981308411215
0.0913978494623656 0.35981308411215
0.0887096774193548 0.35981308411215
0.0887096774193548 0.357476635514019
0.0887096774193548 0.352803738317757
0.0887096774193548 0.352803738317757
0.0887096774193548 0.341121495327103
0.0887096774193548 0.341121495327103
0.0887096774193548 0.341121495327103
0.0887096774193548 0.33411214953271
0.0887096774193548 0.33411214953271
0.0887096774193548 0.33411214953271
0.0860215053763441 0.33411214953271
0.0860215053763441 0.33411214953271
0.0779569892473118 0.33411214953271
0.0752688172043011 0.331775700934579
0.0752688172043011 0.331775700934579
0.0752688172043011 0.329439252336449
0.0752688172043011 0.329439252336449
0.0752688172043011 0.329439252336449
0.0752688172043011 0.329439252336449
0.0752688172043011 0.322429906542056
0.0752688172043011 0.317757009345794
0.0725806451612903 0.315420560747664
0.0725806451612903 0.310747663551402
0.0725806451612903 0.310747663551402
0.0725806451612903 0.308411214953271
0.0698924731182796 0.308411214953271
0.0672043010752688 0.308411214953271
0.0672043010752688 0.30607476635514
0.0672043010752688 0.30607476635514
0.0672043010752688 0.30607476635514
0.0672043010752688 0.30607476635514
0.0672043010752688 0.30607476635514
0.0672043010752688 0.30607476635514
0.0645161290322581 0.303738317757009
0.0645161290322581 0.301401869158879
0.0645161290322581 0.299065420560748
0.0645161290322581 0.296728971962617
0.0645161290322581 0.296728971962617
0.0645161290322581 0.296728971962617
0.0645161290322581 0.296728971962617
0.0645161290322581 0.296728971962617
0.0618279569892473 0.296728971962617
0.0618279569892473 0.296728971962617
0.0618279569892473 0.296728971962617
0.0618279569892473 0.292056074766355
0.0618279569892473 0.292056074766355
0.0618279569892473 0.289719626168224
0.0618279569892473 0.289719626168224
0.0591397849462366 0.287383177570093
0.0591397849462366 0.287383177570093
0.0564516129032258 0.285046728971963
0.0564516129032258 0.285046728971963
0.0564516129032258 0.285046728971963
0.0537634408602151 0.285046728971963
0.0537634408602151 0.27803738317757
0.0537634408602151 0.27803738317757
0.0537634408602151 0.27803738317757
0.0537634408602151 0.27803738317757
0.0510752688172043 0.27803738317757
0.0483870967741935 0.273364485981308
0.0483870967741935 0.273364485981308
0.0483870967741935 0.273364485981308
0.0456989247311828 0.273364485981308
0.0456989247311828 0.271028037383178
0.0456989247311828 0.271028037383178
0.0456989247311828 0.271028037383178
0.043010752688172 0.266355140186916
0.0376344086021505 0.266355140186916
0.0376344086021505 0.257009345794392
0.0349462365591398 0.257009345794392
0.0349462365591398 0.254672897196262
0.0349462365591398 0.254672897196262
0.0349462365591398 0.252336448598131
0.0349462365591398 0.252336448598131
0.032258064516129 0.245327102803738
0.032258064516129 0.238317757009346
0.032258064516129 0.233644859813084
0.032258064516129 0.228971962616822
0.032258064516129 0.228971962616822
0.032258064516129 0.228971962616822
0.032258064516129 0.228971962616822
0.0295698924731183 0.224299065420561
0.0295698924731183 0.22196261682243
0.0295698924731183 0.217289719626168
0.0295698924731183 0.217289719626168
0.0295698924731183 0.214953271028037
0.0295698924731183 0.214953271028037
0.0295698924731183 0.214953271028037
0.0295698924731183 0.214953271028037
0.0295698924731183 0.212616822429907
0.0295698924731183 0.212616822429907
0.0295698924731183 0.210280373831776
0.0295698924731183 0.207943925233645
0.0295698924731183 0.207943925233645
0.0295698924731183 0.205607476635514
0.0295698924731183 0.203271028037383
0.0295698924731183 0.200934579439252
0.0295698924731183 0.200934579439252
0.0295698924731183 0.200934579439252
0.0268817204301075 0.198598130841121
0.021505376344086 0.196261682242991
0.021505376344086 0.19392523364486
0.021505376344086 0.19392523364486
0.021505376344086 0.189252336448598
0.021505376344086 0.186915887850467
0.021505376344086 0.179906542056075
0.021505376344086 0.179906542056075
0.021505376344086 0.179906542056075
0.021505376344086 0.177570093457944
0.021505376344086 0.177570093457944
0.021505376344086 0.175233644859813
0.021505376344086 0.175233644859813
0.021505376344086 0.168224299065421
0.021505376344086 0.156542056074766
0.021505376344086 0.156542056074766
0.021505376344086 0.154205607476636
0.021505376344086 0.151869158878505
0.021505376344086 0.151869158878505
0.021505376344086 0.151869158878505
0.021505376344086 0.147196261682243
0.021505376344086 0.147196261682243
0.021505376344086 0.147196261682243
0.021505376344086 0.147196261682243
0.021505376344086 0.144859813084112
0.021505376344086 0.142523364485981
0.0188172043010753 0.14018691588785
0.0188172043010753 0.14018691588785
0.0188172043010753 0.13785046728972
0.0161290322580645 0.13785046728972
0.0161290322580645 0.13785046728972
0.0161290322580645 0.135514018691589
0.0134408602150538 0.135514018691589
0.0134408602150538 0.135514018691589
0.0134408602150538 0.133177570093458
0.0134408602150538 0.133177570093458
0.0134408602150538 0.133177570093458
0.0134408602150538 0.130841121495327
0.0134408602150538 0.126168224299065
0.0134408602150538 0.123831775700935
0.0134408602150538 0.121495327102804
0.0134408602150538 0.121495327102804
0.0134408602150538 0.119158878504673
0.0134408602150538 0.116822429906542
0.010752688172043 0.114485981308411
0.010752688172043 0.11214953271028
0.010752688172043 0.102803738317757
0.010752688172043 0.0911214953271028
0.010752688172043 0.0911214953271028
0.00806451612903226 0.0911214953271028
0.00806451612903226 0.088785046728972
0.00806451612903226 0.088785046728972
0.00806451612903226 0.088785046728972
0.00806451612903226 0.088785046728972
0.00806451612903226 0.0864485981308411
0.00806451612903226 0.0841121495327103
0.00806451612903226 0.0794392523364486
0.00806451612903226 0.0794392523364486
0.00806451612903226 0.0747663551401869
0.00806451612903226 0.0747663551401869
0.00806451612903226 0.0747663551401869
0.00806451612903226 0.0747663551401869
0.00806451612903226 0.0700934579439252
0.00806451612903226 0.0654205607476635
0.00268817204301075 0.0654205607476635
0.00268817204301075 0.0630841121495327
0.00268817204301075 0.0607476635514019
0.00268817204301075 0.058411214953271
0.00268817204301075 0.058411214953271
0.00268817204301075 0.058411214953271
0.00268817204301075 0.058411214953271
0.00268817204301075 0.058411214953271
0.00268817204301075 0.058411214953271
0.00268817204301075 0.058411214953271
0.00268817204301075 0.058411214953271
0.00268817204301075 0.058411214953271
0.00268817204301075 0.058411214953271
0.00268817204301075 0.0537383177570093
0.00268817204301075 0.0514018691588785
0.00268817204301075 0.0467289719626168
0.00268817204301075 0.0467289719626168
0.00268817204301075 0.0467289719626168
0.00268817204301075 0.044392523364486
0.00268817204301075 0.044392523364486
0.00268817204301075 0.044392523364486
0.00268817204301075 0.044392523364486
0.00268817204301075 0.0420560747663551
0.00268817204301075 0.0420560747663551
0.00268817204301075 0.0373831775700935
0.00268817204301075 0.0350467289719626
0.00268817204301075 0.0350467289719626
0.00268817204301075 0.0327102803738318
0.00268817204301075 0.0280373831775701
0.00268817204301075 0.0257009345794393
0.00268817204301075 0.0186915887850467
0.00268817204301075 0.0163551401869159
0.00268817204301075 0.0163551401869159
0.00268817204301075 0.0163551401869159
0.00268817204301075 0.0163551401869159
0.00268817204301075 0.0163551401869159
0.00268817204301075 0.0163551401869159
0.00268817204301075 0.0163551401869159
0.00268817204301075 0.014018691588785
0.00268817204301075 0.014018691588785
0.00268817204301075 0.014018691588785
0.00268817204301075 0.014018691588785
0.00268817204301075 0.0116822429906542
0.00268817204301075 0.0116822429906542
0.00268817204301075 0.0116822429906542
0.00268817204301075 0.0116822429906542
0.00268817204301075 0.00700934579439252
0.00268817204301075 0.00467289719626168
0.00268817204301075 0.00467289719626168
0.00268817204301075 0.00467289719626168
0.00268817204301075 0.00467289719626168
0.00268817204301075 0.00233644859813084
0.00268817204301075 0.00233644859813084
0.00268817204301075 0.00233644859813084
0.00268817204301075 0.00233644859813084
0.00268817204301075 0.00233644859813084
0.00268817204301075 0.00233644859813084
0.00268817204301075 0.00233644859813084
0.00268817204301075 0.00233644859813084
0.00268817204301075 0.00233644859813084
0.00268817204301075 0.00233644859813084
0.00268817204301075 0.00233644859813084
0.00268817204301075 0.00233644859813084
0.00268817204301075 0
0.00268817204301075 0
0.00268817204301075 0
0.00268817204301075 0
0.00268817204301075 0
0.00268817204301075 0
0.00268817204301075 0
0.00268817204301075 0
0.00268817204301075 0
0.00268817204301075 0
0.00268817204301075 0
0.00268817204301075 0
0.00268817204301075 0
0.00268817204301075 0
0.00268817204301075 0
0.00268817204301075 0
0.00268817204301075 0
0.00268817204301075 0
0.00268817204301075 0
0.00268817204301075 0
0.00268817204301075 0
0.00268817204301075 0
0.00268817204301075 0
0.00268817204301075 0
0.00268817204301075 0
0.00268817204301075 0
0.00268817204301075 0
0.00268817204301075 0
0.00268817204301075 0
0.00268817204301075 0
0.00268817204301075 0
0.00268817204301075 0
0.00268817204301075 0
0.00268817204301075 0
0 0
0 0
0 0
0 0
0 0
0 0
0 0
0 0
0 0
0 0
0 0
0 0
0 0
0 0
0 0
0 0
0 0
0 0
0 0
0 0
0 0
0 0
0 0
0 0
0 0
0 0
