x y
0.8508008239240683 0.306573493926812
0.5143430746729113 0.11100204719656284
0.9018235503412603 0.2567948202091932
0.41404710309840925 0.2997625117191078
0.37077134545716167 0.2728311698868904
0.9025196148157634 0.22746682322402095
0.9357041113351335 0.18847665087250878
0.8508008239240683 0.24551661567330793
0.7072332970070077 0.18057337004389057
0.5620427029078474 0.2534968853002306
0.1647130627726543 0.21277431187230406
0.8311657294307693 0.23423515296260666
0.874073564227872 0.19367291749392507
0.8599536549042147 0.1685702614193976
0.8942501813429684 0.29445062992297255
0.5848382622718069 0.29987161096879966
0.8653065789913934 0.2181065454262573
0.9265662884472989 0.16169674915935714
0.7030759580017125 0.2776063304626275
0.5040667724685628 0.22631232561783515
0.8339631946222751 0.23145902735268614
0.8592002846389597 0.13906946429568837
0.34195842776376556 0.1611511461920081
0.74742632062055 0.2413542326979998
0.4498634245554392 0.11821751691040243
0.5926193521924427 0.11497467907395512
0.838774279170489 0.1263328547170878
0.5911189693131801 0.2553677769887576
0.7187157996425276 0.19967898710997906
0.5642940316293187 0.14722670488461817
0.5290454763197071 0.14670977551874445
0.7078993494157417 0.15153020452207352
0.6228974886124031 0.22020924195983274
0.9556580339627737 0.2120084184186854
0.7436942120387 0.15513024588472674
0.9012361975311921 0.20188067038457352
0.373009176962378 0.15999601979442868
0.6883924451071303 0.21796702895478565
0.37155900913843315 0.12252656285123989
0.9436128674005303 0.14576718562558477
0.9463437309459736 0.30656929485686246
0.8643676394103155 0.20050084024681253
0.6144697681485117 0.26156997078184685
0.3090444909246722 0.25979442079733084
0.8365596036486888 0.285436860231143
0.40041619503607934 0.25756327283081065
0.9447129562366615 0.14533456227668293
0.887896632486333 0.29982633331993214
0.5287865944307609 0.17581806949500903
0.41605712055941363 0.12438827633517476
0.8977644843706692 0.17471633395990274
0.23397144580557822 0.23102813837481564
0.7825448558178213 0.2801988637214925
0.7626668507868025 0.24737435747651473
0.6582756783343563 0.18500884179087343
0.3851603285799688 0.20613462043354996
0.8582356944560373 0.3027217902966757
0.685127221969326 0.11003790816917747
0.8526219726103653 0.11930312283912367
0.7855724835903733 0.2970802572838709
0.7200622134724111 0.16968109322496283
0.524954343553708 0.24764981060719463
0.8577878370946342 0.21102254823528477
0.52287853930362 0.2036164681372351
0.9393166671484949 0.2540000240577588
0.7502228624318781 0.14895174641272763
0.7666907141761189 0.24149271588025023
0.49168469223714684 0.1744913595551426
0.8582356944560373 0.20836473864159724
0.8763900761478908 0.20718131305889403
0.4186565446359134 0.3013347789189415
0.48833224888046506 0.23140772002878324
0.7942479102112691 0.2191247673520179
0.6138705067543673 0.2554132052922745
0.8176776592269158 0.2902324022722722
0.7583017190777522 0.13582043332403665
0.7534659552535279 0.13170594243740352
0.5938899632356269 0.15840152223085044
0.9587812627740236 0.17732475106755324
0.7990221434776733 0.2608804489071542
0.7416586399462997 0.21826931265104355
0.7247079100099612 0.2494876628563373
0.8234742105549648 0.1210449346711883
0.6293654007308418 0.29614781293569115
0.6592389728716272 0.13359567499860253
0.7344561600284436 0.20243852368457016
0.148642914215365 0.16686213762982105
0.9285256451040883 0.2323533117210892
0.749718533262876 0.2040629340829455
0.4897361083561496 0.25959463497620394
0.7771732727090465 0.18689860030064248
0.45024078438897436 0.2426473232619902
0.23397144580557822 0.20628727804581987
0.6768840488680745 0.11356414773067539
0.9106082063274927 0.2967688825672571
0.5859267335800036 0.12374634739205395
0.8017837321090444 0.19534159870461024
0.5700939579808222 0.2725639870884386
0.5852496585553216 0.12553044707622468
0.7412342981822179 0.1572987807736062
0.5660981055347969 0.12868983188219596
0.4501979399705688 0.2860375000349729
0.5052989605998496 0.1482813033641211
0.8571633887603971 0.2490058704294645
0.6291946133860776 0.30713480166924434
0.9131208797523178 0.2576643226410504
0.44979420516640145 0.16701303413142382
0.7285872642670477 0.11648044645862854
0.7896905480520846 0.24901162607268376
0.8931464358131143 0.2249711310653278
0.7502716690675385 0.19087283236012403
0.7310931706539012 0.1659668193049204
0.5400428815469925 0.1981942473121195
0.5148800554758977 0.25196567227818467
0.8747411187652022 0.11212061410667562
0.7470673206481303 0.25685777437605717
0.5998975404849869 0.2862639282335724
0.7038057635830438 0.23940891630307254
0.8017837321090444 0.1336906785601803
0.5376399544725856 0.29867256901603334
0.8035033668735393 0.2773657164057297
0.7815634425970843 0.28590559652378006
0.7855251813273372 0.18571120618007608
0.593367059479347 0.2625700536274915
0.6039440518475777 0.1182633102807598
0.4573256936369736 0.18132228414296253
0.5199703379386839 0.17800232965083362
0.44998634827379913 0.24362180376318307
0.5568217318551926 0.17023171898851344
0.6552094570187874 0.1991196398738469
0.8973601800835473 0.2336073083472781
0.6875878263392183 0.24741467756794386
0.5138757006011342 0.2630504095759605
0.4006072977381882 0.12441722007406475
0.8552346636986272 0.12394572353048339
0.24887241606530575 0.1548660328085709
0.5231657760321761 0.1935191273929729
0.6035219762785451 0.2483981975609754
0.7567911995667288 0.3032431981902224
0.6669936779299229 0.11162602720876917
0.892226257942603 0.15023603539489366
0.6552094570187874 0.1970305883340545
0.7109161151190689 0.21098473464656448
0.9398546407079426 0.2221097591942403
0.20564952569054412 0.2950564297208098
0.4363552141695366 0.2668547578374102
0.9331140554626657 0.13525835017487592
0.5386435348496581 0.157813073547937
0.43144942853504387 0.18915649296007508
0.891754623558505 0.24182692046901363
0.8824559023626749 0.17069870904133147
0.8054290680603275 0.1250605436078654
0.701253793898951 0.13420467766288793
0.18470618883855988 0.20038894203933794
0.38334729808808915 0.30842784138153323
0.7323310881756934 0.22809253286203807
0.5864968740818068 0.17289118639488324
0.8785694425918147 0.21890171242658146
0.2710626431058873 0.11607459510892677
0.8101633635804749 0.11086997739683058
0.5660981055347969 0.1356596739249278
0.5059855854083588 0.11988978535669174
0.6646631888913307 0.14914858642217563
0.891909201213129 0.2926355535215215
0.8781644147966766 0.17392648104176744
0.9495873518374908 0.20392691104522676
0.8128328352144876 0.1386450916878988
0.40041619503607934 0.1946234458489681
0.644112308958133 0.13068407462252285
0.8612830087593737 0.11903193015213161
0.9182663501153304 0.13064040149841072
0.7147317367122341 0.25179651719135315
0.7073466043960325 0.17011187230791452
0.7804556712049365 0.21548176691935678
0.39990914108951864 0.3006441921863958
0.9091309774826747 0.29787608204289867
0.8223969271905056 0.22335000863741067
0.7812134051950225 0.2953157182091981
0.6432510656227487 0.20589119340445994
0.715072997607472 0.2159713716418922
0.2957333896567731 0.15852252274022613
0.6355370667536743 0.2974921581127561
0.6556480544222223 0.17641455936258327
0.7588866945994421 0.16413942687351818
0.5791441096097694 0.190267272930301
0.45742849652636813 0.2856850298838509
0.9214655729919048 0.1349815363874985
0.5885387255345997 0.1759945641586026
0.5974748095004724 0.13717792194730463
0.5265724382624858 0.21852398736276468
0.9643275955952582 0.2011448539696174
0.6999789977228134 0.16828797160709272
0.5097893922257868 0.11293099389688617
0.7395786417093912 0.1717185105176533
0.5700939579808222 0.27453567522221356
0.17913661920600224 0.2760587215252299
0.511552582652811 0.2983902336739648
0.9496331394244855 0.13034471335620285
0.8311657294307693 0.17216233545905796
0.8745201228422111 0.12822854624892363
0.6635976320814077 0.14328807257066675
0.45367050064018505 0.20783754255774917
0.6786144162729468 0.2659161668863049
0.6903436648895216 0.30466383358285276
0.39854613627344715 0.24999118343236104
0.6552094570187874 0.15583171292431441
0.6582756783343563 0.24688474263528715
0.666663929112248 0.2500674821974139
0.9110959218137161 0.238034124791815
0.8310148544201718 0.23041593685564643
0.8776159487883949 0.17763245356777374
0.8821520017972391 0.20531101916285138
0.8980500626307818 0.1447053416706391
0.5040667724685628 0.1759168156922784
0.7038190884816116 0.13358036335049933
0.8160272690064155 0.1137050238862801
0.7738833730793688 0.20141682557847573
0.622058439546862 0.2185379956486026
0.82290168794228 0.26477485550366947
0.3628274251630214 0.23673192188990896
0.6577716377915175 0.2648365104112218
0.8496948059520486 0.22825777262921654
0.7518074610838379 0.11064933419810616
0.7663809682127306 0.17270444225419582
0.5082172989154445 0.21652312975339572
0.9350158427958515 0.24580758040729597
0.9490199389550397 0.27756125407050514
0.30933546544046114 0.19088140011097438
0.6433541300054513 0.1834533041038902
0.3153052825453088 0.2837699501971406
0.558934214513889 0.26149742413709
0.42765120319065936 0.1873714715382059
0.6612776494500396 0.1287210315992689
0.8455496299157648 0.19686502198625322
0.82290168794228 0.11517492714046355
0.8489982993943853 0.11053531618780041
0.6320977977783816 0.113528588277698
0.9245184016188556 0.11758943448708226
0.6396746974911146 0.1805876520476547
0.1923477448310132 0.16595919527635886
0.4848777932631278 0.12672278632434308
0.7746193053998403 0.19491454889738574
0.2503089707901217 0.17833145646086584
0.8614298080667911 0.14696658503285617
0.727834933725961 0.30079802851019033
0.9171115144882915 0.24548309248365136
0.7569536261565841 0.11814385307447202
0.5815406524913359 0.1359255864596549
0.7406510339211431 0.30649087602033387
0.34873487354652405 0.17645599935929218
0.4383511351511369 0.15292356857932954
0.6407018554454736 0.115187851020183
0.6618919743624858 0.30346503530007196
0.3469699268013806 0.24279531273878263
0.6682153853446761 0.257086012438429
0.9436546364751729 0.18757266314437065
0.19426718148318176 0.21582913962520156
0.766541877666442 0.21445909658278928
0.9055867187844641 0.13849332435655218
0.2710626431058873 0.30285441307614486
0.48969565034490836 0.1753207588824458
0.8583600538592644 0.13143474181331732
0.593367059479347 0.1886482891367216
0.833702996533415 0.23163899891796796
0.8719694147516687 0.12351348093798353
0.26836249570924864 0.12628480922928914
0.6112319143456021 0.28267061876409416
0.6386813724278095 0.26430144020777324
0.6355370667536743 0.1362571700709328
0.9094098965846122 0.2013851833440204
0.3727905299430692 0.171532232041063
0.5911840327917129 0.1836616723965609
0.5632619135998758 0.295457106606241
0.5794736936493317 0.19254075857718383
0.736797895583152 0.21695298549344935
0.7927934680510573 0.3081885941079183
0.8672673893850107 0.27266300993409015
0.4081148498786813 0.17359751018304137
0.5229568657843543 0.11931193308035255
0.7590024847301724 0.2032672853403228
0.3153052825453088 0.12602530535804995
0.41811277303489225 0.12544019334692352
0.5714096604947578 0.2146066542803009
0.1372476291642784 0.11673112298393573
0.4912523599940232 0.23931131341397585
0.8768317172195752 0.1767980555277217
0.4132146544065189 0.2261777644200763
0.8986784374388983 0.18956787227035526
0.7260291048903837 0.2364771893954412
0.8283542993700767 0.18110111840850263
0.6371145396709553 0.27046366864091365
0.48075828480160065 0.3059588670449346
0.8399912530118642 0.23971401277744653
0.5205367747173267 0.1886813504103796
0.8008270412692887 0.15833528835817914
0.7451646412660049 0.12581760747639775
0.9110959218137161 0.14002544040018822
0.7901549754050919 0.22894477870186708
0.7217680276238471 0.15211098495527486
0.8643092197530848 0.14283154359179445
0.9065008840512079 0.225643802747571
0.8655464124670703 0.19514443261095793
0.7575005114718368 0.2164094100914314
0.8838124073344088 0.25146217842199375
0.3280435425676973 0.1844252023593178
0.9539184318523074 0.2720741756083206
0.837929303586499 0.29756217553264597
0.7905337253795119 0.17818858549471844
0.39201126355719723 0.16608213135187888
0.8386892403903424 0.23911793488946806
0.5305497059167897 0.2989756276611186
0.5066379526226358 0.11646420601376335
0.9511163995819534 0.15428543139491374
0.6259834210963915 0.16425417072061566
0.24973291826935093 0.25810575872594743
0.5568217318551926 0.2696243794019366
0.9110959218137161 0.162862265011505
0.7454680727353254 0.19611952981315683
0.9274344450783806 0.17152732742024288
0.793060894209598 0.12293936617925967
0.3443056140392339 0.19334426290505502
0.4491255650503174 0.204548683346154
0.8035131215097551 0.2785481902932564
0.5678196890657724 0.19961313039706563
0.7386231547951003 0.2569480505487285
0.41605712055941363 0.24653410151808305
0.8496948059520486 0.3086210543330948
0.9094098965846122 0.13391076655524273
0.6257285667019905 0.23675165887322097
0.552394580775862 0.2848372125506624
0.30994686611508465 0.16126580068914104
0.5883767266390237 0.16910042692374408
0.747982596750943 0.1931373290799145
0.8310834243022502 0.29855384796877416
0.9094159751514896 0.2978238376864275
0.8965649581911677 0.11868981916034156
0.4642246635581254 0.17758580873218688
0.7532621655999535 0.23582280694124177
0.32334945780680385 0.14187489632983907
0.5690596059572361 0.19222178002157347
0.1372476291642784 0.11158954218503092
0.31750329922163223 0.18846368722925222
0.9010357671274548 0.1695836263753187
0.5069591618669853 0.1519728843330947
0.4431259584718134 0.25236014744168955
0.6778131127936681 0.14785582912404524
0.7532621655999535 0.15020809312665512
0.24586091419232306 0.29682158532425285
0.7746193053998403 0.21214663407956086
0.9325668800436695 0.14478460073504668
0.8592002846389597 0.2278570530418741
0.6060747703679866 0.1621862340431826
0.7010885421203198 0.15065846602690297
0.2799176740874433 0.20306675206660543
0.46944993037920124 0.20744395612661853
0.5512810584487057 0.28858116089543895
0.552287303016519 0.2676401845870623
0.9151265503619119 0.2863804148051559
0.8304382266369951 0.185715214266612
0.6834048043600613 0.3089710932487604
0.7164889905054478 0.1550409632865936
0.6437730427079974 0.21227326154466564
0.8858622833903436 0.11792936566439305
0.5246592643589826 0.13950676665233058
0.7700202383006699 0.18837644182955493
0.895628546454539 0.25963999148822503
0.7664439651961843 0.2040727556151194
0.7066435784509705 0.12300892189514363
0.6014486954755667 0.2809754314223952
0.6552094570187874 0.13742719198566553
0.7825448558178213 0.11380226243240679
0.6811319968218397 0.24333688822902785
0.8722008857715532 0.28457083204790123
0.8980500626307818 0.2704267933251265
0.4930624868368641 0.3063959055342582
0.597739396617363 0.25821205614289844
0.5870607776032304 0.2175797903504476
0.5690338327363532 0.2012219524933473
0.7349890245357328 0.1972234668201578
0.5714096604947578 0.2796961592473469
0.5632619135998758 0.23401161731139947
0.7239104037746024 0.23893564076066823
0.9146192064448703 0.2918014687560416
0.6446256906202794 0.2698004339815186
0.874499054603968 0.29607936682176417
0.41595238876436097 0.2516329147482368
0.3913141773705955 0.30606013864661186
0.35716093595111975 0.2574201491974267
0.7944924102346249 0.2427817052640955
0.5778737902051472 0.1877799898525857
0.3280435425676973 0.11836762723091235
0.5872230408407024 0.15945745646988393
0.8672673893850107 0.18400350743392263
0.27470042108763165 0.2989856712681158
0.3501699304092696 0.24939318605185043
0.6811319968218397 0.2249916029561274
0.8942339932126367 0.2973053033839347
0.8438185883577402 0.25661502089908406
0.691521846337059 0.30216444266801523
0.9277172189698597 0.3018314441815044
0.9383226218478556 0.30291725973230416
0.4218013451613164 0.1303410891671553
0.9518605972670193 0.22347973905989943
0.31861099882425215 0.22834350200989706
0.6932969309334458 0.27175087240940593
0.8551429330634177 0.17123896786696963
0.644112308958133 0.26363620054198855
0.2610009986847278 0.14014909100661246
0.9457262881623839 0.24948216732048456
0.8223838596500014 0.2920074787619479
0.7191491242299248 0.19770019666368802
0.9277102715776581 0.21917071083138895
0.8193883615948316 0.2504733450521663
0.3457356703541087 0.29031723414730476
0.44592276420788146 0.18780966755903905
0.9225685448552411 0.23802847361179275
0.6011519308706458 0.18366942336350267
0.7360026800695633 0.2611277444956325
0.7929151253776691 0.29626571427783993
0.715072997607472 0.21427560426072317
0.9274344450783806 0.23065690625140467
0.48050571349686955 0.24811047091458974
0.8828085151115097 0.27590212578013495
0.9429188359435738 0.19409242025727605
0.5709453038753749 0.13766244599641414
0.8310148544201718 0.19265816677816056
0.2666893624116138 0.11173953154951621
0.3234823701228527 0.20601806660501892
