1 1
1 1
1 1
1 1
1 1
1 1
1 1
1 1
1 1
1 1
1 1
1 1
1 1
1 1
1 1
1 1
1 1
1 1
1 1
1 1
1 1
1 1
0.998795180722892 1
0.998793727382388 1
0.997590361445783 1
0.997590361445783 1
0.997590361445783 1
0.997590361445783 1
0.997590361445783 1
0.997590361445783 1
0.997587454764777 1
0.996385542168675 1
0.996385542168675 1
0.996385542168675 1
0.996385542168675 1
0.996385542168675 1
0.996385542168675 1
0.996385542168675 1
0.996385542168675 1
0.996385542168675 1
0.995186522262335 1
0.995186522262335 1
0.995180722891566 1
0.995180722891566 1
0.995180722891566 1
0.995180722891566 1
0.995180722891566 1
0.995180722891566 1
0.995180722891566 1
0.995180722891566 1
0.995180722891566 1
0.993983152827918 1
0.993983152827918 1
0.993983152827918 1
0.993983152827918 1
0.993983152827918 1
0.993983152827918 1
0.993983152827918 1
0.993968636911942 1
0.993968636911942 1
0.993968636911942 1
0.993968636911942 1
0.993968636911942 1
0.993968636911942 1
0.993968636911942 1
0.993968636911942 1
0.993968636911942 1
0.993968636911942 1
0.993968636911942 1
0.993968636911942 1
0.993968636911942 1
0.993961352657005 1
0.993961352657005 1
0.991566265060241 1
0.991556091676719 1
0.991556091676719 1
0.991545893719807 1
0.991545893719807 1
0.991545893719807 1
0.991535671100363 1
0.991535671100363 1
0.991535671100363 1
0.990326481257557 1
0.99030303030303 1
0.99030303030303 1
0.99030303030303 1
0.99030303030303 1
0.99030303030303 1
0.99030303030303 1
0.98910411622276 1
0.98910411622276 1
0.98910411622276 1
0.98910411622276 1
0.98910411622276 1
0.98910411622276 1
0.987908101571947 1
0.987908101571947 1
0.987908101571947 1
0.987908101571947 1
0.987908101571947 1
0.986714975845411 1
0.986714975845411 1
0.98433734939759 1
0.98433734939759 1
0.98433734939759 1
0.98433734939759 1
0.983152827918171 1
0.983152827918171 1
0.983152827918171 0.999381570810142
0.983152827918171 0.999381570810142
0.983152827918171 0.999381570810142
0.983132530120482 0.999381570810142
0.983132530120482 0.999381570810142
0.983132530120482 0.999381570810142
0.983132530120482 0.999381570810142
0.983132530120482 0.999381570810142
0.983132530120482 0.999381570810142
0.983132530120482 0.999381570810142
0.983112183353438 0.99876390605686
0.983112183353438 0.99876390605686
0.983112183353438 0.99876390605686
0.983112183353438 0.99876390605686
0.983112183353438 0.99876390605686
0.983112183353438 0.99876390605686
0.983112183353438 0.99876390605686
0.983112183353438 0.99876390605686
0.983112183353438 0.99876390605686
0.983112183353438 0.99876390605686
0.983112183353438 0.99876390605686
0.983112183353438 0.998763141620284
0.983112183353438 0.998763141620284
0.983112183353438 0.998763141620284
0.983091787439614 0.998763141620284
0.983091787439614 0.998763141620284
0.983091787439614 0.998763141620284
0.983071342200726 0.998763141620284
0.981884057971015 0.998763141620284
0.981884057971015 0.998763141620284
0.981884057971015 0.998763141620284
0.98186215235792 0.998763141620284
0.981840193704601 0.998763141620284
0.981840193704601 0.998763141620284
0.980652962515115 0.998763141620284
0.980652962515115 0.998763141620284
0.980629539951574 0.998763141620284
0.980629539951574 0.998763141620284
0.980629539951574 0.998763141620284
0.980606060606061 0.998763141620284
0.980606060606061 0.998763141620284
0.979368932038835 0.998763141620284
0.979368932038835 0.998145859085291
0.978181818181818 0.998145859085291
0.978155339805825 0.998145859085291
0.978155339805825 0.998145859085291
0.978155339805825 0.998145859085291
0.97812879708384 0.998145859085291
0.97812879708384 0.998144712430427
0.97812879708384 0.998144712430427
0.97812879708384 0.998144712430427
0.978102189781022 0.998144712430427
0.978075517661389 0.998144712430427
0.978075517661389 0.998144712430427
0.978075517661389 0.998144712430427
0.975698663426488 0.998144712430427
0.975669099756691 0.998144712430427
0.975639464068209 0.998144712430427
0.975609756097561 0.998143564356436
0.97442143727162 0.998143564356436
0.97323600973236 0.998143564356436
0.97323600973236 0.998143564356436
0.97320341047503 0.998142414860681
0.97320341047503 0.998142414860681
0.97320341047503 0.998142414860681
0.970767356881851 0.997524752475248
0.970767356881851 0.997524752475248
0.970731707317073 0.997524752475248
0.970731707317073 0.997524752475248
0.969512195121951 0.997524752475248
0.969512195121951 0.997524752475248
0.968331303288672 0.997524752475248
0.967153284671533 0.997524752475248
0.965978128797084 0.997524752475248
0.965978128797084 0.997524752475248
0.965936739659367 0.997524752475248
0.965853658536585 0.997524752475248
0.965853658536585 0.997524752475248
0.964677222898904 0.997524752475248
0.964677222898904 0.997524752475248
0.964677222898904 0.997524752475248
0.964634146341463 0.997524752475248
0.963459196102314 0.996907854050711
0.963414634146341 0.996907854050711
0.962195121951219 0.996905940594059
0.960975609756098 0.996904024767802
0.960927960927961 0.996904024767802
0.960880195599022 0.996284829721362
0.95970695970696 0.996284829721362
0.958435207823961 0.996284829721362
0.958435207823961 0.996282527881041
0.958435207823961 0.996282527881041
0.958282208588957 0.996282527881041
0.958179581795818 0.996282527881041
0.958179581795818 0.996282527881041
0.958179581795818 0.996282527881041
0.958179581795818 0.996282527881041
0.958179581795818 0.996282527881041
0.956949569495695 0.996282527881041
0.955773955773956 0.996277915632754
0.955773955773956 0.996277915632754
0.955719557195572 0.996277915632754
0.955719557195572 0.996277915632754
0.954545454545455 0.996277915632754
0.954545454545455 0.995660260384377
0.954545454545455 0.995043370508054
0.953374233128834 0.995043370508054
0.953259532595326 0.995043370508054
0.952088452088452 0.995043370508054
0.952088452088452 0.995043370508054
0.949754901960784 0.995043370508054
0.94859241126071 0.995043370508054
0.948529411764706 0.995043370508054
0.947368421052632 0.995043370508054
0.947303921568627 0.994427244582043
0.947174447174447 0.994427244582043
0.947109471094711 0.994427244582043
0.944717444717445 0.994427244582043
0.944649446494465 0.994423791821561
0.942331288343558 0.993808049535604
0.942260442260442 0.993804213135068
0.941104294478528 0.993804213135068
0.941104294478528 0.993804213135068
0.939950980392157 0.993188854489164
0.939877300613497 0.993188854489164
0.9375 0.993188854489164
0.937423312883436 0.992574257425743
0.93711467324291 0.992574257425743
0.934729064039409 0.992569659442724
0.934729064039409 0.992569659442724
0.933579335793358 0.992569659442724
0.932349323493235 0.992569659442724
0.932266009852217 0.992569659442724
0.932266009852217 0.992569659442724
0.932182490752158 0.992565055762082
0.93094944512947 0.992560446373218
0.93094944512947 0.991945477075589
0.93094944512947 0.991945477075589
0.93094944512947 0.991945477075589
0.929542645241038 0.991940483570986
0.929542645241038 0.991940483570986
0.929542645241038 0.991940483570986
0.92716049382716 0.991940483570986
0.92716049382716 0.991940483570986
0.925925925925926 0.991940483570986
0.922318125770654 0.991940483570986
0.919950738916256 0.991940483570986
0.919852034525277 0.991940483570986
0.917385943279901 0.991940483570986
0.917181705809642 0.991940483570986
0.917181705809642 0.991940483570986
0.917079207920792 0.991940483570986
0.917079207920792 0.991940483570986
0.916976456009913 0.991940483570986
0.915841584158416 0.991940483570986
0.915841584158416 0.991325898389095
0.91460396039604 0.991320520768754
0.913473423980222 0.990706319702602
0.913366336633663 0.99008059516429
0.911910669975186 0.99008059516429
0.911691542288557 0.990074441687345
0.91055900621118 0.990074441687345
0.91055900621118 0.990074441687345
0.91055900621118 0.990068280571074
0.90818858560794 0.990068280571074
0.908074534161491 0.99005593536358
0.906947890818859 0.99005593536358
0.905707196029777 0.99005593536358
0.905590062111801 0.990049751243781
0.904466501240695 0.990049751243781
0.903345724907063 0.990049751243781
0.901112484548826 0.990049751243781
0.901112484548826 0.990043559427505
0.9 0.990043559427505
0.9 0.990043559427505
0.897530864197531 0.989427860696517
0.895191122071517 0.989427860696517
0.894088669950739 0.989427860696517
0.89079754601227 0.989427860696517
0.890663390663391 0.989427860696517
0.889434889434889 0.989427860696517
0.889434889434889 0.988812927284027
0.887254901960784 0.988812927284027
0.887116564417178 0.988812927284027
0.886838868388684 0.987585350713842
0.886838868388684 0.987585350713842
0.886838868388684 0.987585350713842
0.886699507389163 0.987577639751553
0.885608856088561 0.987577639751553
0.885326757090012 0.987577639751553
0.883148831488315 0.986964618249534
0.883004926108374 0.98695652173913
0.883004926108374 0.986940298507463
0.882860665844636 0.986940298507463
0.882860665844636 0.986318407960199
0.881773399014778 0.986318407960199
0.881481481481482 0.986318407960199
0.881481481481482 0.986318407960199
0.880246913580247 0.986309894212819
0.878562577447336 0.985696517412935
0.878411910669975 0.985696517412935
0.878411910669975 0.985687616677038
0.876865671641791 0.983240223463687
0.876865671641791 0.983229813664596
0.876558603491272 0.983229813664596
0.875156054931336 0.983229813664596
0.875 0.983219390926041
0.873907615480649 0.983219390926041
0.87375 0.981976382846488
0.870324189526185 0.981976382846488
0.870324189526185 0.981366459627329
0.86875 0.98014888337469
0.868585732165207 0.98014888337469
0.86625 0.98014888337469
0.865168539325843 0.98014888337469
0.864831038798498 0.98014888337469
0.864831038798498 0.98014888337469
0.861423220973783 0.980124223602485
0.860174781523096 0.98011187072716
0.860174781523096 0.98011187072716
0.860174781523096 0.979490366687383
0.86 0.979490366687383
0.8575 0.979490366687383
0.857321652065081 0.97888198757764
0.857142857142857 0.978855721393035
0.853904282115869 0.978842563783447
0.849624060150376 0.978842563783447
0.848560700876095 0.978842563783447
0.847798742138365 0.978842563783447
0.846347607052897 0.978842563783447
0.845283018867925 0.978842563783447
0.844500632111252 0.978842563783447
0.842171717171717 0.978842563783447
0.842171717171717 0.978829389788294
0.841772151898734 0.978816199376947
0.840506329113924 0.978816199376947
0.836708860759494 0.978802992518703
0.833333333333333 0.977584059775841
0.832282471626734 0.977570093457944
0.831021437578815 0.977556109725686
0.829760403530895 0.977556109725686
0.829545454545455 0.977556109725686
0.827629911280101 0.977556109725686
0.825537294563843 0.975124378109453
0.82449494949495 0.975124378109453
0.82382762991128 0.975124378109453
0.821292775665399 0.974518334369173
0.820025348542459 0.973308504034761
0.815889029003783 0.973308504034761
0.815189873417722 0.973291925465839
0.814159292035398 0.973258706467662
0.812105926860025 0.973208722741433
0.810366624525917 0.971997510889857
0.807061790668348 0.971980074719801
0.805800756620429 0.97196261682243
0.80352644836272 0.971945137157107
0.80327868852459 0.971945137157107
0.802267002518892 0.971339563862928
0.802267002518892 0.971321695760598
0.799495586380832 0.970716510903427
0.799242424242424 0.970716510903427
0.799242424242424 0.97069825436409
0.799242424242424 0.970679975046787
0.798234552332913 0.970679975046787
0.797979797979798 0.970074812967581
0.797979797979798 0.970074812967581
0.795712484237074 0.968847352024922
0.793931731984829 0.968808484092327
0.793670886075949 0.968789013732834
0.792141951837769 0.968789013732834
0.791139240506329 0.968184653774173
0.787610619469027 0.968144909431605
0.786616161616162 0.9675
0.785353535353535 0.9675
0.783817951959545 0.966895690193629
0.781565656565657 0.966875
0.781565656565657 0.966854283927455
0.780580075662043 0.966854283927455
0.779596977329975 0.966833541927409
0.779319041614124 0.966833541927409
0.777496839443742 0.966812773951158
0.774683544303797 0.966812773951158
0.773417721518987 0.966186599874765
0.772151898734177 0.966186599874765
0.767766497461929 0.96558197747184
0.765228426395939 0.96558197747184
0.764930114358323 0.964978111319575
0.762755102040816 0.964956195244055
0.758928571428571 0.964934251721979
0.75765306122449 0.963727329580988
0.756377551020408 0.9625
0.756066411238825 0.9625
0.754789272030651 0.962429555416406
0.753846153846154 0.962406015037594
0.753213367609255 0.961803381340013
0.749360613810742 0.961803381340013
0.748081841432225 0.961755485893417
0.747435897435897 0.961731493099122
0.747111681643132 0.961104140526976
0.746153846153846 0.961104140526976
0.74293059125964 0.961104140526976
0.741645244215938 0.961104140526976
0.740359897172236 0.960476787954831
0.739354838709677 0.960476787954831
0.735483870967742 0.958646616541353
0.731016731016731 0.958646616541353
0.729032258064516 0.958646616541353
0.728682170542636 0.956848030018762
0.727979274611399 0.95625
0.721649484536082 0.955652717051843
0.72020725388601 0.955652717051843
0.717616580310881 0.955652717051843
0.716321243523316 0.955652717051843
0.715025906735751 0.955625
0.713730569948187 0.955
0.711513583441138 0.954375
0.709844559585492 0.954317897371715
0.708926261319534 0.953125
0.707096774193548 0.952470293933709
0.703225806451613 0.952470293933709
0.702842377260982 0.952470293933709
0.700258397932817 0.951784596117721
0.698453608247423 0.951188986232791
0.69309462915601 0.950594121325829
0.691326530612245 0.950594121325829
0.690932311621967 0.950594121325829
0.68974358974359 0.95
0.687580025608195 0.949406620861961
0.687179487179487 0.948222083593263
0.687179487179487 0.948222083593263
0.684684684684685 0.9475
0.683804627249357 0.946708463949843
0.682926829268293 0.946081504702194
0.681643132220796 0.946081504702194
0.680412371134021 0.945979899497487
0.678756476683938 0.94535175879397
0.678339818417639 0.94535175879397
0.67529107373868 0.945214105793451
0.673151750972763 0.945214105793451
0.673151750972763 0.94343180389692
0.671001300390117 0.94343180389692
0.66839378238342 0.94343180389692
0.666235446313066 0.943396226415094
0.663648124191462 0.943396226415094
0.66235446313066 0.943324937027708
0.65891472868217 0.942695214105793
0.655526992287918 0.942622950819672
0.653401797175867 0.942622950819672
0.650773195876289 0.941919191919192
0.649032258064516 0.94188250157928
0.64819587628866 0.941808981657179
0.646907216494845 0.940025252525252
0.645161290322581 0.939355653821857
0.642213642213642 0.939317319848293
0.638817480719794 0.939240506329114
0.638817480719794 0.93746051800379
0.638817480719794 0.936748893105629
0.63659793814433 0.936156763590392
0.634491634491634 0.934384858044164
0.633676092544987 0.932449494949495
0.632390745501285 0.932406822488945
0.629961587708067 0.931775110549589
0.628352490421456 0.931775110549589
0.622137404580153 0.931186868686869
0.619108280254777 0.931186868686869
0.615969581749049 0.930599369085173
0.61323155216285 0.930599369085173
0.611959287531807 0.929968454258675
0.609632446134347 0.929924242424242
0.608860759493671 0.929791271347249
0.607868020304569 0.929791271347249
0.607369758576874 0.929746835443038
0.60559796437659 0.929702343255225
0.605095541401274 0.929113924050633
0.600765306122449 0.929113924050633
0.598978288633461 0.928390367553866
0.597701149425287 0.927710843373494
0.596178343949045 0.925761421319797
0.595663265306122 0.9251269035533
0.593112244897959 0.9251269035533
0.591836734693878 0.924396442185515
0.588535031847134 0.923809523809524
0.58695652173913 0.923223350253807
0.584832904884319 0.922637920101459
0.583011583011583 0.92258883248731
0.583011583011583 0.922490470139771
0.579354838709677 0.921805467260013
0.577319587628866 0.921219822109276
0.575289575289575 0.920634920634921
0.574550128534704 0.920483460559796
0.571245186136072 0.920483460559796
0.570694087403599 0.918626827717737
0.569032258064516 0.918575063613232
0.566451612903226 0.918471337579618
0.563307493540052 0.917886696371738
0.561855670103093 0.916666666666667
0.56 0.915501905972046
0.558709677419355 0.914758269720102
0.55798969072165 0.913541004450095
0.556847545219638 0.913430935709739
0.555555555555556 0.911054637865311
0.554123711340206 0.909783989834816
0.552393272962484 0.909783989834816
0.54980595084088 0.909090909090909
0.544747081712062 0.90897517504774
0.540962288686606 0.907006369426752
0.537061118335501 0.905035054174633
0.535064935064935 0.90485312899106
0.533073929961089 0.902875399361022
0.53185955786736 0.9021113243762
0.528571428571429 0.901218729955099
0.524675324675325 0.899423446508648
0.52156862745098 0.899229781771502
0.519633507853403 0.899100257069409
0.518324607329843 0.896220371556694
0.517060367454068 0.895953757225434
0.514397905759162 0.895109395109395
0.511082138200782 0.894465894465894
0.509778357235984 0.893822393822394
0.501965923984273 0.892466194462331
0.499344692005242 0.892327530625403
0.498028909329829 0.891979301423027
0.497375328083989 0.89126213592233
0.496714848883049 0.889176928062216
0.494722955145119 0.887662337662338
0.492753623188406 0.887662337662338
0.488830486202365 0.887086307592472
0.488157894736842 0.886363636363636
0.485526315789474 0.883495145631068
0.483530961791831 0.883419689119171
0.480211081794195 0.883419689119171
0.478947368421053 0.880906148867314
0.474576271186441 0.880906148867314
0.472584856396867 0.880906148867314
0.471279373368146 0.880103694102398
0.467447916666667 0.87831715210356
0.466753585397653 0.877102199223803
0.465449804432855 0.875808538163001
0.460732984293194 0.872326636422553
0.45822454308094 0.869509043927649
0.456209150326797 0.868608414239482
0.455613577023499 0.867313915857605
0.452535760728218 0.865845755022683
0.451822916666667 0.864637305699482
0.447780678851175 0.860284605433376
0.445026178010471 0.859082094376212
0.442408376963351 0.858252427184466
0.440210249671485 0.858160621761658
0.437007874015748 0.856217616580311
0.43455497382199 0.855109961190168
0.430628272251309 0.852883992222942
0.429319371727749 0.851683937823834
0.425950196592398 0.850843060959792
0.422626788036411 0.850097339390007
0.421530479896239 0.84789644012945
0.419689119170984 0.846701164294955
0.417639429312581 0.844012944983819
0.415584415584416 0.84251458198315
0.415045395590143 0.841763942931258
0.41038961038961 0.841763942931258
0.403645833333333 0.841558441558442
0.40234375 0.840598568640208
0.397905759162304 0.838856400259909
0.397116644823067 0.837556855100715
0.395806028833552 0.837133550488599
0.39501312335958 0.835286458333333
0.393700787401575 0.833984375
0.390339425587467 0.833442194644023
0.389033942558747 0.831812255541069
0.38722294654498 0.831270358306189
0.38722294654498 0.829856584093872
0.385416666666667 0.828013029315961
0.382314694408322 0.827450980392157
0.380208333333333 0.826143790849673
0.378238341968912 0.823874755381605
0.376288659793814 0.822222222222222
0.375483870967742 0.820680628272251
0.374677002583979 0.817351598173516
0.372093023255814 0.814573845152895
0.369170984455959 0.813802083333333
0.367532467532468 0.812743823146944
0.364812419146184 0.8125
0.363989637305699 0.810143042912874
0.36258064516129 0.810143042912874
0.361647361647362 0.809616634178038
0.357786357786358 0.80674448767834
0.355584082156611 0.80674448767834
0.352258064516129 0.804150453955901
0.350899742930591 0.800649350649351
0.349226804123711 0.799870045484081
0.348777348777349 0.798182998053212
0.346598202824134 0.794556059624109
0.344871794871795 0.793907971484122
0.341902313624679 0.793237971391417
0.339331619537275 0.791937581274382
0.336340206185567 0.789746917585983
0.332041343669251 0.788549121665582
0.329883570504528 0.788036410923277
0.327296248382924 0.786085825747724
0.326424870466321 0.785667752442997
0.322997416020672 0.785388127853881
0.32258064516129 0.785107772697583
0.321290322580645 0.784083496412263
0.319587628865979 0.783431180691455
0.318298969072165 0.782126549249837
0.316537467700258 0.781699346405229
0.313471502590674 0.780759162303665
0.308093994778068 0.779450261780105
0.30638852672751 0.777341191879502
0.302872062663185 0.776686313032089
0.301173402868318 0.774214659685864
0.29986962190352 0.773054283845651
0.298565840938722 0.77139124755062
0.295039164490862 0.76978417266187
0.294654498044329 0.769633507853403
0.294654498044329 0.767670157068063
0.29281045751634 0.763861709067189
0.290956749672346 0.763054830287206
0.290575916230366 0.762091503267974
0.285900783289817 0.761096605744125
0.284785435630689 0.760600130463144
0.282920469361147 0.759114583333333
0.282184655396619 0.756510416666667
0.281818181818182 0.754385964912281
0.281452658884565 0.753576072821847
0.279220779220779 0.751948051948052
0.278497409326425 0.751298701298701
0.276843467011643 0.749350649350649
0.274025974025974 0.749024707412224
0.272373540856031 0.748374512353706
0.270967741935484 0.747231270358306
0.270025839793282 0.745442708333333
0.267096774193548 0.743172951885566
0.266066838046273 0.741222366710013
0.265725288831836 0.739243807040417
0.264441591784339 0.738591916558018
0.25997425997426 0.735812133072407
0.259020618556701 0.731643924626381
0.258023106546855 0.730519480519481
0.256410256410256 0.729166666666667
0.254475703324808 0.729166666666667
0.252873563218391 0.726027397260274
0.251596424010217 0.724137931034483
0.251275510204082 0.723016905071521
0.24968152866242 0.722366710013004
0.248091603053435 0.720521172638437
0.246192893401015 0.71875
0.246192893401015 0.7185667752443
0.244613434727503 0.717462393721387
0.24238578680203 0.716808371484631
0.241466498103666 0.715032679738562
0.241161616161616 0.71353826030085
0.239596469104666 0.712230215827338
0.238993710691824 0.710457516339869
0.237735849056604 0.709043250327654
0.237735849056604 0.707349081364829
0.237437185929648 0.706500328299409
0.235220125786164 0.705650459921156
0.233375156838143 0.704799474030243
0.230865746549561 0.702560735390676
0.230576441102757 0.702099737532808
0.23 0.700983606557377
0.229712858926342 0.700524246395806
0.22875 0.698100851342502
0.227215980024969 0.695994747209455
0.225 0.694426229508197
0.22375 0.693823915900131
0.221526908635795 0.69017798286091
0.221526908635795 0.688243064729194
0.220551378446115 0.687169312169312
0.219298245614035 0.684904416611734
0.219023779724656 0.683794466403162
0.215094339622642 0.680921052631579
0.215094339622642 0.679815910585141
0.214824120603015 0.678759894459103
0.213836477987421 0.677227722772277
0.212846347607053 0.675907590759076
0.211586901763224 0.674818241903503
0.207547169811321 0.673712021136063
0.207547169811321 0.671078755790867
0.207286432160804 0.668208856576338
0.205289672544081 0.666886979510905
0.204287515762926 0.666226040978189
0.20251572327044 0.664021164021164
0.201511335012594 0.662046204620462
0.2 0.660514172709295
0.199498117942284 0.659854976928148
0.199498117942284 0.659420289855073
0.19748427672956 0.658552631578947
0.195979899497487 0.657877389584707
0.195488721804511 0.657199471598415
0.195488721804511 0.655899802241266
0.195 0.652289316522893
0.193992490613267 0.648380700594845
0.191729323308271 0.647019867549669
0.191729323308271 0.645653616456536
0.191489361702128 0.644135188866799
0.19125 0.641909814323607
0.19125 0.639735099337748
0.191011235955056 0.636063408190225
0.18976279650437 0.633905013192612
0.18976279650437 0.633663366336634
0.188514357053683 0.631926121372032
0.186799501867995 0.629458388375165
0.184769038701623 0.628060886829914
0.182728410513141 0.627152317880795
0.179422835633626 0.622940013183916
0.174842767295597 0.621372031662269
0.174404015056462 0.617259552042161
0.172327044025157 0.614878209348255
0.172327044025157 0.614624505928854
0.172110552763819 0.613711272247858
0.170639899623588 0.612796833773087
0.170639899623588 0.61026991441738
0.170426065162907 0.609756097560976
0.168341708542714 0.608953258722844
0.168341708542714 0.608036890645586
0.164141414141414 0.606578947368421
0.163522012578616 0.605384110308601
0.163316582914573 0.601572739187418
0.161856963613551 0.600655737704918
0.159748427672956 0.600262123197903
0.159748427672956 0.599869024230517
0.157035175879397 0.598559266535691
0.155974842767296 0.597776324395029
0.155583437892095 0.5956749672346
0.152392947103275 0.591236102027469
0.150252525252525 0.590045841519319
0.150063051702396 0.58781127129751
0.146835443037975 0.584918032786885
0.145569620253165 0.583606557377049
0.139771283354511 0.580983606557377
0.139771283354511 0.578463558765594
0.138500635324015 0.577529566360053
0.137404580152672 0.574705111402359
0.136132315521628 0.573018991486575
0.133587786259542 0.572269457161544
0.130268199233716 0.571428571428571
0.129156010230179 0.569744597249509
0.128040973111396 0.567691301504251
0.125641025641026 0.566841415465269
0.123234916559692 0.56479057591623
0.123076923076923 0.563398692810458
0.121794871794872 0.561231172233137
0.121638924455826 0.558977719528178
0.120358514724712 0.556647020301244
0.120204603580563 0.555337262606418
0.120051085568327 0.553735255570118
0.118622448979592 0.551994767822106
0.11734693877551 0.55045871559633
0.116751269035533 0.549803407601573
0.116751269035533 0.547478716437459
0.115628970775095 0.546526867627785
0.115044247787611 0.544021024967148
0.11489898989899 0.542105263157895
0.112658227848101 0.540078843626807
0.11251580278129 0.538157894736842
0.109709962168979 0.535573122529644
0.109433962264151 0.534300791556728
0.108176100628931 0.532450331125828
0.108040201005025 0.528865295288653
0.107904642409034 0.528201725282017
0.10625 0.52593085106383
0.103879849812265 0.524883875248839
0.103620474406991 0.522923588039867
0.103491271820449 0.52093023255814
0.103233830845771 0.518936877076412
0.09875 0.514930325149303
0.0985037406483791 0.511904761904762
0.0961298377028714 0.509920634920635
0.0958904109589041 0.507957559681698
0.0947630922693267 0.505640345056403
0.0947630922693267 0.503639973527465
0.0944099378881988 0.502313284864508
0.093167701863354 0.501652346331791
0.0929368029739777 0.500329597890574
0.0895522388059701 0.49802110817942
0.0895522388059701 0.495703899537343
0.0872817955112219 0.494039735099338
0.0872817955112219 0.493377483443709
0.087173100871731 0.489714664897147
0.0860349127182045 0.487707641196013
0.0860349127182045 0.48502994011976
0.0835411471321696 0.48339973439575
0.0818858560794045 0.481751824817518
0.0807453416149068 0.480053191489362
0.0783582089552239 0.476443264764433
0.0772104607721046 0.473858371939113
0.0772104607721046 0.470238095238095
0.0772104607721046 0.465699208443272
0.0759651307596513 0.463672391017173
0.0759651307596513 0.461945731303772
0.0744416873449131 0.459960291197882
0.0744416873449131 0.458222811671088
0.0732919254658385 0.456953642384106
0.0720496894409938 0.455327597617472
0.0696517412935323 0.453580901856764
0.0695652173913043 0.450732356857523
0.0695652173913043 0.448229792919172
0.068407960199005 0.447631754503002
0.0683229813664596 0.444221776887108
0.0671641791044776 0.441922563417891
0.0669975186104218 0.438420348058902
0.0669975186104218 0.43524699599466
0.0667490729295426 0.43524699599466
0.0654320987654321 0.432865731462926
0.0654320987654321 0.428761651131824
0.0642768850432633 0.424766977363515
0.0631188118811881 0.422769640479361
0.0630407911001236 0.419761273209549
0.062962962962963 0.415618795499669
0.061652281134402 0.414569536423841
0.0604938271604938 0.412425644415069
0.0604192355117139 0.410832232496697
0.0569306930693069 0.406374501992032
0.0568603213844252 0.403590425531915
0.0567901234567901 0.4
0.0567200986436498 0.398411647915288
0.0567200986436498 0.395764394440768
0.0554870530209618 0.393117140966248
0.0542540073982737 0.389920424403183
0.0541871921182266 0.386861313868613
0.0529556650246305 0.382470119521912
0.0529556650246305 0.380984042553192
0.0528905289052891 0.378647214854111
0.0504926108374384 0.37682119205298
0.050430504305043 0.374750830564784
0.04920049200492 0.371181938911023
0.0491400491400491 0.369608493696085
0.0479704797047971 0.367861885790173
0.0467980295566502 0.36604774535809
0.0456226880394575 0.362790697674419
0.0443896424167694 0.359042553191489
0.0443896424167694 0.357285429141717
0.0432098765432099 0.355673523556735
0.0419753086419753 0.350563286944997
0.0419753086419753 0.34857521537442
0.041871921182266 0.346816976127321
0.041871921182266 0.344142951687624
0.0406905055487053 0.342838196286472
0.0406403940886699 0.339747843397478
0.040590405904059 0.338870431893688
0.0404907975460123 0.337757133377571
0.0404907975460123 0.333333333333333
0.0403422982885086 0.330244870946393
0.0368098159509202 0.328476821192053
0.0367647058823529 0.323841059602649
0.0367197062423501 0.323412698412698
0.0367197062423501 0.319233311302049
0.0367197062423501 0.316346790205162
0.0367197062423501 0.313245033112583
0.0355392156862745 0.309476474486415
0.0354957160342717 0.307488402915838
0.0354957160342717 0.304318936877076
0.0342717258261934 0.300662251655629
0.0342717258261934 0.296688741721854
0.0330882352941176 0.293845135671741
0.0330477356181151 0.289613848202397
0.0330073349633252 0.287808127914724
0.0317848410757946 0.281793842034806
0.0317460317460317 0.279411764705882
0.0317073170731707 0.277591973244147
0.0317073170731707 0.275033377837116
0.031591737545565 0.273515677118079
0.0315151515151515 0.267737617135207
0.0303030303030303 0.265060240963855
0.029126213592233 0.263721552878179
0.0290909090909091 0.261219022103148
0.0290909090909091 0.260549229738781
0.0290909090909091 0.256513026052104
0.0279126213592233 0.253830779480346
0.0255164034021871 0.250166333998669
0.0255164034021871 0.24750499001996
0.0255164034021871 0.243351063829787
0.024330900243309 0.239520958083832
0.024330900243309 0.237715803452855
0.024330900243309 0.234395750332005
0.023142509135201 0.233112582781457
0.0219512195121951 0.228931652289317
0.0219512195121951 0.226490066225166
0.0219512195121951 0.221779548472776
0.0218978102189781 0.217880794701987
0.0218978102189781 0.21343085106383
0.0207064555420219 0.210491367861886
0.0207064555420219 0.208222811671088
0.0207064555420219 0.202262142381903
0.0207064555420219 0.20026525198939
0.0207064555420219 0.196416721964167
0.0206812652068127 0.193612774451098
0.0194410692588092 0.191078561917443
0.0194410692588092 0.188039867109635
0.0182481751824818 0.181636726546906
0.0170523751522534 0.177836761778368
0.0170523751522534 0.174834437086093
0.0158536585365854 0.173826834104428
0.0158343483556638 0.16953642384106
0.0158150851581509 0.164228723404255
0.0158150851581509 0.159786950732357
0.0146163215590743 0.157475083056478
0.0133982947624848 0.153692614770459
0.0109756097560976 0.150365934797073
0.00854700854700855 0.146
0.00853658536585366 0.142666666666667
0.00853658536585366 0.139813581890812
0.00732600732600733 0.137450199203187
0.00610500610500611 0.134920634920635
0.00610500610500611 0.132362673726009
0.00610500610500611 0.126984126984127
0.00610500610500611 0.124834874504624
0.0048780487804878 0.121532364597094
0.0048721071863581 0.117724867724868
0.0048721071863581 0.113681427627231
0.0048721071863581 0.11133069828722
0.0048721071863581 0.107448912326961
0.0048721071863581 0.105193951347798
0.0048721071863581 0.102429415627052
0.0048661800486618 0.0981675392670157
0.0048661800486618 0.0941792020928712
0.00486026731470231 0.0894255874673629
0.00483675937122128 0.0875244937949053
0.00483675937122128 0.0837148463047744
0.00482509047044632 0.0792403405370007
0.00482509047044632 0.0778795811518325
0.00482509047044632 0.0757180156657963
0.00482509047044632 0.0724543080939948
0.00481927710843374 0.0710560625814863
0.00361881785283474 0.0700843608046723
0.00361881785283474 0.0680933852140078
0.00361881785283474 0.0667963683527886
0.00361881785283474 0.0605074821080026
0.00361881785283474 0.0590525632706035
0.0036144578313253 0.0544394037589112
0.0036144578313253 0.0524611398963731
0.0036144578313253 0.0510665804783452
0.0036144578313253 0.0502253702511269
0.00241254523522316 0.046242774566474
0.00120772946859903 0.0430868167202572
0.00120772946859903 0.0410783055198973
0.00120772946859903 0.0385109114249037
0.00120772946859903 0.0353016688061617
0.00120627261761158 0.0346820809248555
0.00120627261761158 0.033974358974359
0.00120627261761158 0.0331632653061225
0.00120627261761158 0.0331421287444232
0.00120627261761158 0.0286624203821656
0.00120627261761158 0.0260814249363868
0.00120627261761158 0.0241423125794155
0.00120481927710843 0.0240202275600506
0.00120481927710843 0.0214917825537295
0.00120481927710843 0.0196078431372549
0.00120481927710843 0.0189274447949527
0.00120481927710843 0.017643352236925
0.00120336943441637 0.015752993068683
0.00120336943441637 0.0145110410094637
0.00120336943441637 0.0144836272040302
0.00120336943441637 0.0119496855345912
0.00120336943441637 0.0119421747328724
0.00120336943441637 0.00941619585687382
0.00120336943441637 0.00876643706950532
0.00120336943441637 0.00564971751412429
0.00120336943441637 0.00564617314930991
0.00120336943441637 0.00501567398119122
0.00120336943441637 0.00499687695190506
0.00120336943441637 0.00437226733291693
0.00120336943441637 0.00436681222707424
0.00120336943441637 0.00311138767890479
0.00120336943441637 0.00248601615910503
0 0.00248601615910503
0 0.00186567164179104
0 0.00186219739292365
0 0.0018598884066956
0 0.00124069478908189
0 0.000619578686493185
0 0.000619578686493185
0 0.000619195046439629
0 0
0 0
0 0
0 0
0 0
0 0
0 0
0 0
0 0
0 0
0 0
0 0
0 0
0 0
0 0
0 0
0 0
