0 0.000432891352508294
0.0334448160535117 0.000451517854511799
0.0668896321070234 0.00047094544231017
0.100334448160535 0.000491208535687634
0.133779264214047 0.000512343030405466
0.167224080267559 0.000534386361237812
0.20066889632107 0.000557377567677068
0.234113712374582 0.000581357362419877
0.267558528428094 0.000606368202749258
0.301003344481605 0.000632454364932984
0.334448160535117 0.000659662021763093
0.367892976588629 0.000688039323366373
0.40133779264214 0.000717636481420755
0.434782608695652 0.000748505856917883
0.468227424749164 0.000780702051617576
0.501672240802676 0.000814282003345596
0.535117056856187 0.00084930508529196
0.568561872909699 0.000885833209473152
0.602006688963211 0.000923930934527759
0.635451505016722 0.00096366557802161
0.668896321070234 0.00100510733344507
0.702341137123746 0.0010483293920921
0.735785953177257 0.00109340807001763
0.769230769230769 0.00114042294027734
0.802675585284281 0.0011894569706611
0.836120401337793 0.00124059666713935
0.869565217391304 0.00129393222324949
0.903010033444816 0.00134955767565741
0.936454849498328 0.00140757106613786
0.969899665551839 0.00146807461022569
1.00334448160535 0.00153117487279893
1.03678929765886 0.00159698295086348
1.07023411371237 0.00166561466381844
1.10367892976589 0.00173719075149046
1.1371237458194 0.00181183708023482
1.17056856187291 0.00188968485741087
1.20401337792642 0.00197087085454895
1.23745819397993 0.00205553763953627
1.27090301003344 0.00214383381815883
1.30434782608696 0.00223591428534688
1.33779264214047 0.00233194048648165
1.37123745819398 0.00243208068913108
1.40468227424749 0.00253651026559281
1.438127090301 0.00264541198663265
1.47157190635451 0.00275897632681722
1.50501672240803 0.00287740178184902
1.53846153846154 0.00300089519832261
1.57190635451505 0.00312967211632966
1.60535117056856 0.00326395712535049
1.63879598662207 0.00340398423387837
1.67224080267559 0.00354999725323162
1.7056856187291 0.00370225019601647
1.73913043478261 0.00386100768971131
1.77257525083612 0.00402654540584947
1.80602006688963 0.00419915050528376
1.83946488294314 0.00437912210002094
1.87290969899666 0.00456677173211818
1.90635451505017 0.00476242387013626
1.93979933110368 0.00496641642364567
1.97324414715719 0.00517910127628128
2.0066889632107 0.00540084483783943
2.04013377926421 0.00563202861590736
2.07357859531773 0.00587304980750843
2.10702341137124 0.00612432191123846
2.14046822742475 0.0063862753603568
2.17391304347826 0.00665935817728177
2.20735785953177 0.00694403664992254
2.24080267558528 0.00724079603025801
2.2742474916388 0.00755014125554877
2.30769230769231 0.0078725976925379
2.34113712374582 0.00820871190496253
2.37458193979933 0.00855905244465872
2.40802675585284 0.00892421066649609
2.44147157190635 0.00930480156732825
2.47491638795987 0.00970146464908584
2.50836120401338 0.0101148648060741
2.54180602006689 0.0105456932364628
2.5752508361204 0.0109946683778737
2.60869565217391 0.0114625368668815
2.64214046822742 0.011950074522138
2.67558528428094 0.0124580873507223
2.70903010033445 0.0129874125771905
2.74247491638796 0.0135389196946655
2.77591973244147 0.0141135115371554
2.80936454849498 0.0147121253721236
2.84280936454849 0.0153357340121574
2.87625418060201 0.0159853469443806
2.90969899665552 0.0166620114760463
2.94314381270903 0.0173668138945108
2.97658862876254 0.0181008806395399
3.01003344481605 0.0188342176670624
3.04347826086956 0.0195880366026864
3.07692307692308 0.0203713998965719
3.11036789297659 0.0211854144353045
3.1438127090301 0.0220312244214512
3.17725752508361 0.022910012289596
3.21070234113712 0.023822999615018
3.24414715719064 0.0247714480116739
3.27759197324415 0.0257566600158367
3.31103678929766 0.0267799799514129
3.34448160535117 0.0278427947726139
3.37792642140468 0.028946534879291
3.41137123745819 0.0300926748998547
3.44481605351171 0.0312827344362977
3.47826086956522 0.032518278765413
3.51170568561873 0.0338009194898581
3.54515050167224 0.0351323151322513
3.57859531772575 0.0365141716650113
3.61204013377926 0.0379482429681513
3.64548494983278 0.0394363312067306
3.67892976588629 0.0409802871191419
3.7123745819398 0.0425820102068748
3.74581939799331 0.0442434488158536
3.77926421404682 0.0459666000988941
3.81270903010033 0.0477535098482706
3.84615384615385 0.0496062721868325
3.87959866220736 0.0515270291055601
3.91304347826087 0.0535179698349153
3.94648829431438 0.0555813300368207
3.97993311036789 0.0577193908036039
4.0133779264214 0.0597939742383942
4.04682274247492 0.0619240441594615
4.08026755852843 0.0641248193258046
4.11371237458194 0.0663982736630104
4.14715719063545 0.0687464093198435
4.18060200668896 0.0711712549842033
4.21404682274247 0.0736748640065368
4.24749163879599 0.0762593123210909
4.2809364548495 0.0789266961554389
4.31438127090301 0.0816791295188311
4.34782608695652 0.0845187414601145
4.38127090301003 0.0874476730862312
4.41471571906354 0.0904680743326729
4.44816053511706 0.0935821004777227
4.48160535117057 0.0967919083928772
4.51505016722408 0.10009965252252
4.54849498327759 0.103507480586707
4.5819397993311 0.106680626638334
4.61538461538461 0.109693803274123
4.64882943143813 0.11278134188916
4.68227424749164 0.115944467517653
4.71571906354515 0.119184390376101
4.74916387959866 0.122502303433282
4.78260869565217 0.125899379880426
4.81605351170569 0.129376770502701
4.8494983277592 0.132935600953685
4.88294314381271 0.136409053656549
4.91638795986622 0.139764325642707
4.94983277591973 0.143188443737514
4.98327759197324 0.14668214596926
5.01672240802676 0.1502461442416
5.05016722408027 0.153881122403303
5.08361204013378 0.157587734279445
5.11705685618729 0.161366601667162
5.1505016722408 0.165218312299382
5.18394648829431 0.16914341778031
5.21739130434783 0.173142431496758
5.25083612040134 0.177215826509744
5.28428093645485 0.181364033431143
5.31772575250836 0.185587438290484
5.35117056856187 0.189886380397361
5.38461538461538 0.194261150205223
5.4180602006689 0.198711987182667
5.45150501672241 0.201443022094448
5.48494983277592 0.204143367366475
5.51839464882943 0.206870533460114
5.55183946488294 0.209624535854859
5.58528428093645 0.212405382775918
5.61872909698997 0.215213075047591
5.65217391304348 0.218047605948613
5.68561872909699 0.220908961069672
5.7190635451505 0.223797118173288
5.75250836120401 0.226712047056284
5.78595317725753 0.229653709415045
5.81939799331104 0.232622058713774
5.85284280936455 0.235617040055968
5.88628762541806 0.238638590059333
5.91973244147157 0.241686636734342
5.95317725752508 0.244761099366667
5.9866220735786 0.247861888403696
6.02006688963211 0.25098890534537
6.05351170568562 0.254142042639536
6.08695652173913 0.257321183582058
6.12040133779264 0.26052620222189
6.15384615384615 0.263756963271343
6.18729096989967 0.26701332202174
6.22073578595318 0.270295124264697
6.25418060200669 0.273602206219221
6.2876254180602 0.276934394464851
6.32107023411371 0.280291505881028
6.35451505016722 0.283673347592906
6.38795986622074 0.287079716923804
6.42140468227425 0.290510401354472
6.45484949832776 0.293965178489378
6.48829431438127 0.29744381603018
6.52173913043478 0.30094607175656
6.55518394648829 0.304471693514593
6.58862876254181 0.308020419212798
6.62207357859532 0.311591976826026
6.65551839464883 0.315186084407338
6.68896321070234 0.318802450107981
6.72240802675585 0.322440772205617
6.75585284280936 0.326100739140889
6.78929765886288 0.329782029562452
6.82274247491639 0.333484312380544
6.8561872909699 0.337207246829191
6.88963210702341 0.340950482537106
6.92307692307692 0.344713659607351
6.95652173913043 0.348496408705799
6.98996655518395 0.352298351158434
7.02341137123746 0.356119099057504
7.05685618729097 0.359958255376546
7.09030100334448 0.363815414094265
7.12374581939799 0.367690160327244
7.1571906354515 0.371582070471474
7.19063545150502 0.375490712352624
7.22408026755853 0.379415645385016
7.25752508361204 0.383356420739211
7.29096989966555 0.387312581518121
7.32441471571906 0.39128366294155
7.35785953177257 0.395269192539023
7.39130434782609 0.399268690350793
7.4247491638796 0.40328166913686
7.45819397993311 0.407307634593843
7.49163879598662 0.411346085579535
7.52508361204013 0.41539651434494
7.55852842809364 0.419458406773594
7.59197324414716 0.423531242627947
7.62541806020067 0.427614495802581
7.65886287625418 0.431707634584012
7.69230769230769 0.435810121916821
7.7257525083612 0.439921415675853
7.75919732441471 0.444040968944193
7.79264214046823 0.448168230296631
7.82608695652174 0.452302644088317
7.85953177257525 0.456443650748286
7.89297658862876 0.46059068707754
7.92642140468227 0.46474318655135
7.95986622073579 0.468900579625436
7.9933110367893 0.473062294045684
8.02675585284281 0.477227755161044
8.06020066889632 0.481396386239243
8.09364548494983 0.485567608784954
8.12709030100334 0.489740842860044
8.16053511705686 0.493915507405531
8.19397993311037 0.498091020564859
8.22742474916388 0.500893188432474
8.26086956521739 0.503481687580886
8.2943143812709 0.506070000106119
8.32775919732441 0.508657987303284
8.36120401337793 0.51124551053723
8.39464882943144 0.513832431272238
8.42809364548495 0.516418611101672
8.46153846153846 0.519003911777569
8.49498327759197 0.521588195240155
8.52842809364548 0.524171323647287
8.561872909699 0.526753159403777
8.59531772575251 0.529333565190621
8.62876254180602 0.531912403994093
8.66220735785953 0.534489539134708
8.69565217391304 0.537064834296024
8.72909698996656 0.539638153553289
8.76254180602007 0.542209361401908
8.79598662207358 0.54477832278572
8.82943143812709 0.547344903125072
8.8628762541806 0.549908968344686
8.89632107023411 0.552470384901288
8.92976588628762 0.555029019811014
8.96321070234114 0.55758474067655
8.99665551839465 0.560137415714026
9.03010033444816 0.562686913779626
9.06354515050167 0.56523310439592
9.09698996655518 0.567775857777902
9.1304347826087 0.570315044858717
9.16387959866221 0.57285053731508
9.19732441471572 0.57538220759236
9.23076923076923 0.577909928929338
9.26421404682274 0.580433575382608
9.29765886287625 0.582953021850636
9.33110367892977 0.585468144097438
9.36454849498328 0.587978818775901
9.39799331103679 0.590484923450711
9.4314381270903 0.592986336620894
9.46488294314381 0.595482937741956
9.49832775919732 0.597974607247622
9.53177257525084 0.600461226571156
9.56521739130435 0.602942678166257
9.59866220735786 0.605418845527535
9.63210702341137 0.607889613210545
9.66555183946488 0.610354866851382
9.69899665551839 0.612814493185828
9.73244147157191 0.615268380068046
9.76588628762542 0.617716416488818
9.79933110367893 0.620158492593313
9.83277591973244 0.622594499698393
9.86622073578595 0.625024330309441
9.89966555183946 0.627447878136715
9.93311036789298 0.629865038111221
9.96655518394649 0.632275706400097
10 0.634679780421515
