0 0.0113382608372728
0.0334448160535117 0.0117885397105101
0.0668896321070234 0.0122564789245661
0.100334448160535 0.0127427531982867
0.133779264214047 0.0132480615785196
0.167224080267559 0.0137731281993883
0.20066889632107 0.014318703055398
0.234113712374582 0.0148855627877122
0.267558528428094 0.0154745114828223
0.301003344481605 0.0160863814827214
0.334448160535117 0.016722034205559
0.367892976588629 0.0173823609756174
0.40133779264214 0.0180682838613026
0.434782608695652 0.0187807565196778
0.468227424749164 0.0195207650458984
0.501672240802676 0.0202893288257201
0.535117056856187 0.0210875013890528
0.568561872909699 0.0219163712623232
0.602006688963211 0.0227770628171796
0.635451505016722 0.0236707371128327
0.668896321070234 0.0245985927290702
0.702341137123746 0.0255618665867097
0.735785953177257 0.0265618347519679
0.769230769230769 0.0275998132209166
0.802675585284281 0.0286771586798795
0.836120401337793 0.0297952692372811
0.869565217391304 0.0309555851221075
0.903010033444816 0.032159589343766
0.936454849498328 0.0334088083077432
0.969899665551839 0.0347048123810573
1.00334448160535 0.0360492164010793
1.03678929765886 0.0374436801208659
1.07023411371237 0.0388899085836992
1.10367892976589 0.0403896524190638
1.1371237458194 0.0419447080518289
1.17056856187291 0.0435569178159155
1.20401337792642 0.0452281699632506
1.23745819397993 0.0469603985583137
1.27090301003344 0.0485218760608068
1.30434782608696 0.0498522705259947
1.33779264214047 0.0512171787990561
1.37123745819398 0.0526173875019545
1.40468227424749 0.0540536951619465
1.438127090301 0.0555269120408706
1.47157190635451 0.0570378599385067
1.50501672240803 0.0585873719686906
1.53846153846154 0.0601762923068415
1.57190635451505 0.0618054759075356
1.60535117056856 0.0634757881907354
1.63879598662207 0.065188104695265
1.67224080267559 0.066943310698105
1.7056856187291 0.0687423007980692
1.73913043478261 0.0705859784624132
1.77257525083612 0.0724752555349245
1.80602006688963 0.07441105170404
1.83946488294314 0.076394293929547
1.87290969899666 0.0784259158264307
1.90635451505017 0.0805068570044523
1.93979933110368 0.0826380623620646
1.97324414715719 0.0848204813333034
2.0066889632107 0.0870550670863351
2.04013377926421 0.0893427756723839
2.07357859531773 0.0916845651238243
2.10702341137124 0.0940813945002848
2.14046822742475 0.09653422288169
2.17391304347826 0.0990440083072502
2.20735785953177 0.101611706659506
2.24080267558528 0.104238270492648
2.2742474916388 0.106924647804442
2.30769230769231 0.109671780751236
2.34113712374582 0.112480604305662
2.37458193979933 0.115352044856804
2.40802675585284 0.11828701875278
2.44147157190635 0.121286430785873
2.47491638795987 0.124351172620538
2.50836120401338 0.127482121164827
2.54180602006689 0.130680136886016
2.5752508361204 0.133946062071439
2.60869565217391 0.137280719035801
2.64214046822742 0.140684908276516
2.67558528428094 0.144159406578883
2.70903010033445 0.147704965073227
2.74247491638796 0.151322307246429
2.77591973244147 0.155012126910588
2.80936454849498 0.158775086131888
2.84280936454849 0.162611813123101
2.87625418060201 0.166522900103461
2.90969899665552 0.170508901130051
2.94314381270903 0.174570329905167
2.97658862876254 0.178707657564506
3.01003344481605 0.182921310451372
3.04347826086956 0.187211667882485
3.07692307692308 0.19157905991132
3.11036789297659 0.19602376509525
3.1438127090301 0.200546008273164
3.17725752508361 0.205145958360504
3.21070234113712 0.209823726169046
3.24414715719064 0.214579362259025
3.27759197324415 0.219412854831516
3.31103678929766 0.224324127669239
3.34448160535117 0.229313038134187
3.37792642140468 0.234379375230726
3.41137123745819 0.23952285774295
3.44481605351171 0.244743132455249
3.47826086956522 0.250039772465141
3.51170568561873 0.255412275597502
3.54515050167224 0.260860062929301
3.57859531772575 0.266382477433982
3.61204013377926 0.271978782754495
3.64548494983278 0.277648162113887
3.67892976588629 0.283389717372152
3.7123745819398 0.289202468237812
3.74581939799331 0.295085351642381
3.77926421404682 0.301037221285519
3.81270903010033 0.307056847358246
3.84615384615385 0.313142916451127
3.87959866220736 0.319294031653759
3.91304347826087 0.325508712851345
3.94648829431438 0.331785397223437
3.97993311036789 0.338122439949244
4.0133779264214 0.344518115123129
4.04682274247492 0.350970616883124
4.08026755852843 0.357478060754393
4.11371237458194 0.364038485208733
4.14715719063545 0.370649853440225
4.18060200668896 0.37731005535619
4.21404682274247 0.384016909781642
4.24749163879599 0.39076816687439
4.2809364548495 0.397561510746937
4.31438127090301 0.404394562290316
4.34782608695652 0.411264882193946
4.38127090301003 0.418169974154624
4.41471571906354 0.425107288266739
4.44816053511706 0.432074224584865
4.48160535117057 0.439068136848919
4.51505016722408 0.446086336361219
4.54849498327759 0.453126096003894
4.5819397993311 0.460184654384344
4.61538461538461 0.467259220095702
4.64882943143813 0.4743469760786
4.68227424749164 0.481445084069954
4.71571906354515 0.488550689123982
4.74916387959866 0.495660924190247
4.78260869565217 0.502772914733183
4.81605351170569 0.509883783377312
4.8494983277592 0.516990654562221
4.88294314381271 0.524090659191304
4.91638795986622 0.531180939258306
4.94983277591973 0.538258652435844
4.98327759197324 0.545320976610305
5.01672240802676 0.552365114347823
5.05016722408027 0.559388297276451
5.08361204013378 0.566387790370136
5.11705685618729 0.573360896120642
5.1505016722408 0.580304958584248
5.18394648829431 0.58721736729073
5.21739130434783 0.594095561002923
5.25083612040134 0.600937031315979
5.28428093645485 0.607739326086343
5.31772575250836 0.614500052681364
5.35117056856187 0.621216881041432
5.38461538461538 0.627887546547519
5.4180602006689 0.63450985268801
5.45150501672241 0.641081673519705
5.48494983277592 0.647600955918946
5.51839464882943 0.654065721619779
5.55183946488294 0.660474069037126
5.58528428093645 0.666824174873908
5.61872909698997 0.673114295512027
5.65217391304348 0.679342768188082
5.68561872909699 0.685508011955557
5.7190635451505 0.691608528436142
5.75250836120401 0.697642902363609
5.78595317725753 0.703184311170718
5.81939799331104 0.707843967677804
5.85284280936455 0.712460385345856
5.88628762541806 0.716296472811398
5.91973244147157 0.720031231241849
5.95317725752508 0.723735786538887
5.9866220735786 0.727398610843148
6.02006688963211 0.730470461890402
6.05351170568562 0.733520378607544
6.08695652173913 0.736548230463569
6.12040133779264 0.739553894103392
6.15384615384615 0.742537253296388
6.18729096989967 0.745498198881161
6.22073578595318 0.748436628706657
6.25418060200669 0.750987031785762
6.2876254180602 0.753477720432469
6.32107023411371 0.755951592414616
6.35451505016722 0.758408598813051
6.38795986622074 0.760848694364636
6.42140468227425 0.763262307907719
6.45484949832776 0.76534363667068
6.48829431438127 0.767412243052344
6.52173913043478 0.769468106546665
6.55518394648829 0.771511208589949
6.58862876254181 0.773541532541126
6.62207357859532 0.775559063661639
6.65551839464883 0.777563789094954
6.68896321070234 0.779555697845738
6.72240802675585 0.781534780758687
6.75585284280936 0.783501030497048
6.78929765886288 0.785454441520829
6.82274247491639 0.78739501006473
6.8561872909699 0.789322734115804
6.88963210702341 0.791237613390858
6.92307692307692 0.793019845750007
6.95652173913043 0.794682997339163
6.98996655518395 0.796336217112353
7.02341137123746 0.797979509159169
7.05685618729097 0.79961287853942
7.09030100334448 0.801236331270621
7.12374581939799 0.802849874315419
7.1571906354515 0.804453515568951
7.19063545150502 0.806047263846136
7.22408026755853 0.807631128868922
7.25752508361204 0.809205121253468
7.29096989966555 0.810769252497299
7.32441471571906 0.81214330849623
7.35785953177257 0.813509512459555
7.39130434782609 0.81486804550829
7.4247491638796 0.816218917752224
7.45819397993311 0.81756213980172
7.49163879598662 0.818897722760712
7.52508361204013 0.820225678219698
7.55852842809364 0.821546018248725
7.59197324414716 0.822858755390378
7.62541806020067 0.824163902652766
7.65886287625418 0.825461473502514
7.69230769230769 0.826751481857758
7.7257525083612 0.828033942081147
7.75919732441471 0.829308868972855
7.79264214046823 0.830576277763601
7.82608695652174 0.831836184107679
7.85953177257525 0.833088604076009
7.89297658862876 0.834333554149198
7.92642140468227 0.835571051210614
7.95986622073579 0.836801112539489
7.9933110367893 0.838023755804034
8.02675585284281 0.839238999054578
8.06020066889632 0.840446860716731
8.09364548494983 0.841647359584567
8.12709030100334 0.842840514813845
8.16053511705686 0.844026345915242
8.19397993311037 0.845204872747622
8.22742474916388 0.846376115511341
8.26086956521739 0.847540094741571
8.2943143812709 0.848696831301667
8.32775919732441 0.849846346376561
8.36120401337793 0.850988661466194
8.39464882943144 0.852123798378988
8.42809364548495 0.853251779225342
8.46153846153846 0.854372626411185
8.49498327759197 0.855486362631551
8.52842809364548 0.856593010864207
8.561872909699 0.857692594363311
8.59531772575251 0.858785136653125
8.62876254180602 0.859870661521758
8.66220735785953 0.860949193014964
8.69565217391304 0.862020755429977
8.72909698996656 0.863085373309396
8.76254180602007 0.864143071435115
8.79598662207358 0.865193874822297
8.82943143812709 0.866237808713405
8.8628762541806 0.867274898572268
8.89632107023411 0.868305170078211
8.92976588628762 0.869328649120221
8.96321070234114 0.870345361791174
8.99665551839465 0.871355334382108
9.03010033444816 0.872358593376544
9.06354515050167 0.87335516544487
9.09698996655518 0.874345077438767
9.1304347826087 0.875328356385689
9.16387959866221 0.876305029483404
9.19732441471572 0.877275124094582
9.23076923076923 0.878238667741436
9.26421404682274 0.879195688100425
9.29765886287625 0.880146212997004
9.33110367892977 0.881090270400432
9.36454849498328 0.882027888418638
9.39799331103679 0.882959095293138
9.4314381270903 0.883883919394013
9.46488294314381 0.88479738029836
9.49832775919732 0.885640799463593
9.53177257525084 0.886478836046426
9.56521739130435 0.88731151281266
9.59866220735786 0.888138852604773
9.63210702341137 0.888960878338755
9.66555183946488 0.889777613000969
9.69899665551839 0.890589079645056
9.73244147157191 0.891395301388867
9.76588628762542 0.892196301411439
9.79933110367893 0.89299210295
9.83277591973244 0.893782729297014
9.86622073578595 0.894568203797258
9.89966555183946 0.895348549844936
9.93311036789298 0.896123790880831
9.96655518394649 0.89689395038949
10 0.89765905189644
