0 0.151701038972372
0.0334448160535117 0.153747612183722
0.0668896321070234 0.155816723931845
0.100334448160535 0.15790848551671
0.133779264214047 0.16002300496066
0.167224080267559 0.162160386894714
0.20066889632107 0.164320732444012
0.234113712374582 0.166504139112453
0.267558528428094 0.1687107006666
0.301003344481605 0.170940507018946
0.334448160535117 0.173193644110604
0.367892976588629 0.175470193793515
0.40133779264214 0.177770233712255
0.434782608695652 0.180093837185544
0.468227424749164 0.182441073087529
0.501672240802676 0.184812005728965
0.535117056856187 0.187798345217816
0.568561872909699 0.190998152596332
0.602006688963211 0.194239441427809
0.635451505016722 0.197522305877605
0.668896321070234 0.200846824251509
0.702341137123746 0.204213058532398
0.735785953177257 0.207621053921121
0.769230769230769 0.211070838382447
0.802675585284281 0.214562422196991
0.836120401337793 0.21809579752002
0.869565217391304 0.221670937948089
0.903010033444816 0.22528779809445
0.936454849498328 0.228946313174226
0.969899665551839 0.232646398600322
1.00334448160535 0.236387949591088
1.03678929765886 0.240170840790747
1.07023411371237 0.243994925903615
1.10367892976589 0.247860037343135
1.1371237458194 0.251765985896771
1.17056856187291 0.255712560407792
1.20401337792642 0.259699527474979
1.23745819397993 0.263726631171292
1.27090301003344 0.267793592782504
1.30434782608696 0.27190011056683
1.33779264214047 0.276045859536533
1.37123745819398 0.280230491262487
1.40468227424749 0.28445363370266
1.438127090301 0.288714891055442
1.47157190635451 0.293013843638716
1.50501672240803 0.297350047795555
1.53846153846154 0.301723035827369
1.57190635451505 0.306132315955297
1.60535117056856 0.310577372310602
1.63879598662207 0.315057664954766
1.67224080267559 0.31957262992995
1.7056856187291 0.324121679340402
1.73913043478261 0.32870420146538
1.77257525083612 0.333319560904051
1.80602006688963 0.337967098752803
1.83946488294314 0.342646132815305
1.87290969899666 0.347355957845623
1.90635451505017 0.352095845824578
1.93979933110368 0.356865046269498
1.97324414715719 0.361662786577427
2.0066889632107 0.366488272401752
2.04013377926421 0.37134068806218
2.07357859531773 0.376219196987858
2.10702341137124 0.38112294219338
2.14046822742475 0.386051046787343
2.17391304347826 0.391002614512998
2.20735785953177 0.395976730320502
2.24080267558528 0.400972460970151
2.2742474916388 0.405988855665906
2.30769230769231 0.411024946718462
2.34113712374582 0.416079750236975
2.37458193979933 0.421152266848534
2.40802675585284 0.426241482444359
2.44147157190635 0.431346368951624
2.47491638795987 0.436465885129743
2.50836120401338 0.441598977389879
2.54180602006689 0.446744580636368
2.5752508361204 0.451901619128671
2.60869565217391 0.457069007362435
2.64214046822742 0.46224565096815
2.67558528428094 0.467430447625856
2.70903010033445 0.472622287994305
2.74247491638796 0.477820056652933
2.77591973244147 0.483022633054943
2.80936454849498 0.488228892489802
2.84280936454849 0.493437707053384
2.87625418060201 0.498647946623993
2.90969899665552 0.503858479842477
2.94314381270903 0.509068175094619
2.97658862876254 0.514275901494005
3.01003344481605 0.519480529863546
3.04347826086956 0.524680933713846
3.07692307692308 0.529875990216622
3.11036789297659 0.535064581171387
3.1438127090301 0.540245593963635
3.17725752508361 0.545417922512795
3.21070234113712 0.550580468208245
3.24414715719064 0.555732140831724
3.27759197324415 0.560871859464518
3.31103678929766 0.565998553377839
3.34448160535117 0.571111162904881
3.37792642140468 0.576208640293069
3.41137123745819 0.581289950535113
3.44481605351171 0.5863540721775
3.47826086956522 0.591399998105169
3.51170568561873 0.596426736301144
3.54515050167224 0.601433310580009
3.57859531772575 0.606418761294155
3.61204013377926 0.611382146011834
3.64548494983278 0.616322540166117
3.67892976588629 0.621239037673942
3.7123745819398 0.62613075152452
3.74581939799331 0.63099681433646
3.77926421404682 0.635836378883038
3.81270903010033 0.640648618585145
3.84615384615385 0.645432727971513
3.87959866220736 0.650187923105921
3.91304347826087 0.654913441981141
3.94648829431438 0.659608544879507
3.97993311036789 0.664272514700017
4.0133779264214 0.668904657252016
4.04682274247492 0.67350430151554
4.08026755852843 0.678070799868498
4.11371237458194 0.682603528280939
4.14715719063545 0.687101886476729
4.18060200668896 0.691565298063004
4.21404682274247 0.695993210627878
4.24749163879599 0.700385095806884
4.2809364548495 0.704740449318754
4.31438127090301 0.709058790971142
4.34782608695652 0.713339664636973
4.38127090301003 0.717582638202156
4.41471571906354 0.721787303485424
4.44816053511706 0.725953276131112
4.48160535117057 0.730080195475739
4.51505016722408 0.734167724389271
4.54849498327759 0.738215549091972
4.5819397993311 0.742223378947813
4.61538461538461 0.746190946235375
4.64882943143813 0.750118005897259
4.68227424749164 0.754004335268985
4.71571906354515 0.757849733788412
4.74916387959866 0.761654022686693
4.78260869565217 0.765417044661806
4.81605351170569 0.769138663535691
4.8494983277592 0.772818763896026
4.88294314381271 0.776457250723686
4.91638795986622 0.780054049006903
4.94983277591973 0.783609103343147
4.98327759197324 0.787122377529755
5.01672240802676 0.790593854144275
5.05016722408027 0.794023534115543
5.08361204013378 0.797411436286428
5.11705685618729 0.800757596969217
5.1505016722408 0.804062069494549
5.18394648829431 0.807324923754819
5.21739130434783 0.811431135679027
5.25083612040134 0.816524924851926
5.28428093645485 0.82151138317962
5.31772575250836 0.826391134696165
5.35117056856187 0.831164895177407
5.38461538461538 0.83583346697689
5.4180602006689 0.840397733888314
5.45150501672241 0.844858656052178
5.48494983277592 0.849217264922854
5.51839464882943 0.853474658310913
5.55183946488294 0.857631995514195
5.58528428093645 0.861690492549704
5.61872909698997 0.865651417497126
5.65217391304348 0.869516085963464
5.68561872909699 0.873285856677036
5.7190635451505 0.876962127217927
5.75250836120401 0.880546329890787
5.78595317725753 0.884039927744856
5.81939799331104 0.88744441074504
5.85284280936455 0.890761292096905
5.88628762541806 0.893992104727591
5.91973244147157 0.897138397923782
5.95317725752508 0.900201734127146
5.9866220735786 0.903183685886915
6.02006688963211 0.906085832968658
6.05351170568562 0.908909759617719
6.08695652173913 0.911657051975259
6.12040133779264 0.914329295644385
6.15384615384615 0.916928073403428
6.18729096989967 0.919454963063074
6.22073578595318 0.921911535463753
6.25418060200669 0.924299352609394
6.2876254180602 0.926619965933458
6.32107023411371 0.928874914692966
6.35451505016722 0.931065724486099
6.38795986622074 0.933193905888816
6.42140468227425 0.935260953205891
6.45484949832776 0.93726834333168
6.48829431438127 0.939217534715937
6.52173913043478 0.941109966429981
6.55518394648829 0.942947057328536
6.58862876254181 0.944730205302618
6.62207357859532 0.946460786618895
6.65551839464883 0.948140155341008
6.68896321070234 0.949769642828457
6.72240802675585 0.951350557308712
6.75585284280936 0.952884183518357
6.78929765886288 0.954371782409158
6.82274247491639 0.955814590915093
6.8561872909699 0.957213821776493
6.88963210702341 0.958570663417578
6.92307692307692 0.959988698648683
6.95652173913043 0.961360273055554
6.98996655518395 0.962686657823681
7.02341137123746 0.96396921826683
7.05685618729097 0.965209286838863
7.09030100334448 0.966408163333502
7.12374581939799 0.967567115132118
7.1571906354515 0.968687377495174
7.19063545150502 0.969770153893166
7.22408026755853 0.970816616373135
7.25752508361204 0.971827905957087
7.29096989966555 0.97280513306882
7.32441471571906 0.973749377985939
7.35785953177257 0.974661691313975
7.39130434782609 0.975543094479786
7.4247491638796 0.976394580241563
7.45819397993311 0.97721711321296
7.49163879598662 0.97801163039905
7.52508361204013 0.978779041741969
7.55852842809364 0.979520230674248
7.59197324414716 0.980236054678023
7.62541806020067 0.980927345848418
7.65886287625418 0.981594911459549
7.69230769230769 0.982239534531725
7.7257525083612 0.982861974398527
7.75919732441471 0.983462967272584
7.79264214046823 0.984043226808949
7.82608695652174 0.984603444665087
7.85953177257525 0.985144291056582
7.89297658862876 0.985666415307763
7.92642140468227 0.986170446396512
7.95986622073579 0.986656993492623
7.9933110367893 0.987126646489124
8.02675585284281 0.98757997652606
8.06020066889632 0.98801753650629
8.09364548494983 0.988439861602916
8.12709030100334 0.988847469757993
8.16053511705686 0.989240862172253
8.19397993311037 0.989620523785596
8.22742474916388 0.989986923748148
8.26086956521739 0.990340515881735
8.2943143812709 0.990681739131643
8.32775919732441 0.991011018008581
8.36120401337793 0.991328763020789
8.39464882943144 0.991635371096248
8.42809364548495 0.991931225994994
8.46153846153846 0.992216698711562
8.49498327759197 0.992492147867565
8.52842809364548 0.992757920094501
8.561872909699 0.993014350406832
8.59531772575251 0.993261762565437
8.62876254180602 0.99350046943153
8.66220735785953 0.993730773311166
8.69565217391304 0.993952966290446
8.72909698996656 0.994167330561569
8.76254180602007 0.994374138739848
8.79598662207358 0.994573654171866
8.82943143812709 0.994766131234906
8.8628762541806 0.994951815627819
8.89632107023411 0.995130944653495
8.92976588628762 0.995303747493103
8.96321070234114 0.995470445472272
8.99665551839465 0.995631252319373
9.03010033444816 0.995786374416096
9.06354515050167 0.995936011040477
9.09698996655518 0.996080354602556
9.1304347826087 0.996219590872845
9.16387959866221 0.996353899203782
9.19732441471572 0.996483452744324
9.23076923076923 0.996608418647887
9.26421404682274 0.996728958273766
9.29765886287625 0.996845227382241
9.33110367892977 0.996957376323501
9.36454849498328 0.997065550220587
9.39799331103679 0.997169889146484
9.4314381270903 0.997270528295549
9.46488294314381 0.997367598149423
9.49832775919732 0.997461224637575
9.53177257525084 0.997551529292651
9.56521739130435 0.997638629400754
9.59866220735786 0.997722638146825
9.63210702341137 0.997803664755251
9.66555183946488 0.997881814625851
9.69899665551839 0.997957189465381
9.73244147157191 0.998029887414676
9.76588628762542 0.998100003171584
9.79933110367893 0.998167628109806
9.83277591973244 0.998232850393766
9.86622073578595 0.998295755089647
9.89966555183946 0.998356424272696
9.93311036789298 0.99841493713093
9.96655518394649 0.998471370065341
10 0.998525796786727
