0 0.390829006042963
0.0334448160535117 0.391794121561089
0.0668896321070234 0.392760083744485
0.100334448160535 0.393726885767737
0.133779264214047 0.394694520779759
0.167224080267559 0.395662981903966
0.20066889632107 0.396632262238452
0.234113712374582 0.397602354856167
0.267558528428094 0.398573252805101
0.301003344481605 0.399544949108462
0.334448160535117 0.400517436764863
0.367892976588629 0.401490708748503
0.40133779264214 0.402464758009358
0.434782608695652 0.403439577473368
0.468227424749164 0.404415160042624
0.501672240802676 0.405391498595563
0.535117056856187 0.406368585987159
0.568561872909699 0.407346415049117
0.602006688963211 0.408324978590072
0.635451505016722 0.409304269395781
0.668896321070234 0.410284280229325
0.702341137123746 0.411265003831312
0.735785953177257 0.412246432920072
0.769230769230769 0.413228560191866
0.802675585284281 0.414211378321089
0.836120401337793 0.415194879960476
0.869565217391304 0.416179057741308
0.903010033444816 0.417163904273623
0.936454849498328 0.418149412146426
0.969899665551839 0.4191355739279
1.00334448160535 0.420122382165618
1.03678929765886 0.421109829386762
1.07023411371237 0.422097908098333
1.10367892976589 0.42308661078737
1.1371237458194 0.424075929921173
1.17056856187291 0.425065857947515
1.20401337792642 0.426056387294869
1.23745819397993 0.427047510372627
1.27090301003344 0.428039219571326
1.30434782608696 0.429031507262872
1.33779264214047 0.430024365800763
1.37123745819398 0.431017787520323
1.40468227424749 0.432011764738924
1.438127090301 0.43300628975622
1.47157190635451 0.434001354854375
1.50501672240803 0.434996952298298
1.53846153846154 0.435993074335874
1.57190635451505 0.436989713198198
1.60535117056856 0.437986861099814
1.63879598662207 0.438984510238948
1.67224080267559 0.439982652797746
1.7056856187291 0.440981280942518
1.73913043478261 0.441980386823969
1.77257525083612 0.442979962577448
1.80602006688963 0.443980000323186
1.83946488294314 0.444980492166541
1.87290969899666 0.445981430198239
1.90635451505017 0.446982806494622
1.93979933110368 0.447984613117895
1.97324414715719 0.448986842116367
2.0066889632107 0.449989485524708
2.04013377926421 0.450992535364189
2.07357859531773 0.455009461931895
2.10702341137124 0.459239086403053
2.14046822742475 0.463474591679563
2.17391304347826 0.467715373627119
2.20735785953177 0.471960825070731
2.24080267558528 0.476210336139856
2.2742474916388 0.480463294616838
2.30769230769231 0.484719086288222
2.34113712374582 0.488977095298516
2.37458193979933 0.493236704505985
2.40802675585284 0.497497295840013
2.44147157190635 0.501758250659626
2.47491638795987 0.506018950112709
2.50836120401338 0.510278775495486
2.54180602006689 0.514537108611817
2.5752508361204 0.518793332131871
2.60869565217391 0.523046829949729
2.64214046822742 0.527296987539474
2.67558528428094 0.531543192309348
2.70903010033445 0.535784833953519
2.74247491638796 0.540021304801056
2.77591973244147 0.544252000161668
2.80936454849498 0.548476318667808
2.84280936454849 0.552693662612731
2.87625418060201 0.556903438284098
2.90969899665552 0.561105056292756
2.94314381270903 0.565297931896289
2.97658862876254 0.569481485316997
3.01003344481605 0.57365514205393
3.04347826086956 0.577818333188627
3.07692307692308 0.581970495684252
3.11036789297659 0.586111072677777
3.1438127090301 0.590239513764932
3.17725752508361 0.594355275277613
3.21070234113712 0.598457820553483
3.24414715719064 0.602546620197503
3.27759197324415 0.606621152335144
3.31103678929766 0.610680902857051
3.34448160535117 0.614725365654954
3.37792642140468 0.618754042848621
3.41137123745819 0.62276644500367
3.44481605351171 0.626762091340093
3.47826086956522 0.63074050993133
3.51170568561873 0.634701237893766
3.54515050167224 0.638643821566553
3.57859531772575 0.64256781668164
3.61204013377926 0.646472788523954
3.64548494983278 0.650358312081654
3.67892976588629 0.654223972186422
3.7123745819398 0.658069363643764
3.74581939799331 0.661894091353303
3.77926421404682 0.665697770419068
3.81270903010033 0.669480026249805
3.84615384615385 0.673240494649341
3.87959866220736 0.676978821897043
3.91304347826087 0.680694664818455
3.94648829431438 0.684387690846169
3.97993311036789 0.688057578071035
4.0133779264214 0.691704015283819
4.04682274247492 0.695326702007411
4.08026755852843 0.698925348519727
4.11371237458194 0.702499675867443
4.14715719063545 0.706049415870708
4.18060200668896 0.709574311119006
4.21404682274247 0.713074114958338
4.24749163879599 0.716548591469904
4.2809364548495 0.719997515440482
4.31438127090301 0.723420672324694
4.34782608695652 0.726817858199375
4.38127090301003 0.730188879710258
4.41471571906354 0.73353355401119
4.44816053511706 0.73685170869611
4.48160535117057 0.740143181724017
4.51505016722408 0.743407821337169
4.54849498327759 0.746645485972753
4.5819397993311 0.749856044168258
4.61538461538461 0.753039374460817
4.64882943143813 0.756195365280752
4.68227424749164 0.75932391483958
4.71571906354515 0.762424931012724
4.74916387959866 0.765498331217201
4.78260869565217 0.768544042284512
4.81605351170569 0.771562000329018
4.8494983277592 0.774552150612026
4.88294314381271 0.777514447401859
4.91638795986622 0.780448853830151
4.94983277591973 0.783355341744608
4.98327759197324 0.786233891558499
5.01672240802676 0.789084492097101
5.05016722408027 0.791907140441351
5.08361204013378 0.794701841768939
5.11705685618729 0.797468609193071
5.1505016722408 0.800207463599141
5.18394648829431 0.802918433479522
5.21739130434783 0.80560155476672
5.25083612040134 0.808256870665076
5.28428093645485 0.810884431481262
5.31772575250836 0.813484294453746
5.35117056856187 0.816056523581452
5.38461538461538 0.818601189451789
5.4180602006689 0.821118369068257
5.45150501672241 0.823608145677808
5.48494983277592 0.82607060859813
5.51839464882943 0.828505853045047
5.55183946488294 0.830913979960183
5.58528428093645 0.833295095839064
5.61872909698997 0.835649312559805
5.65217391304348 0.837976747212534
5.68561872909699 0.840758303107639
5.7190635451505 0.844517474357437
5.75250836120401 0.84820392597522
5.78595317725753 0.851818309079655
5.81939799331104 0.855361306369553
5.85284280936455 0.858833630083099
5.88628762541806 0.86223601999563
5.91973244147157 0.865569241459021
5.95317725752508 0.86883408348539
5.9866220735786 0.872031356877549
6.02006688963211 0.875161892408291
6.05351170568562 0.878226539050363
6.08695652173913 0.881226162258636
6.12040133779264 0.884161642305789
6.15384615384615 0.887033872672499
6.18729096989967 0.889843758492959
6.22073578595318 0.892592215056274
6.25418060200669 0.895280166364104
6.2876254180602 0.897908543744704
6.32107023411371 0.900478284523351
6.35451505016722 0.902990330748954
6.38795986622074 0.905445627976513
6.42140468227425 0.907845124104919
6.45484949832776 0.910189768269485
6.48829431438127 0.912480509788455
6.52173913043478 0.914718297162649
6.55518394648829 0.916904077127286
6.58862876254181 0.919038793754961
6.62207357859532 0.921123387608658
6.65551839464883 0.923158794943635
6.68896321070234 0.925145946956932
6.72240802675585 0.927085769083237
6.75585284280936 0.92897918033578
6.78929765886288 0.930827092690907
6.82274247491639 0.932630410514947
6.8561872909699 0.934390030031984
6.88963210702341 0.936106838831124
6.92307692307692 0.937781715411824
6.95652173913043 0.939415528765892
6.98996655518395 0.94100913799472
7.02341137123746 0.942563391960348
7.05685618729097 0.944079128968978
7.09030100334448 0.945557176485531
7.12374581939799 0.946998350877907
7.1571906354515 0.948403457189602
7.19063545150502 0.949773288939352
7.22408026755853 0.951108627946535
7.25752508361204 0.952410244181045
7.29096989966555 0.953744364847567
7.32441471571906 0.955065283991652
7.35785953177257 0.956350208120664
7.39130434782609 0.957600020582604
7.4247491638796 0.958815588582522
7.45819397993311 0.959997763148523
7.49163879598662 0.961147379122299
7.52508361204013 0.962265255172588
7.55852842809364 0.963352193830025
7.59197324414716 0.964408981541913
7.62541806020067 0.965436388745503
7.65886287625418 0.966435169958436
7.69230769230769 0.967406063885051
7.7257525083612 0.968349793537312
7.75919732441471 0.969267066369205
7.79264214046823 0.970158574423452
7.82608695652174 0.971024994489492
7.85953177257525 0.971866988271718
7.89297658862876 0.972685202566988
7.92642140468227 0.973480269450522
7.95986622073579 0.974252806469301
7.9933110367893 0.975003416842168
8.02675585284281 0.975732689665846
8.06020066889632 0.976441200126156
8.09364548494983 0.977129509713747
8.12709030100334 0.977798166443698
8.16053511705686 0.978447705078372
8.19397993311037 0.979078647352982
8.22742474916388 0.979691502203316
8.26086956521739 0.980286765995125
8.2943143812709 0.980864922754728
8.32775919732441 0.981426444400383
8.36120401337793 0.981971790974027
8.39464882943144 0.982501410873022
8.42809364548495 0.983015741081542
8.46153846153846 0.983515207401296
8.49498327759197 0.984000224681283
8.52842809364548 0.984471197046306
8.561872909699 0.984928518123999
8.59531772575251 0.985372571270135
8.62876254180602 0.985803729792001
8.66220735785953 0.986222357169653
8.69565217391304 0.986628807274879
8.72909698996656 0.987023424587701
8.76254180602007 0.9874065444103
8.79598662207358 0.987787009208294
8.82943143812709 0.988165099513499
8.8628762541806 0.988531620778783
8.89632107023411 0.988886918709259
8.92976588628762 0.989231329186033
8.96321070234114 0.989565178514209
8.99665551839465 0.989888783666611
9.03010033444816 0.99020245252315
9.06354515050167 0.990506484105792
9.09698996655518 0.990801168809086
9.1304347826087 0.991086788626227
9.16387959866221 0.991363617370631
9.19732441471572 0.991631920893025
9.23076923076923 0.991891957294034
9.26421404682274 0.992143977132298
9.29765886287625 0.992388223628104
9.33110367892977 0.992624932862584
9.36454849498328 0.992854333972481
9.39799331103679 0.993076649340537
9.4314381270903 0.993292094781523
9.46488294314381 0.993500879723968
9.49832775919732 0.993703207387623
9.53177257525084 0.993899274956711
9.56521739130435 0.994089273749024
9.59866220735786 0.994273389380913
9.63210702341137 0.994451801928234
9.66555183946488 0.994624686083307
9.69899665551839 0.994792211307962
9.73244147157191 0.994954541982717
9.76588628762542 0.995111837552168
9.79933110367893 0.995264252666656
9.83277591973244 0.995411937320273
9.86622073578595 0.995555036985276
9.89966555183946 0.995693692742986
9.93311036789298 0.995828041411229
9.96655518394649 0.995958215668399
10 0.996084344174208
