0 0.101733010193543
0.0334448160535117 0.10333644831044
0.0668896321070234 0.104962205551335
0.100334448160535 0.106610499195328
0.133779264214047 0.108281545649649
0.167224080267559 0.109975560333556
0.20066889632107 0.111692757559191
0.234113712374582 0.113433350409395
0.267558528428094 0.115197550612484
0.301003344481605 0.116985568413982
0.334448160535117 0.118797612445325
0.367892976588629 0.120633889589549
0.40133779264214 0.122494604843968
0.434782608695652 0.124379961179873
0.468227424749164 0.126290159399274
0.501672240802676 0.128225397988707
0.535117056856187 0.130185872970151
0.568561872909699 0.13217177774909
0.602006688963211 0.134183302959761
0.635451505016722 0.136220636307644
0.668896321070234 0.138283962409248
0.702341137123746 0.140373462629248
0.735785953177257 0.142489314915056
0.769230769230769 0.144631693628879
0.802675585284281 0.146800769377358
0.836120401337793 0.148996708838871
0.869565217391304 0.151219674588585
0.903010033444816 0.153469824921369
0.936454849498328 0.155747313672659
0.969899665551839 0.158052290037396
1.00334448160535 0.160384898387157
1.03678929765886 0.162745278085596
1.07023411371237 0.165133563302345
1.10367892976589 0.167629208684889
1.1371237458194 0.170429019255362
1.17056856187291 0.173265859111352
1.20401337792642 0.176139892920186
1.23745819397993 0.179051274723397
1.27090301003344 0.182000147559788
1.30434782608696 0.184986643087765
1.33779264214047 0.188010881207429
1.37123745819398 0.19107296968295
1.40468227424749 0.194173003765759
1.438127090301 0.19731106581913
1.47157190635451 0.200487224944716
1.50501672240803 0.203701536611646
1.53846153846154 0.206954042288803
1.57190635451505 0.210244769080912
1.60535117056856 0.213573729369094
1.63879598662207 0.216940920456547
1.67224080267559 0.22034632422005
1.7056856187291 0.223789906767973
1.73913043478261 0.227271618105509
1.77257525083612 0.23079139180785
1.80602006688963 0.234349144702037
1.83946488294314 0.237944776558221
1.87290969899666 0.241578169791087
1.90635451505017 0.245249189172185
1.93979933110368 0.248957681553943
1.97324414715719 0.252703475606087
2.0066889632107 0.256486381565269
2.04013377926421 0.260306190998617
2.07357859531773 0.264162676581989
2.10702341137124 0.268055591893665
2.14046822742475 0.271984671224214
2.17391304347826 0.275949629403268
2.20735785953177 0.279950161643912
2.24080267558528 0.283985943405395
2.2742474916388 0.288056630274839
2.30769230769231 0.292161857868611
2.34113712374582 0.29630124175399
2.37458193979933 0.300474377391754
2.40802675585284 0.304680840100269
2.44147157190635 0.30892018504163
2.47491638795987 0.313191947230395
2.50836120401338 0.317495641565388
2.54180602006689 0.321830762885031
2.5752508361204 0.326196786046624
2.60869565217391 0.330593166029934
2.64214046822742 0.335019338065435
2.67558528428094 0.339474717787482
2.70903010033445 0.343958701412645
2.74247491638796 0.348470665943402
2.77591973244147 0.353009969397323
2.80936454849498 0.357575951061829
2.84280936454849 0.362167931774555
2.87625418060201 0.366785214229289
2.90969899665552 0.371427083307408
2.94314381270903 0.376092806434672
2.97658862876254 0.380781633963173
3.01003344481605 0.385492799578181
3.04347826086956 0.39022552072958
3.07692307692308 0.394978999087501
3.11036789297659 0.399752421021739
3.1438127090301 0.404544958104436
3.17725752508361 0.409355767635491
3.21070234113712 0.41418399319008
3.24414715719064 0.419028765187623
3.27759197324415 0.423889201481459
3.31103678929766 0.428764407968465
3.34448160535117 0.433653479217774
3.37792642140468 0.438555499117718
3.41137123745819 0.443469541540042
3.44481605351171 0.448394671020439
3.47826086956522 0.453329943454342
3.51170568561873 0.458274406806932
3.54515050167224 0.463227101836242
3.57859531772575 0.468187062828208
3.61204013377926 0.473153318342493
3.64548494983278 0.478124891967869
3.67892976588629 0.483100803085923
3.7123745819398 0.48808006764182
3.74581939799331 0.493061698920852
3.77926421404682 0.498044708329453
3.81270903010033 0.503028106179397
3.84615384615385 0.508010902473831
3.87959866220736 0.512992107693836
3.91304347826087 0.51797073358418
3.94648829431438 0.522945793936936
3.97993311036789 0.527916305371652
4.0133779264214 0.53288128811076
4.04682274247492 0.537839766748928
4.08026755852843 0.54279077101508
4.11371237458194 0.547733336525825
4.14715719063545 0.552666505529062
4.18060200668896 0.557589327636558
4.21404682274247 0.562500860544327
4.24749163879599 0.567400170739672
4.2809364548495 0.57228633419378
4.31438127090301 0.57715843703883
4.34782608695652 0.582015576228568
4.38127090301003 0.586856860181405
4.41471571906354 0.591681409405098
4.44816053511706 0.59648835710214
4.48160535117057 0.601276849755046
4.51505016722408 0.606046047690759
4.54849498327759 0.610795125623462
4.5819397993311 0.615523273175154
4.61538461538461 0.620229695373358
4.64882943143813 0.624913613125467
4.68227424749164 0.629574263669197
4.71571906354515 0.634210900998759
4.74916387959866 0.638822796266373
4.78260869565217 0.64340923815882
4.81605351170569 0.64796953324879
4.8494983277592 0.652503006320842
4.88294314381271 0.657009000671837
4.91638795986622 0.661486878385796
4.94983277591973 0.665936020583142
4.98327759197324 0.670355827644394
5.01672240802676 0.674745719408379
5.05016722408027 0.679105135345143
5.08361204013378 0.683433534703725
5.11705685618729 0.68773039663507
5.1505016722408 0.691995220290354
5.18394648829431 0.696227524895079
5.21739130434783 0.700426849799295
5.25083612040134 0.704592754504406
5.28428093645485 0.708724818666992
5.31772575250836 0.712822642080158
5.35117056856187 0.71688584463295
5.38461538461538 0.720914066248379
5.4180602006689 0.724906966800676
5.45150501672241 0.728864226012368
5.48494983277592 0.732785543331849
5.51839464882943 0.736670637792079
5.55183946488294 0.740519247851128
5.58528428093645 0.74433113121525
5.61872909698997 0.748106064645202
5.65217391304348 0.751843843746552
5.68561872909699 0.755544282744706
5.7190635451505 0.759207214245394
5.75250836120401 0.762832488981392
5.78595317725753 0.766419975546208
5.81939799331104 0.769969560115514
5.85284280936455 0.773481146157067
5.88628762541806 0.776954654129879
5.91973244147157 0.780390021173394
5.95317725752508 0.783787200787403
5.9866220735786 0.787146162503453
6.02006688963211 0.790466891548458
6.05351170568562 0.793749388501256
6.08695652173913 0.796993668942796
6.12040133779264 0.800199763100659
6.15384615384615 0.803367715488595
6.18729096989967 0.806497584541739
6.22073578595318 0.809589442248144
6.25418060200669 0.812643373777284
6.2876254180602 0.815659477106113
6.32107023411371 0.818637862643303
6.35451505016722 0.82157865285221
6.38795986622074 0.825583816161241
6.42140468227425 0.829657933275536
6.45484949832776 0.833656059324015
6.48829431438127 0.837578715802747
6.52173913043478 0.841426465088483
6.55518394648829 0.845199908204386
6.58862876254181 0.848899682610581
6.62207357859532 0.852526460024106
6.65551839464883 0.856080944272464
6.68896321070234 0.859563869184617
6.72240802675585 0.862975996522933
6.75585284280936 0.866318113959192
6.78929765886288 0.86959103309746
6.82274247491639 0.872795587546315
6.8561872909699 0.87593263104255
6.88963210702341 0.879003035628219
6.92307692307692 0.882007689882584
6.95652173913043 0.884947497210231
6.98996655518395 0.887823374186394
7.02341137123746 0.890636248960234
7.05685618729097 0.893387059716633
7.09030100334448 0.896076753196801
7.12374581939799 0.898706283277828
7.1571906354515 0.901276609611088
7.19063545150502 0.903788696319262
7.22408026755853 0.906243510751539
7.25752508361204 0.908642022296467
7.29096989966555 0.910985201251726
7.32441471571906 0.913274017750013
7.35785953177257 0.915509440740124
7.39130434782609 0.917692437022172
7.4247491638796 0.919823970335857
7.45819397993311 0.921905000500566
7.49163879598662 0.923936482606068
7.52508361204013 0.925919366252472
7.55852842809364 0.927854594838082
7.59197324414716 0.929743104893758
7.62541806020067 0.931585825462333
7.65886287625418 0.933383677521638
7.69230769230769 0.935137573449648
7.7257525083612 0.936848416530275
7.75919732441471 0.938517100498297
7.79264214046823 0.940144509121949
7.82608695652174 0.941731515821687
7.85953177257525 0.943278983323633
7.89297658862876 0.944787763346263
7.92642140468227 0.946258696318873
7.95986622073579 0.947692611130411
7.9933110367893 0.949090324907274
8.02675585284281 0.950452642818691
8.06020066889632 0.951780357908358
8.09364548494983 0.953074250950995
8.12709030100334 0.954335090332564
8.16053511705686 0.955563631952883
8.19397993311037 0.956760619149431
8.22742474916388 0.95792678264116
8.26086956521739 0.959062840491185
8.2943143812709 0.960169498087234
8.32775919732441 0.961247448138796
8.36120401337793 0.962297370689942
8.39464882943144 0.963319933146819
8.42809364548495 0.964315790318865
8.46153846153846 0.965285584472828
8.49498327759197 0.966229945398706
8.52842809364548 0.967149490486761
8.561872909699 0.968044824814798
8.59531772575251 0.968916541244943
8.62876254180602 0.969765220529159
8.66220735785953 0.970591431422819
8.69565217391304 0.971395730805642
8.72909698996656 0.972178663809361
8.76254180602007 0.972940763951508
8.79598662207358 0.973682553274743
8.82943143812709 0.974404542491163
8.8628762541806 0.975107231131086
8.89632107023411 0.9757911076958
8.92976588628762 0.976456649813822
8.96321070234114 0.977104324400218
8.99665551839465 0.977734587818567
9.03010033444816 0.978347886045181
9.06354515050167 0.978944654835207
9.09698996655518 0.979525319890261
9.1304347826087 0.980090297027277
9.16387959866221 0.98063999234825
9.19732441471572 0.981174802410604
9.23076923076923 0.981695114397895
9.26421404682274 0.982201306290625
9.29765886287625 0.982693747036909
9.33110367892977 0.98317279672279
9.36454849498328 0.983638806742003
9.39799331103679 0.984092119964994
9.4314381270903 0.984533070907025
9.46488294314381 0.9849619858952
9.49832775919732 0.985379183234278
9.53177257525084 0.985784973371119
9.56521739130435 0.986179659057659
9.59866220735786 0.986563535512287
9.63210702341137 0.986936890579525
9.66555183946488 0.987300004887925
9.69899665551839 0.987653152006086
9.73244147157191 0.987996598596732
9.76588628762542 0.988330604568761
9.79933110367893 0.988655423227236
9.83277591973244 0.988971301421235
9.86622073578595 0.989278479689535
9.89966555183946 0.989577192404079
9.93311036789298 0.989867667911199
9.96655518394649 0.990150128670569
10 0.990424791391851
