0 0.000881408743196758
0.0334448160535117 0.000917885991265458
0.0668896321070234 0.00095587141206595
0.100334448160535 0.000995427239859627
0.133779264214047 0.0010366182666791
0.167224080267559 0.00107951194657944
0.20066889632107 0.00112417850406487
0.234113712374582 0.00117069104685184
0.267558528428094 0.00121912568313515
0.301003344481605 0.00126956164352958
0.334448160535117 0.0013220814078654
0.367892976588629 0.00137677083702232
0.40133779264214 0.00143371930999272
0.434782608695652 0.00149301986637135
0.468227424749164 0.0015547693544752
0.501672240802676 0.00161906858530421
0.535117056856187 0.00168602249255984
0.568561872909699 0.00175574029894602
0.602006688963211 0.00182833568898362
0.635451505016722 0.00190392698857697
0.668896321070234 0.00198263735157834
0.702341137123746 0.0020645949536034
0.735785953177257 0.00214993319335841
0.769230769230769 0.00223879090174716
0.802675585284281 0.00233131255903346
0.836120401337793 0.00242764852034233
0.869565217391304 0.00252795524979087
0.903010033444816 0.0026323955635471
0.936454849498328 0.0027411388821228
0.969899665551839 0.00285436149221354
1.00334448160535 0.00297224681840671
1.03678929765886 0.00309498570508529
1.07023411371237 0.0032227767088621
1.10367892976589 0.00335582640188606
1.1371237458194 0.00349434968636836
1.17056856187291 0.00363857012068251
1.20401337792642 0.00378872025739796
1.23745819397993 0.00394504199361202
1.27090301003344 0.00410778693394973
1.30434782608696 0.00427721676660488
1.33779264214047 0.0044536036527991
1.37123745819398 0.00463723063003807
1.40468227424749 0.00482839202954556
1.438127090301 0.00502739390825646
1.47157190635451 0.00523455449574927
1.50501672240803 0.00545020465649647
1.53846153846154 0.00567468836780784
1.57190635451505 0.00590836321383667
1.60535117056856 0.00615160089601201
1.63879598662207 0.00640478776025137
1.67224080267559 0.006668325341297
1.7056856187291 0.0069426309245062
1.73913043478261 0.00722813812540933
1.77257525083612 0.00752529748733101
1.80602006688963 0.00783457709734776
1.83946488294314 0.00815646322083007
1.87290969899666 0.00849146095478768
1.90635451505017 0.00884009490020387
1.93979933110368 0.00920290985350702
1.97324414715719 0.00958047151728518
2.0066889632107 0.00997336723030221
2.04013377926421 0.0103822067168208
2.07357859531773 0.0108076228551787
2.10702341137124 0.0112502724654987
2.14046822742475 0.0117108371163405
2.17391304347826 0.0121900239500223
2.20735785953177 0.0126885665262524
2.24080267558528 0.0132072256836121
2.2742474916388 0.0137467904183284
2.30769230769231 0.0143080787796558
2.34113712374582 0.0148919387810617
2.37458193979933 0.0154992493262708
2.40802675585284 0.0161309211490757
2.44147157190635 0.0167878977656568
2.47491638795987 0.017471156437979
2.50836120401338 0.0181817091466432
2.54180602006689 0.0189206035713656
2.5752508361204 0.0196889240770355
2.60869565217391 0.0204877927030672
2.64214046822742 0.0213183701535044
2.67558528428094 0.0221818567850667
2.70903010033445 0.0230794935900321
2.74247491638796 0.0240125631705421
2.77591973244147 0.0249823907005834
2.80936454849498 0.0259903448715502
2.84280936454849 0.0270378388169168
2.87625418060201 0.0281263310111581
2.90969899665552 0.0292573261376385
2.94314381270903 0.0304323759197525
2.97658862876254 0.0316530799091402
3.01003344481605 0.0329210862243198
3.04347826086956 0.0342380922325773
3.07692307692308 0.0356058451674278
3.11036789297659 0.037026142673423
3.1438127090301 0.0385008332695161
3.17725752508361 0.0400318167216173
3.21070234113712 0.0416210443143822
3.24414715719064 0.0432705190116674
3.27759197324415 0.0449822954944773
3.31103678929766 0.0467584800646027
3.34448160535117 0.0486012304015337
3.37792642140468 0.0505127551596087
3.41137123745819 0.0524953133917553
3.44481605351171 0.054551213785581
3.47826086956522 0.0566828136970032
3.51170568561873 0.0588925179660621
3.54515050167224 0.0611827774990594
3.57859531772575 0.0635560876007082
3.61204013377926 0.0660149860395836
3.64548494983278 0.0685620508298377
3.67892976588629 0.0711998977118991
3.7123745819398 0.0739311773147311
3.74581939799331 0.0767585719821856
3.77926421404682 0.0796847922460848
3.81270903010033 0.0827125729288899
3.84615384615385 0.0858446688592176
3.87959866220736 0.0890838501840277
3.91304347826087 0.092432897262078
3.94648829431438 0.0958945951242175
3.97993311036789 0.099471727487307
4.0133779264214 0.103167070310011
4.04682274247492 0.106983384880448
4.08026755852843 0.110923410427687
4.11371237458194 0.11498985625142
4.14715719063545 0.119185393366743
4.18060200668896 0.123512645663972
4.21404682274247 0.127974180586685
4.24749163879599 0.132572499334849
4.2809364548495 0.137310026603857
4.31438127090301 0.142189099874628
4.34782608695652 0.147211958274584
4.38127090301003 0.152380731034311
4.41471571906354 0.157697425569966
4.44816053511706 0.163163915227078
4.48160535117057 0.16878192672717
4.51505016722408 0.174553027364633
4.54849498327759 0.180478612007436
4.5819397993311 0.186559889961465
4.61538461538461 0.19279787176457
4.64882943143813 0.199193355982593
4.68227424749164 0.205746916085685
4.71571906354515 0.212458887489106
4.74916387959866 0.219329354848151
4.78260869565217 0.226358139701937
4.81605351170569 0.233544788565307
4.8494983277592 0.240888561571952
4.88294314381271 0.248388421774952
4.91638795986622 0.256043025213113
4.94983277591973 0.263850711852709
4.98327759197324 0.27180949751428
5.01672240802676 0.279917066893078
5.05016722408027 0.28817076777932
5.08361204013378 0.296567606580663
5.11705685618729 0.305104245244148
5.1505016722408 0.31377699966824
5.18394648829431 0.322581839687502
5.21739130434783 0.331514390702926
5.25083612040134 0.340569937020008
5.28428093645485 0.349743426944346
5.31772575250836 0.35902947967104
5.35117056856187 0.3684223939895
5.38461538461538 0.377916158809641
5.4180602006689 0.387504465498999
5.45150501672241 0.397180722003319
5.48494983277592 0.406938068705731
5.51839464882943 0.416769395962143
5.55183946488294 0.426667363233074
5.58528428093645 0.436624419715162
5.61872909698997 0.446632826359233
5.65217391304348 0.456684679146425
5.68561872909699 0.466771933479596
5.7190635451505 0.47688642953449
5.75250836120401 0.487019918403917
5.78595317725753 0.497164088858948
5.81939799331104 0.507310594543747
5.85284280936455 0.517451081415577
5.88628762541806 0.527577215238508
5.91973244147157 0.537680708938775
5.95317725752508 0.54775334963134
5.9866220735786 0.557787025131179
6.02006688963211 0.567773749768903
6.05351170568562 0.577705689338579
6.08695652173913 0.587575185015706
6.12040133779264 0.597374776095283
6.15384615384615 0.607097221413313
6.18729096989967 0.616735519329902
6.22073578595318 0.626282926167939
6.25418060200669 0.635732973018042
6.2876254180602 0.645079480837607
6.32107023411371 0.654316573789324
6.35451505016722 0.663438690781991
6.38795986622074 0.672440595193712
6.42140468227425 0.681317382774377
6.45484949832776 0.690064487740375
6.48829431438127 0.698677687089781
6.52173913043478 0.707153103180352
6.55518394648829 0.715487204625752
6.58862876254181 0.723676805577042
6.62207357859532 0.731719063466852
6.65551839464883 0.739611475302521
6.68896321070234 0.747351872601927
6.72240802675585 0.754938415071701
6.75585284280936 0.762369583132092
6.78929765886288 0.769644169395836
6.82274247491639 0.776761269210284
6.8561872909699 0.783720270372533
6.88963210702341 0.790520842126774
6.92307692307692 0.797162923551382
6.95652173913043 0.803646711440692
6.98996655518395 0.809972647782943
7.02341137123746 0.816141406931742
7.05685618729097 0.822153882563583
7.09030100334448 0.828011174508722
7.12374581939799 0.833714575537029
7.1571906354515 0.839265558174492
7.19063545150502 0.844665761619931
7.22408026755853 0.849916978825215
7.25752508361204 0.85502114379605
7.29096989966555 0.859980319164176
7.32441471571906 0.864796684075748
7.35785953177257 0.869472522434744
7.39130434782609 0.874010211534549
7.4247491638796 0.878412211105438
7.45819397993311 0.882681052800515
7.49163879598662 0.88681933013782
7.52508361204013 0.890829688911819
7.55852842809364 0.894714818083304
7.59197324414716 0.8984774411529
7.62541806020067 0.902120308019896
7.65886287625418 0.905646187324952
7.69230769230769 0.909057859272442
7.7257525083612 0.912358108925683
7.75919732441471 0.915549719966118
7.79264214046823 0.918635468905644
7.82608695652174 0.921618119739647
7.85953177257525 0.924500419026976
7.89297658862876 0.927285091381959
7.92642140468227 0.929974835362696
7.95986622073579 0.932572319739185
7.9933110367893 0.935080180124335
8.02675585284281 0.937501015950619
8.06020066889632 0.939837387774921
8.09364548494983 0.942091814894139
8.12709030100334 0.944266773254153
8.16053511705686 0.946364693634982
8.19397993311037 0.948387960095223
8.22742474916388 0.950338908659231
8.26086956521739 0.952219826230927
8.2943143812709 0.954032949718577
8.32775919732441 0.955780465355436
8.36120401337793 0.957464508201687
8.39464882943144 0.9590871618137
8.42809364548495 0.960650458067222
8.46153846153846 0.962156377121747
8.49498327759197 0.96360684751391
8.52842809364548 0.965003746368383
8.561872909699 0.966348899715373
8.59531772575251 0.967644082904419
8.62876254180602 0.968891021104797
8.66220735785953 0.970091389883416
8.69565217391304 0.971246815851679
8.72909698996656 0.972358877373313
8.76254180602007 0.973429105325721
8.79598662207358 0.974458983907922
8.82943143812709 0.975449951488628
8.8628762541806 0.976403401488505
8.89632107023411 0.977320683291069
8.92976588628762 0.978203103177149
8.96321070234114 0.979051925278222
8.99665551839465 0.979868372544312
9.03010033444816 0.980653627722519
9.06354515050167 0.98140883434258
9.09698996655518 0.98213509770619
9.1304347826087 0.982833485877104
9.16387959866221 0.983505030669334
9.19732441471572 0.984150728631013
9.23076923076923 0.984771542021749
9.26421404682274 0.985368399781521
9.29765886287625 0.985942198489378
9.33110367892977 0.986493803310406
9.36454849498328 0.987024048929617
9.39799331103679 0.987533740471558
9.4314381270903 0.988023654404644
9.46488294314381 0.988494539429296
9.49832775919732 0.988947117349175
9.53177257525084 0.989382083924848
9.56521739130435 0.989800109709396
9.59866220735786 0.990201840865543
9.63210702341137 0.990587899963981
9.66555183946488 0.990958886762659
9.69899665551839 0.991315378966881
9.73244147157191 0.991657932970116
9.76588628762542 0.9919870845755
9.79933110367893 0.992303349698048
9.83277591973244 0.992607225047676
9.86622073578595 0.992899188793135
9.89966555183946 0.993179701207042
9.93311036789298 0.993449205292196
9.96655518394649 0.993708127389415
10 0.993956877767157
