0 0.0193258431297274
0.0334448160535117 0.0199506896162986
0.0668896321070234 0.0205953144676607
0.100334448160535 0.0212603158988077
0.133779264214047 0.0219463083942211
0.167224080267559 0.0226539230293232
0.20066889632107 0.0233838077897585
0.234113712374582 0.0241366278877337
0.267558528428094 0.0249130660745853
0.301003344481605 0.0257138229486876
0.334448160535117 0.0265396172577474
0.367892976588629 0.0273911861944656
0.40133779264214 0.0282692856844788
0.434782608695652 0.0291746906654187
0.468227424749164 0.0301081953558545
0.501672240802676 0.0310706135128038
0.535117056856187 0.0320627786764175
0.568561872909699 0.0330855444003597
0.602006688963211 0.0341397844663171
0.635451505016722 0.0352263930809841
0.668896321070234 0.0363462850537759
0.702341137123746 0.0375003959534295
0.735785953177257 0.0386896822415554
0.769230769230769 0.0399151213811033
0.802675585284281 0.0411777119176071
0.836120401337793 0.0424784735309693
0.869565217391304 0.0438184470554457
0.903010033444816 0.0451986944653846
0.936454849498328 0.0466202988241724
0.969899665551839 0.0480843641937334
1.00334448160535 0.049592015501828
1.03678929765886 0.0511443983642924
1.07023411371237 0.0527426788592616
1.10367892976589 0.0543880432503246
1.1371237458194 0.0560816976554604
1.17056856187291 0.0578248676585219
1.20401337792642 0.0596187978599465
1.23745819397993 0.061464751363295
1.27090301003344 0.0633640091941551
1.30434782608696 0.06531786964788
1.33779264214047 0.0673276475625856
1.37123745819398 0.0693946735137887
1.40468227424749 0.0715202929270441
1.438127090301 0.0737058651049245
1.47157190635451 0.0759527621646947
1.50501672240803 0.078262367883051
1.53846153846154 0.0806360764443382
1.57190635451505 0.0830752910887248
1.60535117056856 0.0855814226568952
1.63879598662207 0.0881558880279373
1.67224080267559 0.0908001084472376
1.7056856187291 0.0935155077413652
1.73913043478261 0.0963035104171274
1.77257525083612 0.099165539642207
1.80602006688963 0.102103015105064
1.83946488294314 0.105117350752084
1.87290969899666 0.108209952400299
1.90635451505017 0.111382215224401
1.93979933110368 0.11463552111716
1.97324414715719 0.117971235922878
2.0066889632107 0.121390706543973
2.04013377926421 0.124895257921381
2.07357859531773 0.128486189890038
2.10702341137124 0.132164773911386
2.14046822742475 0.135932249685512
2.17391304347826 0.139789821646293
2.20735785953177 0.143738655343689
2.24080267558528 0.147779873718174
2.2742474916388 0.151914553273135
2.30769230769231 0.156143720152019
2.34113712374582 0.160468346127912
2.37458193979933 0.164889344514225
2.40802675585284 0.169407566006172
2.44147157190635 0.174023794463733
2.47491638795987 0.178738742647839
2.50836120401338 0.183553047922562
2.54180602006689 0.188467267937143
2.5752508361204 0.193481876302727
2.60869565217391 0.1985972582797
2.64214046822742 0.203813706492523
2.67558528428094 0.20913141668992
2.70903010033445 0.214550483569189
2.74247491638796 0.220070896684256
2.77591973244147 0.225692536457912
2.80936454849498 0.231415170319312
2.84280936454849 0.23723844898851
2.87625418060201 0.243161902930225
2.90969899665552 0.249184938999477
2.94314381270903 0.255306837301954
2.97658862876254 0.261526748292096
3.01003344481605 0.267843690131831
3.04347826086956 0.274256546332692
3.07692307692308 0.280764063703682
3.11036789297659 0.287364850626668
3.1438127090301 0.294057375680364
3.17725752508361 0.300839966633009
3.21070234113712 0.307710809822724
3.24414715719064 0.314667949943199
3.27759197324415 0.321709290250845
3.31103678929766 0.328832593207818
3.34448160535117 0.33603548157344
3.37792642140468 0.343315439954447
3.41137123745819 0.350669816822262
3.44481605351171 0.358095827003077
3.47826086956522 0.365590554644005
3.51170568561873 0.373150956655884
3.54515050167224 0.38077386663056
3.57859531772575 0.388455999227642
3.61204013377926 0.3961939550228
3.64548494983278 0.403984225806779
3.67892976588629 0.411823200321326
3.7123745819398 0.419707170415375
3.74581939799331 0.427632337601916
3.77926421404682 0.435594819993253
3.81270903010033 0.44359065958964
3.84615384615385 0.451615829893811
3.87959866220736 0.459666243821498
3.91304347826087 0.467737761875904
3.94648829431438 0.475826200552118
3.97993311036789 0.483927340935746
4.0133779264214 0.492036937458558
4.04682274247492 0.500150726772775
4.08026755852843 0.508264436704701
4.11371237458194 0.516373795247803
4.14715719063545 0.524474539555051
4.18060200668896 0.532562424890307
4.21404682274247 0.540633233498907
4.24749163879599 0.548682783358149
4.2809364548495 0.556706936769375
4.31438127090301 0.564701608754462
4.34782608695652 0.572662775221092
4.38127090301003 0.580586480862837
4.41471571906354 0.588468846762097
4.44816053511706 0.596306077666085
4.48160535117057 0.604094468908462
4.51505016722408 0.611830412951702
4.54849498327759 0.619510405527991
4.5819397993311 0.627131051359214
4.61538461538461 0.634689069439441
4.64882943143813 0.642181297866267
4.68227424749164 0.649604698210235
4.71571906354515 0.656956359414578
4.74916387959866 0.664233501220328
4.78260869565217 0.671433477114757
4.81605351170569 0.678553776803821
4.8494983277592 0.685592028211961
4.88294314381271 0.69254599901515
4.91638795986622 0.69941359771545
4.94983277591973 0.706192874267612
4.98327759197324 0.712882020270297
5.01672240802676 0.719479368736411
5.05016722408027 0.72598339345873
5.08361204013378 0.732392707988539
5.11705685618729 0.738706064246297
5.1505016722408 0.74492235078448
5.18394648829431 0.751040590723694
5.21739130434783 0.757059939383863
5.25083612040134 0.762979681632873
5.28428093645485 0.768799228975414
5.31772575250836 0.774518116404957
5.35117056856187 0.780135999041857
5.38461538461538 0.785652648580428
5.4180602006689 0.791067949567618
5.45150501672241 0.796381895535477
5.48494983277592 0.80159458500914
5.51839464882943 0.806706217411419
5.55183946488294 0.811717088884379
5.58528428093645 0.816627588047514
5.61872909698997 0.821438191711244
5.65217391304348 0.826149460563565
5.68561872909699 0.830762034846699
5.7190635451505 0.835276630039617
5.75250836120401 0.839694032561243
5.78595317725753 0.844015095508162
5.81939799331104 0.84824073443955
5.85284280936455 0.852371923221036
5.88628762541806 0.856409689938159
5.91973244147157 0.860355112889044
5.95317725752508 0.864209316664958
5.9866220735786 0.867973468326387
6.02006688963211 0.871648773681372
6.05351170568562 0.875236473671913
6.08695652173913 0.878737840873387
6.12040133779264 0.882154176111109
6.15384615384615 0.885486805197359
6.18729096989967 0.888737075791477
6.22073578595318 0.891906354384934
6.25418060200669 0.894996023412623
6.2876254180602 0.898007478491019
6.32107023411371 0.90094212578333
6.35451505016722 0.903801379491181
6.38795986622074 0.906586659471993
6.42140468227425 0.90929938898072
6.45484949832776 0.911940992534276
6.48829431438127 0.914512893896611
6.52173913043478 0.917016514182122
6.55518394648829 0.919453270074788
6.58862876254181 0.921824572160199
6.62207357859532 0.924131823367477
6.65551839464883 0.926376417517869
6.68896321070234 0.928559737976702
6.72240802675585 0.93068315640525
6.75585284280936 0.932748031608989
6.78929765886288 0.934755708478653
6.82274247491639 0.936707517020465
6.8561872909699 0.938604771471884
6.88963210702341 0.940448769499216
6.92307692307692 0.942240791473459
6.95652173913043 0.943982099820744
6.98996655518395 0.945673938443815
7.02341137123746 0.947317532211014
7.05685618729097 0.94891408650931
7.09030100334448 0.950464786857975
7.12374581939799 0.951970798579594
7.1571906354515 0.953433266525167
7.19063545150502 0.95485331485018
7.22408026755853 0.956232046838561
7.25752508361204 0.957570544771602
7.29096989966555 0.958869869838971
7.32441471571906 0.960131062089073
7.35785953177257 0.961355140416102
7.39130434782609 0.962543102581258
7.4247491638796 0.963695925265657
7.45819397993311 0.964814564152636
7.49163879598662 0.965899954037183
7.52508361204013 0.966953008960382
7.55852842809364 0.96797462236683
7.59197324414716 0.968965667283106
7.62541806020067 0.969926996515427
7.65886287625418 0.970859442864785
7.69230769230769 0.971763819357881
7.7257525083612 0.972640919492315
7.75919732441471 0.973491517494542
7.79264214046823 0.974316368589218
7.82608695652174 0.975116209278609
7.85953177257525 0.97589175763084
7.89297658862876 0.976643713575818
7.92642140468227 0.977372759207763
7.95986622073579 0.978079559093293
7.9933110367893 0.978764760584159
8.02675585284281 0.979428994133699
8.06020066889632 0.980072873616222
8.09364548494983 0.980696996648522
8.12709030100334 0.981301944912829
8.16053511705686 0.981888284480531
8.19397993311037 0.982456566136045
8.22742474916388 0.983007325700288
8.26086956521739 0.983541084353216
8.2943143812709 0.984058348954955
8.32775919732441 0.984559612365096
8.36120401337793 0.985045353759734
8.39464882943144 0.985516038945917
8.42809364548495 0.985972120673133
8.46153846153846 0.98641403894158
8.49498327759197 0.986842221306914
8.52842809364548 0.987257083181251
8.561872909699 0.987659028130203
8.59531772575251 0.988048448165756
8.62876254180602 0.988425724034823
8.66220735785953 0.988791225503324
8.69565217391304 0.989145311635661
8.72909698996656 0.989488331069492
8.76254180602007 0.9898206222857
8.79598662207358 0.990142513873481
8.82943143812709 0.990454324790509
8.8628762541806 0.990756364618107
8.89632107023411 0.991048933811404
8.92976588628762 0.991332323944457
8.96321070234114 0.991606817950318
8.99665551839465 0.991872690356053
9.03010033444816 0.992130207512718
9.06354515050167 0.992379627820307
9.09698996655518 0.992621201947695
9.1304347826087 0.992855173047612
9.16387959866221 0.993081776966685
9.19732441471572 0.993301242450582
9.23076923076923 0.993513791344316
9.26421404682274 0.993719638787764
9.29765886287625 0.993918993406441
9.33110367892977 0.994112057497616
9.36454849498328 0.994299027211809
9.39799331103679 0.994480092729757
9.4314381270903 0.994655438434896
9.46488294314381 0.994825243081458
9.49832775919732 0.994989679958236
9.53177257525084 0.995148917048092
9.56521739130435 0.995303117183306
9.59866220735786 0.995452438196817
9.63210702341137 0.995597033069449
9.66555183946488 0.995737050073206
9.69899665551839 0.995872632910693
9.73244147157191 0.996003920850774
9.76588628762542 0.99613104886052
9.79933110367893 0.996254147733537
9.83277591973244 0.996373344214764
9.86622073578595 0.99648876112179
9.89966555183946 0.996600517462812
9.93311036789298 0.996708728551267
9.96655518394649 0.996813506117247
10 0.996914958415763
