0 0.0164501751458715
0.0334448160535117 0.0169378105591323
0.0668896321070234 0.0174396447266238
0.100334448160535 0.0179560756806561
0.133779264214047 0.0184875116868579
0.167224080267559 0.0190343714511957
0.20066889632107 0.0195970843276185
0.234113712374582 0.0201760905260546
0.267558528428094 0.0207718413204671
0.301003344481605 0.0213847992566513
0.334448160535117 0.022015438359432
0.367892976588629 0.0226642443388979
0.40133779264214 0.0233317147952783
0.434782608695652 0.024018359422045
0.468227424749164 0.0247247002067912
0.501672240802676 0.0254512716294101
0.535117056856187 0.026198620857063
0.568561872909699 0.0269673079353983
0.602006688963211 0.0277579059754437
0.635451505016722 0.0285710013355634
0.668896321070234 0.029407193797833
0.702341137123746 0.0302670967381479
0.735785953177257 0.0311513372893418
0.769230769230769 0.0320605564965521
0.802675585284281 0.0329954094640258
0.836120401337793 0.0339565654925194
0.869565217391304 0.0349447082063979
0.903010033444816 0.0359605356694983
0.936454849498328 0.0370047604887715
0.969899665551839 0.0380781099046714
1.00334448160535 0.0391813258672137
1.03678929765886 0.0403151650965723
1.07023411371237 0.0414803991270384
1.10367892976589 0.0426778143331102
1.1371237458194 0.0439082119364345
1.17056856187291 0.0451724079922702
1.20401337792642 0.0464712333540894
1.23745819397993 0.0478055336148837
1.27090301003344 0.0491761690236924
1.30434782608696 0.0505840143758157
1.33779264214047 0.0520299588751325
1.37123745819398 0.0535149059668888
1.40468227424749 0.0550397731392791
1.438127090301 0.0566054916920984
1.47157190635451 0.0582130064706983
1.50501672240803 0.059863275563444
1.53846153846154 0.0615572699608276
1.57190635451505 0.0632959731743666
1.60535117056856 0.0650803808133804
1.63879598662207 0.0669115001177199
1.67224080267559 0.0687903494445013
1.7056856187291 0.0707179577068851
1.73913043478261 0.0726953637629338
1.77257525083612 0.0747236157525811
1.80602006688963 0.0768037703807555
1.83946488294314 0.0789368921447165
1.87290969899666 0.0811240525036888
1.90635451505017 0.0833663289889155
1.93979933110368 0.085664804252298
1.97324414715719 0.0880205650518499
2.0066889632107 0.0904347011722634
2.04013377926421 0.0929083042789682
2.07357859531773 0.0954424667041677
2.10702341137124 0.0980382801634427
2.14046822742475 0.100696834401649
2.17391304347826 0.103419215766976
2.20735785953177 0.106206505712201
2.24080267558528 0.109059779222348
2.2742474916388 0.111980103168166
2.30769230769231 0.114968534585057
2.34113712374582 0.118026118877321
2.37458193979933 0.121153887947849
2.40802675585284 0.124352858253668
2.44147157190635 0.127624028788038
2.47491638795987 0.130968378990145
2.50836120401338 0.134386866583732
2.54180602006689 0.137880425346421
2.5752508361204 0.141449962811827
2.60869565217391 0.145096357906968
2.64214046822742 0.148820458527928
2.67558528428094 0.152623079057114
2.70903010033445 0.156504997825961
2.74247491638796 0.160466954527364
2.77591973244147 0.16450964758263
2.80936454849498 0.168633731468206
2.84280936454849 0.172839814007993
2.87625418060201 0.177128453637512
2.90969899665552 0.181500156646736
2.94314381270903 0.185955374408927
2.97658862876254 0.190494500603287
3.01003344481605 0.195117868439798
3.04347826086956 0.199825747895075
3.07692307692308 0.204618342968564
3.11036789297659 0.209495788968887
3.1438127090301 0.214458149840554
3.17725752508361 0.219505415541704
3.21070234113712 0.224637499483904
3.24414715719064 0.229854236045383
3.27759197324415 0.23515537816937
3.31103678929766 0.240540595059489
3.34448160535117 0.246009469984322
3.37792642140468 0.251561498203426
3.41137123745819 0.257196085027168
3.44481605351171 0.262912544022727
3.47826086956522 0.268710095378604
3.51170568561873 0.274587864439788
3.54515050167224 0.280544880425563
3.57859531772575 0.286580075341619
3.61204013377926 0.292692283097758
3.64548494983278 0.298880238842014
3.67892976588629 0.305142578521465
3.7123745819398 0.311477838679354
3.74581939799331 0.317884456497425
3.77926421404682 0.324360770091539
3.81270903010033 0.330905019067756
3.84615384615385 0.337515345345078
3.87959866220736 0.344189794249968
3.91304347826087 0.350926315886648
3.94648829431438 0.357722766785964
3.97993311036789 0.364576911834345
4.0133779264214 0.371486426483056
4.04682274247492 0.378448899236602
4.08026755852843 0.385461834417711
4.11371237458194 0.392522655204931
4.14715719063545 0.39962870693741
4.18060200668896 0.406777260679996
4.21404682274247 0.413965517040339
4.24749163879599 0.421190610228278
4.2809364548495 0.428449612346378
4.31438127090301 0.435739537899155
4.34782608695652 0.443057348507209
4.38127090301003 0.450399957811276
4.41471571906354 0.457764236550026
4.44816053511706 0.4651470177944
4.48160535117057 0.472545102320267
4.51505016722408 0.479955264100358
4.54849498327759 0.48737425589564
4.5819397993311 0.494798814925695
4.61538461538461 0.502225668597142
4.64882943143813 0.509651540268794
4.68227424749164 0.517073155031964
4.71571906354515 0.524487245484295
4.74916387959866 0.53189055747547
4.78260869565217 0.539279855803392
4.81605351170569 0.546651929839693
4.8494983277592 0.554003599063931
4.88294314381271 0.561331718486367
4.91638795986622 0.568633183939956
4.94983277591973 0.575904937222991
4.98327759197324 0.583143971074768
5.01672240802676 0.590347333967676
5.05016722408027 0.59751213470025
5.08361204013378 0.60463554677689
5.11705685618729 0.611714812561278
5.1505016722408 0.618747247191795
5.18394648829431 0.625730242248671
5.21739130434783 0.632661269163962
5.25083612040134 0.639537882366933
5.28428093645485 0.646357722158819
5.31772575250836 0.653118517312434
5.35117056856187 0.659818087393477
5.38461538461538 0.66645434480185
5.4180602006689 0.673025296532626
5.45150501672241 0.679529045657699
5.48494983277592 0.685963792530375
5.51839464882943 0.692327835716456
5.55183946488294 0.698619572656468
5.58528428093645 0.704837500064835
5.61872909698997 0.710980214072763
5.65217391304348 0.71704641012259
5.68561872909699 0.723034882622158
5.7190635451505 0.728944524368557
5.75250836120401 0.734774325751268
5.78595317725753 0.740523373745321
5.81939799331104 0.746190850705562
5.85284280936455 0.751776032973579
5.88628762541806 0.757278289309129
5.91973244147157 0.762697079158179
5.95317725752508 0.768031950769817
5.9866220735786 0.773282539174401
6.02006688963211 0.7784485640353
6.05351170568562 0.783529827386563
6.08695652173913 0.7885262112687
6.12040133779264 0.793437675274593
6.15384615384615 0.798264254017334
6.18729096989967 0.803006054531486
6.22073578595318 0.80766325361894
6.25418060200669 0.812236095150178
6.2876254180602 0.816724887331349
6.32107023411371 0.821129999947128
6.35451505016722 0.825451861588879
6.38795986622074 0.829690956877152
6.42140468227425 0.833847823687071
6.45484949832776 0.837923050384654
6.48829431438127 0.841917273081581
6.52173913043478 0.84583117291545
6.55518394648829 0.849665473361991
6.58862876254181 0.853420937585241
6.62207357859532 0.857098365831157
6.65551839464883 0.860698592869628
6.68896321070234 0.864222485489398
6.72240802675585 0.867670940049893
6.75585284280936 0.871044880093519
6.78929765886288 0.874345254021527
6.82274247491639 0.877573032836125
6.8561872909699 0.880729207951124
6.88963210702341 0.883814789072963
6.92307692307692 0.886830802153665
6.95652173913043 0.889778287416847
6.98996655518395 0.89265829745764
7.02341137123746 0.895471895417038
7.05685618729097 0.898220153230899
7.09030100334448 0.900904149953593
7.12374581939799 0.903524970155993
7.1571906354515 0.90608370239733
7.19063545150502 0.908581437770188
7.22408026755853 0.911019268517745
7.25752508361204 0.913398286722194
7.29096989966555 0.915719583063122
7.32441471571906 0.917984245644494
7.35785953177257 0.920193358888758
7.39130434782609 0.922348002496504
7.4247491638796 0.924449250469999
7.45819397993311 0.926498170198845
7.49163879598662 0.928495821605972
7.52508361204013 0.930443256352081
7.55852842809364 0.932341517096647
7.59197324414716 0.934191636813549
7.62541806020067 0.935994638159377
7.65886287625418 0.937751532892442
7.69230769230769 0.939463321340535
7.7257525083612 0.941130991915463
7.75919732441471 0.942755520672408
7.79264214046823 0.944337870912182
7.82608695652174 0.945878992824452
7.85953177257525 0.947379823170062
7.89297658862876 0.948841285000577
7.92642140468227 0.950264287413256
7.95986622073579 0.951649725339644
7.9933110367893 0.952998479366065
8.02675585284281 0.954311415584304
8.06020066889632 0.955589385470837
8.09364548494983 0.956833225793006
8.12709030100334 0.958043758540576
8.16053511705686 0.959221790881178
8.19397993311037 0.960368115138183
8.22742474916388 0.961483508789602
8.26086956521739 0.962568734486659
8.2943143812709 0.963624540090743
8.32775919732441 0.96465165872748
8.36120401337793 0.965650808856737
8.39464882943144 0.966622694357403
8.42809364548495 0.967568004625846
8.46153846153846 0.968487414686999
8.49498327759197 0.969381585317076
8.52842809364548 0.970251163176954
8.561872909699 0.971096780955312
8.59531772575251 0.971919057520667
8.62876254180602 0.972718598081482
8.66220735785953 0.973495994353562
8.69565217391304 0.974251824734001
8.72909698996656 0.974986654480985
8.76254180602007 0.975701035898779
8.79598662207358 0.976395508527287
8.82943143812709 0.977070599335583
8.8628762541806 0.977726822918864
8.89632107023411 0.97836468169831
8.92976588628762 0.97898466612335
8.96321070234114 0.979587254875877
8.99665551839465 0.980172915075988
9.03010033444816 0.980742102488842
9.06354515050167 0.981295261732259
9.09698996655518 0.981832826484709
9.1304347826087 0.982355219693375
9.16387959866221 0.982862853781963
9.19732441471572 0.983356130858012
9.23076923076923 0.983835442919414
9.26421404682274 0.984301172059915
9.29765886287625 0.984753690673384
9.33110367892977 0.985193361656627
9.36454849498328 0.985620538610584
9.39799331103679 0.986035566039713
9.4314381270903 0.986438779549425
9.46488294314381 0.98683050604142
9.49832775919732 0.987211063906802
9.53177257525084 0.987580763216846
9.56521739130435 0.987939905911333
9.59866220735786 0.988288785984348
9.63210702341137 0.988627689667456
9.66555183946488 0.98895689561021
9.69899665551839 0.98927667505789
9.73244147157191 0.989587292026465
9.76588628762542 0.989889003474691
9.79933110367893 0.99018205947334
9.83277591973244 0.990466703371511
9.86622073578595 0.990743171960014
9.89966555183946 0.991011695631788
9.93311036789298 0.991272498539375
9.96655518394649 0.991525798749405
10 0.99177180839413
