0 0.0129540427181589
0.0334448160535117 0.0134195736984279
0.0668896321070234 0.013901598897293
0.100334448160535 0.0144006855029129
0.133779264214047 0.0149174189502428
0.167224080267559 0.0154524034155905
0.20066889632107 0.0160062623175461
0.234113712374582 0.0165796388237579
0.267558528428094 0.0171731963629634
0.301003344481605 0.0177876191416176
0.334448160535117 0.0184236126643828
0.367892976588629 0.0190819042576704
0.40133779264214 0.0197632435953381
0.434782608695652 0.0204684032255567
0.468227424749164 0.0211981790977678
0.501672240802676 0.0219533910885513
0.535117056856187 0.0227348835251146
0.568561872909699 0.023543525705004
0.602006688963211 0.024380212410517
0.635451505016722 0.0252458644161706
0.668896321070234 0.0261414289874448
0.702341137123746 0.0270678803688846
0.735785953177257 0.0280262202594936
0.769230769230769 0.0290174782732005
0.802675585284281 0.0300427123820192
0.836120401337793 0.0311030093393537
0.869565217391304 0.0321994850807263
0.903010033444816 0.0333332850990246
0.936454849498328 0.0345055847911749
0.969899665551839 0.0357175897729546
1.00334448160535 0.0369705361584552
1.03678929765886 0.0382656908005014
1.07023411371237 0.0396043514881186
1.10367892976589 0.0409878470969271
1.1371237458194 0.0424175376881168
1.17056856187291 0.0438948145514371
1.20401337792642 0.0454211001874082
1.23745819397993 0.0469978482237343
1.27090301003344 0.0486265432606732
1.30434782608696 0.0503087006398925
1.33779264214047 0.0520458661311201
1.37123745819398 0.0538396155306825
1.40468227424749 0.0556915541658154
1.438127090301 0.0576033162984305
1.47157190635451 0.0595765644218366
1.50501672240803 0.0616129884437409
1.53846153846154 0.0637143047486973
1.57190635451505 0.0658822551330399
1.60535117056856 0.0681186056052235
1.63879598662207 0.0704251450444145
1.67224080267559 0.0728036837101206
1.7056856187291 0.0752560515956354
1.73913043478261 0.0777840966180961
1.77257525083612 0.0803896826380219
1.80602006688963 0.0830746873013203
1.83946488294314 0.0858409996969198
1.87290969899666 0.0886905178234209
1.90635451505017 0.0916251458584509
1.93979933110368 0.0946467912247797
1.97324414715719 0.0977573614476893
2.0066889632107 0.100958760798615
2.04013377926421 0.104252886720684
2.07357859531773 0.107641626032465
2.10702341137124 0.111126850907056
2.14046822742475 0.114710414624494
2.17391304347826 0.118394147096505
2.20735785953177 0.122179850163674
2.24080267558528 0.126069292666347
2.2742474916388 0.130064205291892
2.30769230769231 0.134166275202365
2.34113712374582 0.138377140448166
2.37458193979933 0.142698384174945
2.40802675585284 0.147131528632723
2.44147157190635 0.151678028998098
2.47491638795987 0.15633926702232
2.50836120401338 0.161116544520069
2.54180602006689 0.166011076715885
2.5752508361204 0.171023985467381
2.60869565217391 0.176156292386574
2.64214046822742 0.181408911882982
2.67558528428094 0.186782644154362
2.70903010033445 0.192278168153293
2.74247491638796 0.197896034560015
2.77591973244147 0.203636658794181
2.80936454849498 0.209500314100266
2.84280936454849 0.21548712474342
2.87625418060201 0.221597059354427
2.90969899665552 0.22782992446416
2.94314381270903 0.234185358269424
2.97658862876254 0.240662824673389
3.01003344481605 0.247261607644834
3.04347826086956 0.253980805941142
3.07692307692308 0.260819328240428
3.11036789297659 0.267775888728174
3.1438127090301 0.274849003183468
3.17725752508361 0.282036985609163
3.21070234113712 0.289337945449111
3.24414715719064 0.296749785434007
3.27759197324415 0.304270200095286
3.31103678929766 0.311896674983985
3.34448160535117 0.319626486628435
3.37792642140468 0.32745670326119
3.41137123745819 0.33538418634164
3.44481605351171 0.343405592896384
3.47826086956522 0.351517378694657
3.51170568561873 0.359715802270928
3.54515050167224 0.367996929801286
3.57859531772575 0.37635664083442
3.61204013377926 0.384790634871978
3.64548494983278 0.393294438786835
3.67892976588629 0.401863415061493
3.7123745819398 0.410492770822408
3.74581939799331 0.419177567639706
3.77926421404682 0.427912732055447
3.81270903010033 0.436693066797517
3.84615384615385 0.445513262630356
3.87959866220736 0.454367910788231
3.91304347826087 0.463251515931596
3.94648829431438 0.472158509562438
3.97993311036789 0.481083263830338
4.0133779264214 0.490020105657451
4.04682274247492 0.498963331107631
4.08026755852843 0.507907219922715
4.11371237458194 0.51684605014741
4.14715719063545 0.525774112763394
4.18060200668896 0.534685726253174
4.21404682274247 0.543575251014885
4.24749163879599 0.552437103550612
4.2809364548495 0.561265770352885
4.31438127090301 0.57005582141681
4.34782608695652 0.578801923308694
4.38127090301003 0.587498851726036
4.41471571906354 0.596141503488321
4.44816053511706 0.60472490790308
4.48160535117057 0.613244237457124
4.51505016722408 0.621694817788639
4.54849498327759 0.630072136901887
4.5819397993311 0.638371853592483
4.61538461538461 0.646589805057591
4.64882943143813 0.654722013671756
4.68227424749164 0.662764692915465
4.71571906354515 0.670714252449767
4.74916387959866 0.678567302336401
4.78260869565217 0.686320656408711
4.81605351170569 0.693971334804232
4.8494983277592 0.701516565675056
4.88294314381271 0.708953786097003
4.91638795986622 0.716280642203052
4.94983277591973 0.723494988570563
4.98327759197324 0.730594886895404
5.01672240802676 0.737578603989225
5.05016722408027 0.74444460913877
5.08361204013378 0.751191570868334
5.11705685618729 0.757818353148164
5.1505016722408 0.764324011092919
5.18394648829431 0.77070778619511
5.21739130434783 0.776969101138883
5.25083612040134 0.783107554239565
5.28428093645485 0.789122913554023
5.31772575250836 0.79501511070627
5.35117056856187 0.800784234471775
5.38461538461538 0.806430524162692
5.4180602006689 0.811954362854766
5.45150501672241 0.817356270494998
5.48494983277592 0.8226368969273
5.51839464882943 0.827797014871372
5.55183946488294 0.832837512887937
5.58528428093645 0.837759388361297
5.61872909698997 0.842563740527893
5.65217391304348 0.847251763577326
5.68561872909699 0.851824739849963
5.7190635451505 0.856284033153023
5.75250836120401 0.860631082214773
5.78595317725753 0.864867394294281
5.81939799331104 0.868994538962045
5.85284280936455 0.873014142064753
5.88628762541806 0.876927879885473
5.91973244147157 0.880737473508682
5.95317725752508 0.884444683397764
5.9866220735786 0.888051304190958
6.02006688963211 0.89155915972013
6.05351170568562 0.894970098255341
6.08695652173913 0.898285987976781
6.12040133779264 0.901508712674472
6.15384615384615 0.904640167674941
6.18729096989967 0.907682255993132
6.22073578595318 0.910636884706822
6.25418060200669 0.913505961550085
6.2876254180602 0.91629139172153
6.32107023411371 0.91899507490251
6.35451505016722 0.921618902479878
6.38795986622074 0.924164754967453
6.42140468227425 0.926634499619965
6.45484949832776 0.929029988232924
6.48829431438127 0.931353055121624
6.52173913043478 0.933605515272309
6.55518394648829 0.93578916265838
6.58862876254181 0.937905768714469
6.62207357859532 0.939957080961141
6.65551839464883 0.941944821773016
6.68896321070234 0.943870687283138
6.72240802675585 0.945736346416495
6.75585284280936 0.947543440045679
6.78929765886288 0.949293580261859
6.82274247491639 0.950988349754312
6.8561872909699 0.952629301292
6.88963210702341 0.954217957300817
6.92307692307692 0.955755809530352
6.95652173913043 0.957244318804202
6.98996655518395 0.9586849148481
7.02341137123746 0.960078996190338
7.05685618729097 0.961427930129182
7.09030100334448 0.962733052762205
7.12374581939799 0.963995669072703
7.1571906354515 0.965217053068563
7.19063545150502 0.966398447969195
7.22408026755853 0.967541066436349
7.25752508361204 0.968646090844868
7.29096989966555 0.969714673589621
7.32441471571906 0.97074793742509
7.35785953177257 0.97174697583428
7.39130434782609 0.972712853423805
7.4247491638796 0.973646606342206
7.45819397993311 0.974549242718743
7.49163879598662 0.97542174312007
7.52508361204013 0.976265061022368
7.55852842809364 0.977080123296695
7.59197324414716 0.977867830705433
7.62541806020067 0.978629058407905
7.65886287625418 0.979364656473322
7.69230769230769 0.980075450399411
7.7257525083612 0.980762241635151
7.75919732441471 0.981425808106217
7.79264214046823 0.982066904741786
7.82608695652174 0.98268626400153
7.85953177257525 0.983284596401669
7.89297658862876 0.983862591039104
7.92642140468227 0.984420916112682
7.95986622073579 0.98496021944079
7.9933110367893 0.985481128974516
8.02675585284281 0.985984253305693
8.06020066889632 0.986470182169235
8.09364548494983 0.986939486939218
8.12709030100334 0.987392721118214
8.16053511705686 0.987830420819481
8.19397993311037 0.988253105241608
8.22742474916388 0.988661277135327
8.26086956521739 0.989055423262179
8.2943143812709 0.989436014844838
8.32775919732441 0.98980350800887
8.36120401337793 0.99015834421578
8.39464882943144 0.990500950687228
8.42809364548495 0.990831740820302
8.46153846153846 0.991151114593796
8.49498327759197 0.991459458965447
8.52842809364548 0.991757148260105
8.561872909699 0.992044544548854
8.59531772575251 0.992321998019094
8.62876254180602 0.992589847335629
8.66220735785953 0.992848419992817
8.69565217391304 0.993098032657855
8.72909698996656 0.993338991505272
8.76254180602007 0.99357159254274
8.79598662207358 0.993796121928297
8.82943143812709 0.994012856279094
8.8628762541806 0.994222062971799
8.89632107023411 0.99442400043478
8.92976588628762 0.994618918432199
8.96321070234114 0.994807058340161
8.99665551839465 0.994988653415066
9.03010033444816 0.995163929054305
9.06354515050167 0.99533310304945
9.09698996655518 0.995496385832107
9.1304347826087 0.995653980712563
9.16387959866221 0.995806084111401
9.19732441471572 0.995952885784239
9.23076923076923 0.996094569039741
9.26421404682274 0.996231310951068
9.29765886287625 0.996363282560916
9.33110367892977 0.996490649080311
9.36454849498328 0.996613570081303
9.39799331103679 0.996732199683721
9.4314381270903 0.996846686736139
9.46488294314381 0.996957174991209
9.49832775919732 0.997063803275502
9.53177257525084 0.997166705654013
9.56521739130435 0.997266011589467
9.59866220735786 0.99736184609658
9.63210702341137 0.997454329891398
9.66555183946488 0.997543579535876
9.69899665551839 0.997629707577808
9.73244147157191 0.997712822686261
9.76588628762542 0.997793029782627
9.79933110367893 0.997870430167437
9.83277591973244 0.997945121643043
9.86622073578595 0.998017198632309
9.89966555183946 0.998086752293419
9.93311036789298 0.998153870630916
9.96655518394649 0.998218638603103
10 0.998281138225888
