0 0.0198400513001076
0.0334448160535117 0.020403093079368
0.0668896321070234 0.0209817714033035
0.100334448160535 0.021576500863205
0.133779264214047 0.0221877059138382
0.167224080267559 0.0228158210424175
0.20066889632107 0.0234612909364123
0.234113712374582 0.0241245706498586
0.267558528428094 0.0248061257678336
0.301003344481605 0.0255064325687245
0.334448160535117 0.0262259781839016
0.367892976588629 0.0269652607543824
0.40133779264214 0.0277247895840481
0.434782608695652 0.0285050852889471
0.468227424749164 0.0293066799421964
0.501672240802676 0.0301301172139602
0.535117056856187 0.0309759525059617
0.568561872909699 0.0318447530799489
0.602006688963211 0.0327370981795103
0.635451505016722 0.0336535791446015
0.668896321070234 0.0345947995181134
0.702341137123746 0.0355613751437798
0.735785953177257 0.0365539342546887
0.769230769230769 0.0375731175516259
0.802675585284281 0.0386195782704467
0.836120401337793 0.0396939822376343
0.869565217391304 0.040797007913168
0.903010033444816 0.0419293464197874
0.936454849498328 0.0430917015577017
0.969899665551839 0.0442847898037577
1.00334448160535 0.0455093402940387
1.03678929765886 0.0467660947888349
1.07023411371237 0.0480558076188826
1.10367892976589 0.0493792456117385
1.1371237458194 0.0507371879971129
1.17056856187291 0.0521304262899555
1.20401337792642 0.0535597641500492
1.23745819397993 0.0550260172168333
1.27090301003344 0.0565300129181488
1.30434782608696 0.0580725902515621
1.33779264214047 0.0596545995368993
1.37123745819398 0.0612769021385942
1.40468227424749 0.0629403701564295
1.438127090301 0.0646283641647003
1.47157190635451 0.0661855498564029
1.50501672240803 0.0677775364131254
1.53846153846154 0.0694049695664087
1.57190635451505 0.0710685006065734
1.60535117056856 0.0727687860900756
1.63879598662207 0.0745064875259829
1.67224080267559 0.0762822710409029
1.7056856187291 0.0780968070217032
1.73913043478261 0.07995076973537
1.77257525083612 0.0818448369253612
1.80602006688963 0.0837796893838242
1.83946488294314 0.0857560104990633
1.87290969899666 0.0877744857776619
1.90635451505017 0.0898358023406843
1.93979933110368 0.0919406483934095
1.97324414715719 0.0940897126680783
2.0066889632107 0.0962836838391652
2.04013377926421 0.0985232499107264
2.07357859531773 0.100809097575414
2.10702341137124 0.103141911544789
2.14046822742475 0.105522373850628
2.17391304347826 0.107951163116941
2.20735785953177 0.110428953802527
2.24080267558528 0.112956415413897
2.2742474916388 0.115534211688514
2.30769230769231 0.118162999748348
2.34113712374582 0.120843429223815
2.37458193979933 0.123576141348278
2.40802675585284 0.126361768023355
2.44147157190635 0.129200930855379
2.47491638795987 0.132094240163461
2.50836120401338 0.135042293959703
2.54180602006689 0.138045676902215
2.5752508361204 0.141104959221719
2.60869565217391 0.144220695622631
2.64214046822742 0.147393424159627
2.67558528428094 0.150623665090854
2.70903010033445 0.153911919709054
2.74247491638796 0.157258669152017
2.77591973244147 0.160664373193918
2.80936454849498 0.164129469019238
2.84280936454849 0.167654369981107
2.87625418060201 0.171239464346068
2.90969899665552 0.17488511402739
2.94314381270903 0.178591653309241
2.97658862876254 0.182359387564145
3.01003344481605 0.186188591966327
3.04347826086956 0.19007951020369
3.07692307692308 0.194032353191308
3.11036789297659 0.198047297789477
3.1438127090301 0.202124485529494
3.17725752508361 0.206264021350493
3.21070234113712 0.210465972350765
3.24414715719064 0.21473036655714
3.27759197324415 0.219057191716126
3.31103678929766 0.223446394110579
3.34448160535117 0.227897877405824
3.37792642140468 0.232411501529179
3.41137123745819 0.23698708158697
3.44481605351171 0.241624386823126
3.47826086956522 0.246323139623542
3.51170568561873 0.251083014570407
3.54515050167224 0.255903637550707
3.57859531772575 0.260784584923127
3.61204013377926 0.26572538274756
3.64548494983278 0.270725506081361
3.67892976588629 0.275784378346488
3.7123745819398 0.280901370771518
3.74581939799331 0.286075801912505
3.77926421404682 0.291306937256467
3.81270903010033 0.296593988911177
3.84615384615385 0.301936115384775
3.87959866220736 0.307332421458504
3.91304347826087 0.312781958155688
3.94648829431438 0.318283722809846
3.97993311036789 0.323836659234554
4.0133779264214 0.329439657997426
4.04682274247492 0.335091556800282
4.08026755852843 0.340791140967242
4.11371237458194 0.346537144042188
4.14715719063545 0.352328248496661
4.18060200668896 0.358163086548898
4.21404682274247 0.36404024109436
4.24749163879599 0.369958246747682
4.2809364548495 0.37591559099559
4.31438127090301 0.381910715459919
4.34782608695652 0.387942017269454
4.38127090301003 0.39400785053888
4.41471571906354 0.400106527952715
4.44816053511706 0.406236322451687
4.48160535117057 0.412395469018564
4.51505016722408 0.418582166560079
4.54849498327759 0.424794579881133
4.5819397993311 0.431030841747108
4.61538461538461 0.437289055029709
4.64882943143813 0.443567294931402
4.68227424749164 0.449863611283162
4.71571906354515 0.456176030909905
4.74916387959866 0.46250256005769
4.78260869565217 0.468841186876484
4.81605351170569 0.475189883952018
4.8494983277592 0.481546610880052
4.88294314381271 0.487909316876165
4.91638795986622 0.494275943414004
4.94983277591973 0.500644426884819
4.98327759197324 0.507012701270983
5.01672240802676 0.513378700826154
5.05016722408027 0.519740362754685
5.08361204013378 0.526095629882912
5.11705685618729 0.53244245331496
5.1505016722408 0.538778795065811
5.18394648829431 0.545102630664472
5.21739130434783 0.551411951720204
5.25083612040134 0.557704768444977
5.28428093645485 0.563979112125508
5.31772575250836 0.570233037538448
5.35117056856187 0.57646462530259
5.38461538461538 0.582671984162223
5.4180602006689 0.588853253196081
5.45150501672241 0.595006603946665
5.48494983277592 0.601130242465084
5.51839464882943 0.60722241126691
5.55183946488294 0.613281391194945
5.58528428093645 0.619305503185188
5.61872909698997 0.625293109932704
5.65217391304348 0.631242617454505
5.68561872909699 0.637152476546984
5.7190635451505 0.64302118413585
5.75250836120401 0.648847284516964
5.78595317725753 0.654629370486848
5.81939799331104 0.660366084362118
5.85284280936455 0.666056118887432
5.88628762541806 0.671698218032003
5.91973244147157 0.677291177675076
5.95317725752508 0.682833846181155
5.9866220735786 0.688325124866135
6.02006688963211 0.693763968355826
6.05351170568562 0.699149384838687
6.08695652173913 0.704480436214899
6.12040133779264 0.709756238144193
6.15384615384615 0.714975959995113
6.18729096989967 0.720138824698648
6.22073578595318 0.725244108509393
6.25418060200669 0.730291140677583
6.2876254180602 0.73527930303556
6.32107023411371 0.740208029502363
6.35451505016722 0.745076805510272
6.38795986622074 0.749885167357272
6.42140468227425 0.75463270148947
6.45484949832776 0.759319043717594
6.48829431438127 0.763943878371737
6.52173913043478 0.768506937398558
6.55518394648829 0.773007999405158
6.58862876254181 0.777446888653838
6.62207357859532 0.781089097132887
6.65551839464883 0.784053973475692
6.68896321070234 0.786989645051898
6.72240802675585 0.789896102167251
6.75585284280936 0.792773344100884
6.78929765886288 0.795621378927096
6.82274247491639 0.798440223334552
6.8561872909699 0.801229902443164
6.88963210702341 0.803990449618923
6.92307692307692 0.806721906286932
6.95652173913043 0.809424321742892
6.98996655518395 0.812097752963284
7.02341137123746 0.814742264414493
7.05685618729097 0.817357927861091
7.09030100334448 0.819944822173523
7.12374581939799 0.822503033135394
7.1571906354515 0.825032653250588
7.19063545150502 0.827533781550414
7.22408026755853 0.830006523400975
7.25752508361204 0.832450990310959
7.29096989966555 0.834867299740026
7.32441471571906 0.837255574907978
7.35785953177257 0.839615944604867
7.39130434782609 0.841948543002224
7.4247491638796 0.844253509465536
7.45819397993311 0.846530988368145
7.49163879598662 0.848781128906694
7.52508361204013 0.851004084918251
7.55852842809364 0.853200014699256
7.59197324414716 0.855369080826382
7.62541806020067 0.857511449979449
7.65886287625418 0.859627292766478
7.69230769230769 0.861716783550996
7.7257525083612 0.86378010028167
7.75919732441471 0.865817424324375
7.79264214046823 0.867828940296758
7.82608695652174 0.86981483590538
7.85953177257525 0.871775301785501
7.89297658862876 0.873710531343574
7.92642140468227 0.875620720602489
7.95986622073579 0.877506068049642
7.9933110367893 0.879366774487847
8.02675585284281 0.88120304288915
8.06020066889632 0.883015078251566
8.09364548494983 0.884803087458784
8.12709030100334 0.886567279142844
8.16053511705686 0.888307863549827
8.19397993311037 0.890025052408556
8.22742474916388 0.891719058802339
8.26086956521739 0.893390097043735
8.2943143812709 0.895038382552379
8.32775919732441 0.896664131735836
8.36120401337793 0.898267561873498
8.39464882943144 0.899848891003514
8.42809364548495 0.901408337812742
8.46153846153846 0.902946121529702
8.49498327759197 0.90446246182053
8.52842809364548 0.905957578687898
8.561872909699 0.90743169237289
8.59531772575251 0.908885023259803
8.62876254180602 0.910317791783852
8.66220735785953 0.911730218341742
8.69565217391304 0.913122523205095
8.72909698996656 0.914494926436673
8.76254180602007 0.915847647809388
8.79598662207358 0.917180906728051
8.82943143812709 0.918494922153822
8.8628762541806 0.919789912531326
8.89632107023411 0.921066095718402
8.92976588628762 0.922323688918427
8.96321070234114 0.923562908615194
8.99665551839465 0.924783970510279
9.03010033444816 0.925987089462878
9.06354515050167 0.927172479432045
9.09698996655518 0.928340353421309
9.1304347826087 0.929490923425605
9.16387959866221 0.930624400380489
9.19732441471572 0.931740994113575
9.23076923076923 0.932840913298165
9.26421404682274 0.933924365409009
9.29765886287625 0.934991556680162
9.33110367892977 0.936042692064878
9.36454849498328 0.937077975197503
9.39799331103679 0.938097608357321
9.4314381270903 0.939101792434293
9.46488294314381 0.940090726896663
9.49832775919732 0.941064609760363
9.53177257525084 0.942023637560192
9.56521739130435 0.942968005322698
9.59866220735786 0.943897906540744
9.63210702341137 0.944813533149696
9.66555183946488 0.945715075505186
9.69899665551839 0.946602722362423
9.73244147157191 0.947476660856988
9.76588628762542 0.948337076487082
9.79933110367893 0.949184153097181
9.83277591973244 0.950018072863055
9.86622073578595 0.950839016278111
9.89966555183946 0.951647162141012
9.93311036789298 0.952442687544545
9.96655518394649 0.953225767865687
10 0.953996576756827
