0 0.0121668118174366
0.0334448160535117 0.012575116229724
0.0668896321070234 0.0129969425946551
0.100334448160535 0.0134327264335198
0.133779264214047 0.0138829164579058
0.167224080267559 0.0143479749117697
0.20066889632107 0.0148283779183186
0.234113712374582 0.015324615831448
0.267558528428094 0.015837193591449
0.301003344481605 0.0163666310846642
0.334448160535117 0.0169134635067329
0.367892976588629 0.0174782417290289
0.40133779264214 0.0180615326678519
0.434782608695652 0.0186639196558873
0.468227424749164 0.0192860028154052
0.501672240802676 0.0199283994326155
0.535117056856187 0.0205917443325457
0.568561872909699 0.0212766902537499
0.602006688963211 0.0219839082221005
0.635451505016722 0.0227140879228464
0.668896321070234 0.0234679380700627
0.702341137123746 0.0242461867725386
0.735785953177257 0.0250495818950856
0.769230769230769 0.0258788914141639
0.802675585284281 0.0267349037666485
0.836120401337793 0.0276184281904713
0.869565217391304 0.0285302950557866
0.903010033444816 0.0294713561852152
0.936454849498328 0.0304424851616282
0.969899665551839 0.0314445776218297
1.00334448160535 0.0324785515343961
1.03678929765886 0.0335453474598207
1.07023411371237 0.0346459287910043
1.10367892976589 0.0357812819720153
1.1371237458194 0.0369524166929281
1.17056856187291 0.0381603660584259
1.20401337792642 0.0394061867277336
1.23745819397993 0.0406909590233172
1.27090301003344 0.0420157870056618
1.30434782608696 0.0433817985113088
1.33779264214047 0.0447901451512018
1.37123745819398 0.0462420022662622
1.40468227424749 0.0477385688369802
1.438127090301 0.0492810673436799
1.47157190635451 0.0508707435739853
1.50501672240803 0.052508866373889
1.53846153846154 0.0541967273387015
1.57190635451505 0.0559356404400389
1.60535117056856 0.0577269415848947
1.63879598662207 0.0595719881027351
1.67224080267559 0.0614721581564558
1.7056856187291 0.0634288500729543
1.73913043478261 0.0654434815889902
1.77257525083612 0.067517489007944
1.80602006688963 0.0696523262630354
1.83946488294314 0.0718494638825289
1.87290969899666 0.0741103878524415
1.90635451505017 0.0764365983722748
1.93979933110368 0.0788296084993255
1.97324414715719 0.0812909426771831
2.0066889632107 0.0838221351441115
2.04013377926421 0.0864247282171252
2.07357859531773 0.0891002704477187
2.10702341137124 0.0918503146453972
2.14046822742475 0.094676415765376
2.17391304347826 0.0975801286570834
2.20735785953177 0.100563005670411
2.24080267558528 0.10362659411701
2.2742474916388 0.106772433584338
2.30769230769231 0.110002053100615
2.34113712374582 0.113316968149354
2.37458193979933 0.116718677532712
2.40802675585284 0.120208660083496
2.44147157190635 0.123788371226381
2.47491638795987 0.127459239389597
2.50836120401338 0.13122266226917
2.54180602006689 0.135080002948648
2.5752508361204 0.139032585878159
2.60869565217391 0.14308169271764
2.64214046822742 0.147228558050091
2.67558528428094 0.151474364971812
2.70903010033445 0.155820240567707
2.74247491638796 0.160267251280937
2.77591973244147 0.164816398187414
2.80936454849498 0.169468612186907
2.84280936454849 0.174224749123812
2.87625418060201 0.179085584851941
2.90969899665552 0.184051810259039
2.94314381270903 0.189124026268008
2.97658862876254 0.194302738833194
3.01003344481605 0.199588353951324
3.04347826086956 0.204981172707992
3.07692307692308 0.210481386381756
3.11036789297659 0.216089071629085
3.1438127090301 0.221804185774442
3.17725752508361 0.227626562230776
3.21070234113712 0.233555906076551
3.24414715719064 0.23959178981616
3.27759197324415 0.2457336493512
3.31103678929766 0.25198078019047
3.34448160535117 0.258332333926846
3.37792642140468 0.264787315009224
3.41137123745819 0.2713445778376
3.44481605351171 0.278002824208989
3.47826086956522 0.284760601141291
3.51170568561873 0.291616299101394
3.54515050167224 0.298568150662736
3.57859531772575 0.305614229616184
3.61204013377926 0.312752450556567
3.64548494983278 0.319980568965313
3.67892976588629 0.327296181807574
3.7123745819398 0.334696728659906
3.74581939799331 0.342179493381976
3.77926421404682 0.349741606343002
3.81270903010033 0.35738004721064
3.84615384615385 0.365091648306837
3.87959866220736 0.372873098531841
3.91304347826087 0.380720947854092
3.94648829431438 0.388631612360106
3.97993311036789 0.396601379854829
4.0133779264214 0.404626415999237
4.04682274247492 0.41270277096823
4.08026755852843 0.420826386608226
4.11371237458194 0.428993104070218
4.14715719063545 0.437198671890601
4.18060200668896 0.445438754488693
4.21404682274247 0.453708941046712
4.24749163879599 0.462004754735054
4.2809364548495 0.470321662242972
4.31438127090301 0.478655083572401
4.34782608695652 0.487000402050551
4.38127090301003 0.495352974515136
4.41471571906354 0.503708141624742
4.44816053511706 0.512061238245801
4.48160535117057 0.520407603867015
4.51505016722408 0.528742592991878
4.54849498327759 0.537061585460079
4.5819397993311 0.545359996649196
4.61538461538461 0.553633287509013
4.64882943143813 0.561876974382175
4.68227424749164 0.570086638566597
4.71571906354515 0.578257935577088
4.74916387959866 0.586386604066045
4.78260869565217 0.594468474365717
4.81605351170569 0.602499476617463
4.8494983277592 0.610475648456578
4.88294314381271 0.618393142224592
4.91638795986622 0.62624823168441
4.94983277591973 0.634037318217297
4.98327759197324 0.641756936484335
5.01672240802676 0.649403759538709
5.05016722408027 0.65697460337889
5.08361204013378 0.664466430936412
5.11705685618729 0.671876355495584
5.1505016722408 0.679201643545919
5.18394648829431 0.686439717071453
5.21739130434783 0.693588155284318
5.25083612040134 0.700644695812926
5.28428093645485 0.707607235357966
5.31772575250836 0.714473829831982
5.35117056856187 0.721242694000668
5.38461538461538 0.727912200646124
5.4180602006689 0.734480879274194
5.45150501672241 0.740947414389592
5.48494983277592 0.747310643363905
5.51839464882943 0.753569553922645
5.55183946488294 0.759723281278382
5.58528428093645 0.765771104937605
5.61872909698997 0.771712445209352
5.65217391304348 0.777546859443788
5.68561872909699 0.783274038028913
5.7190635451505 0.788893800173294
5.75250836120401 0.794406089502349
5.78595317725753 0.799810969495114
5.81939799331104 0.805108618787698
5.85284280936455 0.810299326368822
5.88628762541806 0.81538348669182
5.91973244147157 0.820361594726473
5.95317725752508 0.825234240972882
5.9866220735786 0.830002106458394
6.02006688963211 0.834665957737339
6.05351170568562 0.839226641912052
6.08695652173913 0.843685081692331
6.12040133779264 0.848042270509178
6.15384615384615 0.852299267697319
6.18729096989967 0.856457193759724
6.22073578595318 0.860517225726015
6.25418060200669 0.864480592615416
6.2876254180602 0.868348571013643
6.32107023411371 0.872122480771976
6.35451505016722 0.875803680835558
6.38795986622074 0.879393565206942
6.42140468227425 0.882893559049789
6.45484949832776 0.886305114936711
6.48829431438127 0.88962970924427
6.52173913043478 0.892868838697312
6.55518394648829 0.896024017063991
6.58862876254181 0.899096772002106
6.62207357859532 0.902088642056666
6.65551839464883 0.905001173808007
6.68896321070234 0.907835919169158
6.72240802675585 0.910594432830702
6.75585284280936 0.913278269850863
6.78929765886288 0.91588898338817
6.82274247491639 0.918428122573675
6.8561872909699 0.920897230519396
6.88963210702341 0.92329784245938
6.92307692307692 0.925631484019555
6.95652173913043 0.927899669612346
6.98996655518395 0.930103900951891
7.02341137123746 0.93224566568555
7.05685618729097 0.934326436137343
7.09030100334448 0.936347668158854
7.12374581939799 0.93831080008314
7.1571906354515 0.940217251777169
7.19063545150502 0.942068423788275
7.22408026755853 0.943865696580238
7.25752508361204 0.945610429854543
7.29096989966555 0.947303961952527
7.32441471571906 0.948947609334119
7.35785953177257 0.950542666129032
7.39130434782609 0.952090403756317
7.4247491638796 0.953592070608318
7.45819397993311 0.955048891795172
7.49163879598662 0.956462068946121
7.52508361204013 0.957832780064016
7.55852842809364 0.95916217942954
7.59197324414716 0.960451397551769
7.62541806020067 0.961701541161877
7.65886287625418 0.962913693246859
7.69230769230769 0.964088913120319
7.7257525083612 0.965228236527503
7.75919732441471 0.966332675781841
7.79264214046823 0.967403219930463
7.82608695652174 0.968440834946198
7.85953177257525 0.96944646394376
7.89297658862876 0.970421027417907
7.92642140468227 0.971365423501467
7.95986622073579 0.972280528241295
7.9933110367893 0.973167195890252
8.02675585284281 0.974026259213499
8.06020066889632 0.974858529807411
8.09364548494983 0.975664798429593
8.12709030100334 0.976445835338526
8.16053511705686 0.977202390641485
8.19397993311037 0.977935194649451
8.22742474916388 0.978644958237845
8.26086956521739 0.979332373211944
8.2943143812709 0.979998112675987
8.32775919732441 0.98064283140498
8.36120401337793 0.981267166218338
8.39464882943144 0.981871736354527
8.42809364548495 0.982457143845959
8.46153846153846 0.983023973893441
8.49498327759197 0.98357279523953
8.52842809364548 0.984104160540218
8.561872909699 0.984618606734402
8.59531772575251 0.985116655410656
8.62876254180602 0.985598813170853
8.66220735785953 0.986065571990245
8.69565217391304 0.98651740957363
8.72909698996656 0.986954789707281
8.76254180602007 0.987378162606361
8.79598662207358 0.987787965257538
8.82943143812709 0.988184621756602
8.8628762541806 0.988568543640864
8.89632107023411 0.988940130216175
8.92976588628762 0.989299768878413
8.96321070234114 0.989647835429312
8.99665551839465 0.989984694386529
9.03010033444816 0.990310699287872
9.06354515050167 0.990626192989608
9.09698996655518 0.990931507958813
9.1304347826087 0.991226966559734
9.16387959866221 0.991512881334125
9.19732441471572 0.991789555275569
9.23076923076923 0.992057282097784
9.26421404682274 0.99231634649693
9.29765886287625 0.992567024407939
9.33110367892977 0.992809583254914
9.36454849498328 0.993044282195629
9.39799331103679 0.993271372360193
9.4314381270903 0.993491097083921
9.46488294314381 0.993703692134497
9.49832775919732 0.993909385933472
9.53177257525084 0.9941083997722
9.56521739130435 0.994300948022265
9.59866220735786 0.994487238340495
9.63210702341137 0.994667471868651
9.66555183946488 0.994841843427863
9.69899665551839 0.995010541707925
9.73244147157191 0.995173749451521
9.76588628762542 0.995331643633496
9.79933110367893 0.995484395635243
9.83277591973244 0.995632171414333
9.86622073578595 0.995775131669453
9.89966555183946 0.995913432000779
9.93311036789298 0.996047223065853
9.96655518394649 0.996176650731093
10 0.996301856219005
