0 0.00947299802580019
0.0334448160535117 0.00976996611048616
0.0668896321070234 0.010076149116224
0.100334448160535 0.0103918269560971
0.133779264214047 0.0107172876626236
0.167224080267559 0.0110528275987827
0.20066889632107 0.0113987516729249
0.234113712374582 0.0117553735575255
0.267558528428094 0.0121230159117283
0.301003344481605 0.0125020106076173
0.334448160535117 0.0128926989601405
0.367892976588629 0.013295431960598
0.40133779264214 0.0137105705135931
0.434782608695652 0.0141384856773277
0.468227424749164 0.0145795589071116
0.501672240802676 0.0150341823019348
0.535117056856187 0.0155027588539354
0.568561872909699 0.0159857027005766
0.602006688963211 0.0164834393793266
0.635451505016722 0.0169964060846103
0.668896321070234 0.0175250519267842
0.702341137123746 0.0180698381928555
0.735785953177257 0.0186312386086453
0.769230769230769 0.0192097396020665
0.802675585284281 0.0198058405671579
0.836120401337793 0.0204200541284862
0.869565217391304 0.0210529064054954
0.903010033444816 0.0217049372763502
0.936454849498328 0.0223767006407813
0.969899665551839 0.0230687646814084
1.00334448160535 0.0237817121229715
1.03678929765886 0.0245161404888656
1.07023411371237 0.0252726623543258
1.10367892976589 0.0260519055955696
1.1371237458194 0.0268545136341526
1.17056856187291 0.0276811456757452
1.20401337792642 0.0285324769424903
1.23745819397993 0.0294091988980436
1.27090301003344 0.0303120194643478
1.30434782608696 0.031241663229131
1.33779264214047 0.032198871643064
1.37123745819398 0.0331844032054467
1.40468227424749 0.0341990336372337
1.438127090301 0.035243556040142
1.47157190635451 0.0363187810405183
1.50501672240803 0.0374255369165752
1.53846153846154 0.0385646697075352
1.57190635451505 0.0397370433031497
1.60535117056856 0.040943539511989
1.63879598662207 0.0421850581068251
1.67224080267559 0.0434625168453543
1.7056856187291 0.0447768514644322
1.73913043478261 0.046129015645919
1.77257525083612 0.0475199809521566
1.80602006688963 0.0489507367290266
1.83946488294314 0.0504222899744598
1.87290969899666 0.0519356651702024
1.90635451505017 0.0534919040745653
1.93979933110368 0.0550920654738193
1.97324414715719 0.0567372248898324
2.0066889632107 0.0584284742414802
2.04013377926421 0.0601669214573062
2.07357859531773 0.0619536900368509
2.10702341137124 0.0637899185580247
2.14046822742475 0.0656767601278549
2.17391304347826 0.0676153817739047
2.20735785953177 0.0696069637736358
2.24080267558528 0.0716526989189687
2.2742474916388 0.0737537917132896
2.30769230769231 0.0759114574981567
2.34113712374582 0.0781269215069759
2.37458193979933 0.0804014178429491
2.40802675585284 0.0827361883786402
2.44147157190635 0.0851324815745711
2.47491638795987 0.087591551214335
2.50836120401338 0.0901146550538155
2.54180602006689 0.0927030533822171
2.5752508361204 0.0953580074927532
2.60869565217391 0.0980807780609995
2.64214046822742 0.100872623429107
2.67558528428094 0.103734797794282
2.70903010033445 0.106668549300178
2.74247491638796 0.109675118030106
2.77591973244147 0.112755733901274
2.80936454849498 0.115911614459579
2.84280936454849 0.119143962574842
2.87625418060201 0.122453964036743
2.90969899665552 0.125842785052154
2.94314381270903 0.129311569645005
2.97658862876254 0.132861436960284
3.01003344481605 0.136493478474325
3.04347826086956 0.140208755114039
3.07692307692308 0.144008294288344
3.11036789297659 0.147893086835651
3.1438127090301 0.15186408389189
3.17725752508361 0.155922193684221
3.21070234113712 0.160068278256267
3.24414715719064 0.164303150131398
3.27759197324415 0.168627568921326
3.31103678929766 0.173042237888016
3.34448160535117 0.177547800467645
3.37792642140468 0.182144836766134
3.41137123745819 0.186833860036498
3.44481605351171 0.191615313149024
3.47826086956522 0.196489565066065
3.51170568561873 0.201456907333901
3.54515050167224 0.206517550604883
3.57859531772575 0.211671621203721
3.61204013377926 0.216919157752419
3.64548494983278 0.222260107868955
3.67892976588629 0.227694324955352
3.7123745819398 0.233221565091246
3.74581939799331 0.238841484049478
3.77926421404682 0.244553634450577
3.81270903010033 0.25035746307322
3.84615384615385 0.256252308337937
3.87959866220736 0.262237397981363
3.91304347826087 0.268311846938279
3.94648829431438 0.274474655448525
3.97993311036789 0.280724707405566
4.0133779264214 0.287060768963074
4.04682274247492 0.293481487415336
4.08026755852843 0.299985390366636
4.11371237458194 0.30657088520391
4.14715719063545 0.313236258886037
4.18060200668896 0.319979678062061
4.21404682274247 0.32679918952936
4.24749163879599 0.333692721041495
4.2809364548495 0.340658082473943
4.31438127090301 0.347692967354342
4.34782608695652 0.354794954762181
4.38127090301003 0.36196151160105
4.41471571906354 0.369189995244662
4.44816053511706 0.376477656555932
4.48160535117057 0.383821643276293
4.51505016722408 0.391219003780436
4.54849498327759 0.39866669118948
4.5819397993311 0.406161567833501
4.61538461538461 0.413700410052205
4.64882943143813 0.421279913320466
4.68227424749164 0.428896697683367
4.71571906354515 0.436547313483427
4.74916387959866 0.444228247360769
4.78260869565217 0.451935928505188
4.81605351170569 0.45966673513739
4.8494983277592 0.467417001195111
4.88294314381271 0.475183023198442
4.91638795986622 0.48296106726742
4.94983277591973 0.490747376263911
4.98327759197324 0.498538177028936
5.01672240802676 0.506329687685907
5.05016722408027 0.514118124979789
5.08361204013378 0.521899711621948
5.11705685618729 0.529670683610408
5.1505016722408 0.537427297495387
5.18394648829431 0.545165837560421
5.21739130434783 0.55288262288992
5.25083612040134 0.560574014294847
5.28428093645485 0.568236421069154
5.31772575250836 0.575866307550826
5.35117056856187 0.583460199462685
5.38461538461538 0.591014690009642
5.4180602006689 0.598526445710684
5.45150501672241 0.60599221194569
5.48494983277592 0.613408818199004
5.51839464882943 0.620773182983675
5.55183946488294 0.628082318432291
5.58528428093645 0.635333334542414
5.61872909698997 0.642523443066736
5.65217391304348 0.649649961040201
5.68561872909699 0.656710313938428
5.7190635451505 0.663702038463917
5.75250836120401 0.670622784958501
5.78595317725753 0.677470319442562
5.81939799331104 0.68424252528342
5.85284280936455 0.690937404497147
5.88628762541806 0.697553078689822
5.91973244147157 0.704087789645847
5.95317725752508 0.710539899572497
5.9866220735786 0.716907891011254
6.02006688963211 0.723190366427768
6.05351170568562 0.729386047493393
6.08695652173913 0.735493774072294
6.12040133779264 0.741512502928961
6.15384615384615 0.747441306171682
6.18729096989967 0.753279369448197
6.22073578595318 0.759025989910112
6.25418060200669 0.764680573963118
6.2876254180602 0.770242634820148
6.32107023411371 0.77571178987483
6.35451505016722 0.781087757912471
6.38795986622074 0.786370356175774
6.42140468227425 0.791559497302241
6.45484949832776 0.796655186149908
6.48829431438127 0.801657516527709
6.52173913043478 0.806566667846286
6.55518394648829 0.811382901704541
6.58862876254181 0.816106558426689
6.62207357859532 0.820738053563899
6.65551839464883 0.825277874373987
6.68896321070234 0.829726576291906
6.72240802675585 0.834084779403079
6.75585284280936 0.838353164930863
6.78929765886288 0.842532471748686
6.82274247491639 0.846623492926651
6.8561872909699 0.85062707232164
6.88963210702341 0.854544101219185
6.92307692307692 0.858375515034653
6.95652173913043 0.862122290080541
6.98996655518395 0.865785440405977
7.02341137123746 0.869366014713835
7.05685618729097 0.872865093360175
7.09030100334448 0.876283785440124
7.12374581939799 0.879623225963649
7.1571906354515 0.882884573124118
7.19063545150502 0.886069005661979
7.22408026755853 0.889177720325362
7.25752508361204 0.892211929428915
7.29096989966555 0.895172858511723
7.32441471571906 0.898061744094743
7.35785953177257 0.900879831537761
7.39130434782609 0.903628372995544
7.4247491638796 0.906308625472506
7.45819397993311 0.908921848974905
7.49163879598662 0.911469304759306
7.52508361204013 0.913952253675816
7.55852842809364 0.916371954604347
7.59197324414716 0.918729662981993
7.62541806020067 0.921026629419423
7.65886287625418 0.923264098404041
7.69230769230769 0.925443307087546
7.7257525083612 0.927565484155418
7.75919732441471 0.929631848775761
7.79264214046823 0.931643609624882
7.82608695652174 0.93360196398691
7.85953177257525 0.935508096924748
7.89297658862876 0.93736318051961
7.92642140468227 0.939168373176387
7.95986622073579 0.940924818992105
7.9933110367893 0.942633647184728
8.02675585284281 0.9442959715796
8.06020066889632 0.945912890150836
8.09364548494983 0.947485484615033
8.12709030100334 0.94901482007468
8.16053511705686 0.950501944708746
8.19397993311037 0.951947889507944
8.22742474916388 0.953353668052234
8.26086956521739 0.95472027632823
8.2943143812709 0.956048692584173
8.32775919732441 0.957339877220287
8.36120401337793 0.958594772712331
8.39464882943144 0.959814303566291
8.42809364548495 0.960999376302184
8.46153846153846 0.962150879465063
8.49498327759197 0.963269683661357
8.52842809364548 0.964356641618765
8.561872909699 0.965412588268001
8.59531772575251 0.96643834084476
8.62876254180602 0.96743469901034
8.66220735785953 0.968402444989432
8.69565217391304 0.969342343723674
8.72909698996656 0.970255143039601
8.76254180602007 0.971141573829726
8.79598662207358 0.972002350245528
8.82943143812709 0.972838169901196
8.8628762541806 0.973649714087048
8.89632107023411 0.974437647991584
8.92976588628762 0.975202620931202
8.96321070234114 0.975945266586673
8.99665551839465 0.976666203245493
9.03010033444816 0.977366034049325
9.06354515050167 0.978045347245745
9.09698996655518 0.978704716443606
9.1304347826087 0.979344700871322
9.16387959866221 0.979965845637482
9.19732441471572 0.980568681993186
9.23076923076923 0.981153727595571
9.26421404682274 0.981721486772027
9.29765886287625 0.982272450784631
9.33110367892977 0.982807098094369
9.36454849498328 0.983325894624732
9.39799331103679 0.98382929402435
9.4314381270903 0.984317737928279
9.46488294314381 0.984791656217671
9.49832775919732 0.985251467277513
9.53177257525084 0.985697578252186
9.56521739130435 0.986130385298609
9.59866220735786 0.986550273836746
9.63210702341137 0.986957618797285
9.66555183946488 0.987352784866313
9.69899665551839 0.987736126726838
9.73244147157191 0.988107989297005
9.76588628762542 0.988468707964902
9.79933110367893 0.988818608819823
9.83277591973244 0.989158008879931
9.86622073578595 0.989487216316198
9.89966555183946 0.989806530672594
9.93311036789298 0.990116243082445
9.96655518394649 0.990416636480913
10 0.99070798581359
