0 0.00972761595938395
0.0334448160535117 0.0100711899322585
0.0668896321070234 0.0104267709762158
0.100334448160535 0.010794769532524
0.133779264214047 0.0111756094140514
0.167224080267559 0.0115697281933801
0.20066889632107 0.0119775775986771
0.234113712374582 0.0123996239171981
0.267558528428094 0.0128363484062668
0.301003344481605 0.0132882477115445
0.334448160535117 0.0137558342923675
0.367892976588629 0.0142396368538918
0.40133779264214 0.0147402007857483
0.434782608695652 0.0152580886068635
0.468227424749164 0.0157938804160582
0.501672240802676 0.016348174347985
0.535117056856187 0.0169215870339115
0.568561872909699 0.0175147540668017
0.602006688963211 0.0181283304700832
0.635451505016722 0.0187629911694256
0.668896321070234 0.0194194314667858
0.702341137123746 0.0200983675159005
0.735785953177257 0.0208005367983295
0.769230769230769 0.0215266985990688
0.802675585284281 0.0222776344806665
0.836120401337793 0.0230541487546776
0.869565217391304 0.0238570689491994
0.903010033444816 0.0246872462711215
0.936454849498328 0.0255455560616183
0.969899665551839 0.0264328982432933
1.00334448160535 0.0273501977572658
1.03678929765886 0.0282984049883646
1.07023411371237 0.0292784961764568
1.10367892976589 0.0302914738118063
1.1371237458194 0.0313383670122082
1.17056856187291 0.0324202318794977
1.20401337792642 0.0335381518328746
1.23745819397993 0.0346932379163248
1.27090301003344 0.0358866290772506
1.30434782608696 0.0369585921000141
1.33779264214047 0.0380293891903932
1.37123745819398 0.0391299498039426
1.40468227424749 0.0402610273503177
1.438127090301 0.0414233899827595
1.47157190635451 0.042617820624888
1.50501672240803 0.0438451169785427
1.53846153846154 0.0451060915113512
1.57190635451505 0.0464015714226586
1.60535117056856 0.0477323985863964
1.63879598662207 0.0490994294694244
1.67224080267559 0.0505035350238227
1.7056856187291 0.0519456005515689
1.73913043478261 0.0534265255399828
1.77257525083612 0.0549472234662766
1.80602006688963 0.0565086215695051
1.83946488294314 0.0581116605881663
1.87290969899666 0.059757294461665
1.90635451505017 0.0614464899938138
1.93979933110368 0.0631802264765151
1.97324414715719 0.0649594952717366
2.0066889632107 0.0667852993498701
2.04013377926421 0.0686586527825437
2.07357859531773 0.0705805801879431
2.10702341137124 0.0725521161266929
2.14046822742475 0.0745743044463467
2.17391304347826 0.0766481975725418
2.20735785953177 0.0787748557448942
2.24080267558528 0.0809553461957302
2.2742474916388 0.0831907422697884
2.30769230769231 0.0854821224830718
2.34113712374582 0.0878305695190857
2.37458193979933 0.0902371691607679
2.40802675585284 0.0927030091564994
2.44147157190635 0.0952291780186799
2.47491638795987 0.0978167637534661
2.50836120401338 0.100466852520393
2.54180602006689 0.103180527220746
2.5752508361204 0.105958866013709
2.60869565217391 0.10880294075949
2.64214046822742 0.111713815388827
2.67558528428094 0.114692544198481
2.70903010033445 0.117740170072574
2.74247491638796 0.120857722629869
2.77591973244147 0.124046216297366
2.80936454849498 0.127306648310894
2.84280936454849 0.130639996643679
2.87625418060201 0.134047217864218
2.90969899665552 0.137529244925131
2.94314381270903 0.141086984885058
2.97658862876254 0.144721316566047
3.01003344481605 0.148433088149294
3.04347826086956 0.152223114712554
3.07692307692308 0.156092175712952
3.11036789297659 0.160041012419416
3.1438127090301 0.164070325299423
3.17725752508361 0.168180771365246
3.21070234113712 0.172372961485359
3.24414715719064 0.176647457667219
3.27759197324415 0.181004770318094
3.31103678929766 0.185445355491155
3.34448160535117 0.189969612124558
3.37792642140468 0.194577879281721
3.41137123745819 0.199270433401528
3.44481605351171 0.204047485567651
3.47826086956522 0.208909178806646
3.51170568561873 0.213855585424938
3.54515050167224 0.218886704395203
3.57859531772575 0.224002458803046
3.61204013377926 0.229202693365222
3.64548494983278 0.234487172030958
3.67892976588629 0.239855575678164
3.7123745819398 0.245307499916567
3.74581939799331 0.250842453009916
3.77926421404682 0.256459853929509
3.81270903010033 0.262159030551324
3.84615384615385 0.267939218008966
3.87959866220736 0.273799557214533
3.91304347826087 0.279739093559308
3.94648829431438 0.285756775805884
3.97993311036789 0.291851455182983
4.0133779264214 0.298021884693769
4.04682274247492 0.304266718647923
4.08026755852843 0.310584512427115
4.11371237458194 0.316973722492803
4.14715719063545 0.323432706644496
4.18060200668896 0.329959724535714
4.21404682274247 0.336552938453951
4.24749163879599 0.343210414369849
4.2809364548495 0.349930123259754
4.31438127090301 0.35670994270455
4.34782608695652 0.363547658766507
4.38127090301003 0.370440968144526
4.41471571906354 0.377387480606836
4.44816053511706 0.384384721698827
4.48160535117057 0.391430135722275
4.51505016722408 0.398521088980807
4.54849498327759 0.405654873285
4.5819397993311 0.412828709709106
4.61538461538461 0.420039752589955
4.64882943143813 0.42728509375723
4.68227424749164 0.434561766982934
4.71571906354515 0.441866752636612
4.74916387959866 0.449196982531614
4.78260869565217 0.456549344946576
4.81605351170569 0.463920689805178
4.8494983277592 0.471307833996297
4.88294314381271 0.478707566815757
4.91638795986622 0.486116655510165
4.94983277591973 0.493531850902608
4.98327759197324 0.500949893079542
5.01672240802676 0.508367517117748
5.05016722408027 0.515781458830014
5.08361204013378 0.523188460508065
5.11705685618729 0.530585276641284
5.1505016722408 0.537968679589925
5.18394648829431 0.545335465191804
5.21739130434783 0.552682458281887
5.25083612040134 0.560006518104736
5.28428093645485 0.56730454360046
5.31772575250836 0.574573478545612
5.35117056856187 0.581810316531363
5.38461538461538 0.589012105762312
5.4180602006689 0.596175953660362
5.45150501672241 0.603299031259288
5.48494983277592 0.610378577376867
5.51839464882943 0.617411902552732
5.55183946488294 0.624396392741504
5.58528428093645 0.63132951275211
5.61872909698997 0.638208809425634
5.65217391304348 0.645031914545476
5.68561872909699 0.651796547475027
5.7190635451505 0.658500517519474
5.75250836120401 0.66514172600979
5.78595317725753 0.671718168108292
5.81939799331104 0.678227934336512
5.85284280936455 0.684669211827409
5.88628762541806 0.691040285305167
5.91973244147157 0.697339537797006
5.95317725752508 0.703565451082507
5.9866220735786 0.709716605887007
6.02006688963211 0.715791681826535
6.05351170568562 0.721789457112632
6.08695652173913 0.727708808026175
6.12040133779264 0.733548708170016
6.15384615384615 0.739308227510847
6.18729096989967 0.744986531221214
6.22073578595318 0.750582878333029
6.25418060200669 0.756096620214303
6.2876254180602 0.761527198881019
6.32107023411371 0.76687414515633
6.35451505016722 0.772137076689278
6.38795986622074 0.777315695845346
6.42140468227425 0.782409787481058
6.45484949832776 0.787419216614749
6.48829431438127 0.792343926005489
6.52173913043478 0.7971839336519
6.55518394648829 0.801939330222328
6.58862876254181 0.806610276427557
6.62207357859532 0.811197000346843
6.65551839464883 0.815699794717704
6.68896321070234 0.820119014199435
6.72240802675585 0.824455072619919
6.75585284280936 0.828708440214786
6.78929765886288 0.832879640867523
6.82274247491639 0.836969249358631
6.8561872909699 0.840977888631405
6.88963210702341 0.844906227081429
6.92307692307692 0.848754975876337
6.95652173913043 0.852524886311908
6.98996655518395 0.856216747210038
7.02341137123746 0.859831382363649
7.05685618729097 0.8633696480331
7.09030100334448 0.866832430498193
7.12374581939799 0.870220643669407
7.1571906354515 0.873535226761552
7.19063545150502 0.876777142032589
7.22408026755853 0.879947372589982
7.25752508361204 0.883046920266528
7.29096989966555 0.886076803567261
7.32441471571906 0.889038055688655
7.35785953177257 0.891931722611038
7.39130434782609 0.894758861264819
7.4247491638796 0.897520537770805
7.45819397993311 0.900217825754686
7.49163879598662 0.90285180473543
7.52508361204013 0.90542355858718
7.55852842809364 0.907934174073977
7.59197324414716 0.910384739456484
7.62541806020067 0.912776343169669
7.65886287625418 0.915110072570307
7.69230769230769 0.91738701275296
7.7257525083612 0.919608245433016
7.75919732441471 0.921774847895248
7.79264214046823 0.923856299153169
7.82608695652174 0.925771361671315
7.85953177257525 0.927642031515224
7.89297658862876 0.929469149437788
7.92642140468227 0.931253549770618
7.95986622073579 0.932996059937986
7.9933110367893 0.934697500004861
8.02675585284281 0.936358682257854
8.06020066889632 0.937980410817944
8.09364548494983 0.939563481283798
8.12709030100334 0.941108680404546
8.16053511705686 0.942616785780867
8.19397993311037 0.944088565593231
8.22742474916388 0.945524778356181
8.26086956521739 0.946926172697549
8.2943143812709 0.948293487161488
8.32775919732441 0.949627450034277
8.36120401337793 0.95092877919181
8.39464882943144 0.952198181967763
8.42809364548495 0.953436355041416
8.46153846153846 0.954643984344138
8.49498327759197 0.9558217449836
8.52842809364548 0.956970301184753
8.561872909699 0.958090306246685
8.59531772575251 0.959182402514473
8.62876254180602 0.96024722136517
8.66220735785953 0.961285383207116
8.69565217391304 0.96229749749177
8.72909698996656 0.963284162737294
8.76254180602007 0.964245966563155
8.79598662207358 0.965183485735029
8.82943143812709 0.96609728621932
8.8628762541806 0.96698792324664
8.89632107023411 0.967855941383625
8.92976588628762 0.968701874612464
8.96321070234114 0.96952624641758
8.99665551839465 0.970329569878907
9.03010033444816 0.971112347771224
9.06354515050167 0.971875072669053
9.09698996655518 0.972618227056629
9.1304347826087 0.973342283442498
9.16387959866221 0.974047704478297
9.19732441471572 0.9747349430813
9.23076923076923 0.975404442560345
9.26421404682274 0.976056636744768
9.29765886287625 0.976691950115984
9.33110367892977 0.977310797941387
9.36454849498328 0.977913586410253
9.39799331103679 0.978500712771345
9.4314381270903 0.97907256547194
9.46488294314381 0.979629524298014
9.49832775919732 0.980171960515337
9.53177257525084 0.980700237011236
9.56521739130435 0.981214708436823
9.59866220735786 0.98171572134946
9.63210702341137 0.98220361435529
9.66555183946488 0.982678718251637
9.69899665551839 0.98314135616912
9.73244147157191 0.983591843713313
9.76588628762542 0.98403048910582
9.79933110367893 0.984457593324617
9.83277591973244 0.984873450243539
9.86622073578595 0.985278346770808
9.89966555183946 0.985672562986479
9.93311036789298 0.986056372278719
9.96655518394649 0.986430041478823
10 0.986793830994891
