1 1
1 1
1 1
1 1
1 1
1 1
1 1
1 1
1 1
1 1
1 1
1 1
1 1
1 1
1 1
1 1
1 1
1 1
1 1
1 1
1 1
1 1
1 1
1 1
1 1
1 1
1 1
1 1
1 1
0.977272727272727 1
0.976190476190476 1
0.976190476190476 1
0.953488372093023 1
0.953488372093023 1
0.953488372093023 1
0.891304347826087 1
0.872340425531915 1
0.872340425531915 1
0.836734693877551 1
0.836734693877551 1
0.836734693877551 1
0.836734693877551 1
0.836734693877551 1
0.816326530612245 1
0.795918367346939 1
0.791666666666667 1
0.791666666666667 1
0.791666666666667 1
0.770833333333333 1
0.770833333333333 1
0.770833333333333 1
0.770833333333333 1
0.770833333333333 1
0.755102040816326 1
0.755102040816326 1
0.755102040816326 1
0.75 1
0.75 1
0.73469387755102 1
0.7 1
0.7 1
0.7 1
0.7 1
0.7 1
0.7 1
0.7 1
0.7 1
0.7 1
0.7 1
0.7 1
0.7 1
0.7 1
0.7 1
0.7 1
0.7 1
0.7 1
0.7 1
0.7 1
0.693877551020408 1
0.68 1
0.666666666666667 1
0.653846153846154 1
0.653846153846154 1
0.647058823529412 1
0.647058823529412 1
0.647058823529412 1
0.634615384615385 1
0.634615384615385 1
0.634615384615385 1
0.634615384615385 1
0.634615384615385 1
0.634615384615385 1
0.634615384615385 1
0.634615384615385 1
0.627450980392157 1
0.627450980392157 1
0.627450980392157 1
0.627450980392157 1
0.627450980392157 1
0.62 1
0.62 1
0.6 1
0.6 1
0.6 1
0.6 1
0.6 1
0.588235294117647 1
0.588235294117647 1
0.588235294117647 1
0.588235294117647 1
0.58 1
0.58 1
0.58 1
0.58 1
0.58 1
0.58 1
0.58 1
0.58 1
0.58 1
0.58 1
0.58 1
0.58 1
0.58 1
0.58 1
0.58 1
0.58 1
0.58 1
0.58 1
0.58 1
0.58 1
0.58 1
0.58 1
0.58 1
0.58 1
0.58 1
0.58 1
0.58 1
0.58 1
0.58 1
0.58 1
0.571428571428571 1
0.571428571428571 1
0.571428571428571 1
0.571428571428571 1
0.56 1
0.56 1
0.56 1
0.551020408163265 1
0.551020408163265 1
0.551020408163265 1
0.551020408163265 1
0.551020408163265 1
0.551020408163265 1
0.551020408163265 1
0.54 1
0.54 1
0.54 1
0.54 1
0.54 1
0.54 1
0.54 1
0.54 1
0.54 1
0.54 1
0.54 1
0.530612244897959 1
0.530612244897959 1
0.530612244897959 1
0.530612244897959 1
0.520833333333333 1
0.520833333333333 1
0.520833333333333 1
0.520833333333333 1
0.520833333333333 1
0.520833333333333 1
0.510204081632653 1
0.510204081632653 1
0.510204081632653 1
0.510204081632653 1
0.510204081632653 1
0.510204081632653 1
0.510204081632653 1
0.510204081632653 1
0.510204081632653 1
0.5 1
0.489795918367347 1
0.489795918367347 1
0.489795918367347 1
0.48 1
0.48 1
0.48 1
0.48 1
0.48 1
0.48 1
0.48 1
0.469387755102041 1
0.469387755102041 1
0.469387755102041 1
0.469387755102041 1
0.469387755102041 1
0.469387755102041 1
0.469387755102041 1
0.469387755102041 1
0.469387755102041 1
0.469387755102041 1
0.46 1
0.46 1
0.46 1
0.46 1
0.46 1
0.46 1
0.46 1
0.46 1
0.448979591836735 1
0.448979591836735 1
0.448979591836735 1
0.448979591836735 1
0.448979591836735 1
0.448979591836735 1
0.448979591836735 1
0.448979591836735 1
0.448979591836735 1
0.448979591836735 1
0.4375 1
0.4375 1
0.4375 1
0.4375 1
0.4375 1
0.4375 1
0.4375 1
0.4375 1
0.4375 1
0.4375 1
0.4375 1
0.4375 1
0.4375 1
0.425531914893617 1
0.425531914893617 1
0.425531914893617 1
0.425531914893617 1
0.425531914893617 1
0.425531914893617 1
0.425531914893617 1
0.425531914893617 1
0.425531914893617 1
0.425531914893617 1
0.425531914893617 1
0.425531914893617 1
0.425531914893617 1
0.425531914893617 1
0.425531914893617 1
0.425531914893617 1
0.425531914893617 1
0.425531914893617 1
0.425531914893617 1
0.425531914893617 1
0.425531914893617 1
0.425531914893617 1
0.425531914893617 1
0.425531914893617 1
0.416666666666667 1
0.416666666666667 1
0.416666666666667 1
0.404255319148936 1
0.404255319148936 1
0.404255319148936 1
0.404255319148936 1
0.391304347826087 1
0.391304347826087 1
0.391304347826087 1
0.391304347826087 1
0.391304347826087 1
0.391304347826087 1
0.382978723404255 1
0.382978723404255 1
0.382978723404255 0.975
0.382978723404255 0.975
0.382978723404255 0.975
0.382978723404255 0.975
0.382978723404255 0.975
0.382978723404255 0.951219512195122
0.382978723404255 0.951219512195122
0.369565217391304 0.951219512195122
0.369565217391304 0.951219512195122
0.369565217391304 0.951219512195122
0.369565217391304 0.928571428571429
0.369565217391304 0.928571428571429
0.369565217391304 0.928571428571429
0.369565217391304 0.928571428571429
0.369565217391304 0.928571428571429
0.369565217391304 0.928571428571429
0.369565217391304 0.928571428571429
0.369565217391304 0.928571428571429
0.369565217391304 0.928571428571429
0.369565217391304 0.928571428571429
0.369565217391304 0.928571428571429
0.369565217391304 0.928571428571429
0.369565217391304 0.928571428571429
0.369565217391304 0.928571428571429
0.369565217391304 0.928571428571429
0.369565217391304 0.928571428571429
0.369565217391304 0.928571428571429
0.369565217391304 0.928571428571429
0.369565217391304 0.928571428571429
0.361702127659574 0.928571428571429
0.361702127659574 0.928571428571429
0.361702127659574 0.928571428571429
0.361702127659574 0.928571428571429
0.361702127659574 0.928571428571429
0.361702127659574 0.928571428571429
0.361702127659574 0.928571428571429
0.354166666666667 0.928571428571429
0.354166666666667 0.928571428571429
0.354166666666667 0.928571428571429
0.354166666666667 0.928571428571429
0.354166666666667 0.928571428571429
0.354166666666667 0.928571428571429
0.354166666666667 0.928571428571429
0.354166666666667 0.928571428571429
0.354166666666667 0.928571428571429
0.354166666666667 0.928571428571429
0.354166666666667 0.928571428571429
0.354166666666667 0.928571428571429
0.354166666666667 0.928571428571429
0.354166666666667 0.928571428571429
0.354166666666667 0.928571428571429
0.354166666666667 0.928571428571429
0.354166666666667 0.928571428571429
0.354166666666667 0.928571428571429
0.340425531914894 0.928571428571429
0.340425531914894 0.928571428571429
0.340425531914894 0.928571428571429
0.340425531914894 0.928571428571429
0.340425531914894 0.928571428571429
0.340425531914894 0.928571428571429
0.340425531914894 0.928571428571429
0.340425531914894 0.928571428571429
0.340425531914894 0.928571428571429
0.333333333333333 0.928571428571429
0.333333333333333 0.928571428571429
0.333333333333333 0.928571428571429
0.333333333333333 0.928571428571429
0.333333333333333 0.928571428571429
0.333333333333333 0.928571428571429
0.333333333333333 0.928571428571429
0.333333333333333 0.928571428571429
0.333333333333333 0.928571428571429
0.333333333333333 0.928571428571429
0.333333333333333 0.928571428571429
0.333333333333333 0.928571428571429
0.333333333333333 0.928571428571429
0.319148936170213 0.928571428571429
0.319148936170213 0.928571428571429
0.319148936170213 0.926829268292683
0.3125 0.926829268292683
0.3125 0.926829268292683
0.3125 0.926829268292683
0.3125 0.926829268292683
0.3125 0.926829268292683
0.3125 0.904761904761905
0.3125 0.904761904761905
0.3125 0.904761904761905
0.3125 0.904761904761905
0.3125 0.904761904761905
0.3125 0.904761904761905
0.3125 0.904761904761905
0.3125 0.904761904761905
0.3125 0.904761904761905
0.3125 0.904761904761905
0.3125 0.904761904761905
0.3125 0.904761904761905
0.3125 0.904761904761905
0.3125 0.904761904761905
0.3125 0.904761904761905
0.3125 0.883720930232558
0.3125 0.883720930232558
0.297872340425532 0.883720930232558
0.297872340425532 0.883720930232558
0.297872340425532 0.883720930232558
0.297872340425532 0.883720930232558
0.297872340425532 0.883720930232558
0.297872340425532 0.883720930232558
0.297872340425532 0.883720930232558
0.297872340425532 0.883720930232558
0.291666666666667 0.883720930232558
0.291666666666667 0.883720930232558
0.291666666666667 0.883720930232558
0.291666666666667 0.883720930232558
0.291666666666667 0.883720930232558
0.291666666666667 0.883720930232558
0.291666666666667 0.883720930232558
0.291666666666667 0.883720930232558
0.291666666666667 0.883720930232558
0.291666666666667 0.883720930232558
0.291666666666667 0.883720930232558
0.291666666666667 0.883720930232558
0.291666666666667 0.883720930232558
0.291666666666667 0.883720930232558
0.291666666666667 0.883720930232558
0.291666666666667 0.883720930232558
0.285714285714286 0.883720930232558
0.285714285714286 0.883720930232558
0.285714285714286 0.883720930232558
0.285714285714286 0.883720930232558
0.285714285714286 0.883720930232558
0.285714285714286 0.883720930232558
0.285714285714286 0.883720930232558
0.285714285714286 0.883720930232558
0.285714285714286 0.883720930232558
0.285714285714286 0.880952380952381
0.285714285714286 0.880952380952381
0.285714285714286 0.880952380952381
0.285714285714286 0.880952380952381
0.285714285714286 0.880952380952381
0.285714285714286 0.880952380952381
0.285714285714286 0.880952380952381
0.285714285714286 0.880952380952381
0.285714285714286 0.880952380952381
0.285714285714286 0.880952380952381
0.28 0.880952380952381
0.28 0.880952380952381
0.28 0.880952380952381
0.28 0.880952380952381
0.28 0.880952380952381
0.28 0.880952380952381
0.28 0.880952380952381
0.28 0.880952380952381
0.28 0.878048780487805
0.28 0.878048780487805
0.28 0.878048780487805
0.28 0.878048780487805
0.28 0.878048780487805
0.28 0.878048780487805
0.28 0.878048780487805
0.28 0.878048780487805
0.28 0.878048780487805
0.28 0.878048780487805
0.28 0.878048780487805
0.28 0.875
0.28 0.875
0.28 0.875
0.28 0.875
0.28 0.875
0.28 0.875
0.28 0.875
0.28 0.875
0.28 0.875
0.28 0.875
0.28 0.875
0.28 0.875
0.28 0.871794871794872
0.28 0.871794871794872
0.28 0.871794871794872
0.28 0.871794871794872
0.28 0.871794871794872
0.28 0.871794871794872
0.28 0.871794871794872
0.28 0.871794871794872
0.28 0.871794871794872
0.274509803921569 0.871794871794872
0.274509803921569 0.871794871794872
0.274509803921569 0.871794871794872
0.274509803921569 0.871794871794872
0.274509803921569 0.871794871794872
0.274509803921569 0.871794871794872
0.274509803921569 0.871794871794872
0.269230769230769 0.871794871794872
0.269230769230769 0.871794871794872
0.269230769230769 0.871794871794872
0.269230769230769 0.871794871794872
0.269230769230769 0.871794871794872
0.269230769230769 0.871794871794872
0.269230769230769 0.871794871794872
0.269230769230769 0.871794871794872
0.269230769230769 0.871794871794872
0.269230769230769 0.871794871794872
0.269230769230769 0.871794871794872
0.269230769230769 0.871794871794872
0.269230769230769 0.871794871794872
0.269230769230769 0.871794871794872
0.269230769230769 0.871794871794872
0.269230769230769 0.871794871794872
0.269230769230769 0.871794871794872
0.269230769230769 0.871794871794872
0.269230769230769 0.871794871794872
0.269230769230769 0.871794871794872
0.269230769230769 0.871794871794872
0.264150943396226 0.871794871794872
0.264150943396226 0.871794871794872
0.264150943396226 0.871794871794872
0.264150943396226 0.871794871794872
0.264150943396226 0.871794871794872
0.264150943396226 0.871794871794872
0.264150943396226 0.871794871794872
0.25 0.871794871794872
0.25 0.871794871794872
0.25 0.871794871794872
0.25 0.871794871794872
0.25 0.871794871794872
0.25 0.871794871794872
0.25 0.871794871794872
0.25 0.871794871794872
0.25 0.871794871794872
0.25 0.871794871794872
0.25 0.871794871794872
0.25 0.871794871794872
0.25 0.871794871794872
0.25 0.871794871794872
0.25 0.871794871794872
0.25 0.871794871794872
0.25 0.871794871794872
0.25 0.871794871794872
0.25 0.871794871794872
0.25 0.871794871794872
0.25 0.871794871794872
0.25 0.871794871794872
0.25 0.871794871794872
0.25 0.871794871794872
0.25 0.871794871794872
0.25 0.871794871794872
0.25 0.871794871794872
0.25 0.871794871794872
0.25 0.871794871794872
0.25 0.871794871794872
0.25 0.871794871794872
0.25 0.871794871794872
0.25 0.871794871794872
0.25 0.871794871794872
0.25 0.871794871794872
0.25 0.871794871794872
0.25 0.871794871794872
0.25 0.871794871794872
0.235294117647059 0.871794871794872
0.235294117647059 0.871794871794872
0.235294117647059 0.868421052631579
0.235294117647059 0.868421052631579
0.235294117647059 0.868421052631579
0.235294117647059 0.868421052631579
0.235294117647059 0.868421052631579
0.235294117647059 0.868421052631579
0.235294117647059 0.868421052631579
0.235294117647059 0.868421052631579
0.235294117647059 0.868421052631579
0.235294117647059 0.868421052631579
0.235294117647059 0.868421052631579
0.235294117647059 0.868421052631579
0.235294117647059 0.868421052631579
0.235294117647059 0.868421052631579
0.22 0.868421052631579
0.215686274509804 0.868421052631579
0.215686274509804 0.868421052631579
0.215686274509804 0.868421052631579
0.215686274509804 0.868421052631579
0.215686274509804 0.868421052631579
0.215686274509804 0.868421052631579
0.215686274509804 0.868421052631579
0.215686274509804 0.868421052631579
0.215686274509804 0.868421052631579
0.215686274509804 0.868421052631579
0.215686274509804 0.868421052631579
0.215686274509804 0.868421052631579
0.215686274509804 0.868421052631579
0.215686274509804 0.868421052631579
0.215686274509804 0.868421052631579
0.215686274509804 0.868421052631579
0.215686274509804 0.868421052631579
0.215686274509804 0.868421052631579
0.215686274509804 0.868421052631579
0.215686274509804 0.868421052631579
0.215686274509804 0.868421052631579
0.215686274509804 0.868421052631579
0.215686274509804 0.868421052631579
0.215686274509804 0.868421052631579
0.215686274509804 0.868421052631579
0.215686274509804 0.868421052631579
0.211538461538462 0.868421052631579
0.211538461538462 0.868421052631579
0.211538461538462 0.868421052631579
0.196078431372549 0.846153846153846
0.196078431372549 0.846153846153846
0.196078431372549 0.846153846153846
0.196078431372549 0.842105263157895
0.196078431372549 0.842105263157895
0.196078431372549 0.842105263157895
0.196078431372549 0.842105263157895
0.196078431372549 0.842105263157895
0.196078431372549 0.842105263157895
0.196078431372549 0.842105263157895
0.196078431372549 0.842105263157895
0.196078431372549 0.842105263157895
0.196078431372549 0.842105263157895
0.196078431372549 0.842105263157895
0.196078431372549 0.842105263157895
0.196078431372549 0.842105263157895
0.196078431372549 0.842105263157895
0.196078431372549 0.842105263157895
0.196078431372549 0.842105263157895
0.196078431372549 0.837837837837838
0.196078431372549 0.837837837837838
0.196078431372549 0.837837837837838
0.196078431372549 0.837837837837838
0.196078431372549 0.837837837837838
0.196078431372549 0.837837837837838
0.196078431372549 0.837837837837838
0.196078431372549 0.837837837837838
0.192307692307692 0.837837837837838
0.192307692307692 0.837837837837838
0.192307692307692 0.837837837837838
0.192307692307692 0.837837837837838
0.192307692307692 0.837837837837838
0.192307692307692 0.837837837837838
0.192307692307692 0.837837837837838
0.192307692307692 0.837837837837838
0.192307692307692 0.837837837837838
0.192307692307692 0.837837837837838
0.192307692307692 0.837837837837838
0.192307692307692 0.837837837837838
0.192307692307692 0.837837837837838
0.192307692307692 0.837837837837838
0.192307692307692 0.837837837837838
0.192307692307692 0.837837837837838
0.192307692307692 0.837837837837838
0.192307692307692 0.837837837837838
0.192307692307692 0.837837837837838
0.192307692307692 0.837837837837838
0.192307692307692 0.837837837837838
0.192307692307692 0.837837837837838
0.192307692307692 0.837837837837838
0.192307692307692 0.837837837837838
0.192307692307692 0.833333333333333
0.192307692307692 0.833333333333333
0.192307692307692 0.833333333333333
0.192307692307692 0.833333333333333
0.192307692307692 0.833333333333333
0.192307692307692 0.833333333333333
0.192307692307692 0.833333333333333
0.192307692307692 0.833333333333333
0.176470588235294 0.833333333333333
0.176470588235294 0.833333333333333
0.176470588235294 0.833333333333333
0.176470588235294 0.833333333333333
0.176470588235294 0.828571428571429
0.176470588235294 0.805555555555556
0.176470588235294 0.805555555555556
0.176470588235294 0.805555555555556
0.16 0.805555555555556
0.16 0.805555555555556
0.16 0.805555555555556
0.142857142857143 0.805555555555556
0.142857142857143 0.805555555555556
0.142857142857143 0.805555555555556
0.142857142857143 0.805555555555556
0.142857142857143 0.805555555555556
0.142857142857143 0.805555555555556
0.142857142857143 0.805555555555556
0.142857142857143 0.805555555555556
0.142857142857143 0.805555555555556
0.142857142857143 0.805555555555556
0.142857142857143 0.805555555555556
0.142857142857143 0.805555555555556
0.142857142857143 0.783783783783784
0.142857142857143 0.777777777777778
0.142857142857143 0.777777777777778
0.142857142857143 0.777777777777778
0.142857142857143 0.777777777777778
0.142857142857143 0.777777777777778
0.142857142857143 0.777777777777778
0.142857142857143 0.777777777777778
0.142857142857143 0.777777777777778
0.142857142857143 0.777777777777778
0.142857142857143 0.777777777777778
0.142857142857143 0.771428571428571
0.142857142857143 0.75
0.142857142857143 0.75
0.142857142857143 0.75
0.142857142857143 0.75
0.142857142857143 0.75
0.142857142857143 0.75
0.142857142857143 0.75
0.142857142857143 0.75
0.142857142857143 0.75
0.142857142857143 0.75
0.125 0.75
0.125 0.72972972972973
0.125 0.72972972972973
0.125 0.72972972972973
0.106382978723404 0.72972972972973
0.106382978723404 0.72972972972973
0.106382978723404 0.72972972972973
0.106382978723404 0.72972972972973
0.106382978723404 0.72972972972973
0.106382978723404 0.72972972972973
0.106382978723404 0.72972972972973
0.106382978723404 0.72972972972973
0.106382978723404 0.722222222222222
0.106382978723404 0.722222222222222
0.106382978723404 0.722222222222222
0.106382978723404 0.722222222222222
0.106382978723404 0.722222222222222
0.106382978723404 0.722222222222222
0.106382978723404 0.722222222222222
0.106382978723404 0.722222222222222
0.106382978723404 0.722222222222222
0.106382978723404 0.722222222222222
0.106382978723404 0.722222222222222
0.106382978723404 0.722222222222222
0.106382978723404 0.722222222222222
0.0869565217391304 0.722222222222222
0.0869565217391304 0.714285714285714
0.0666666666666667 0.714285714285714
0.0666666666666667 0.714285714285714
0.0666666666666667 0.714285714285714
0.0666666666666667 0.714285714285714
0.0666666666666667 0.714285714285714
0.0666666666666667 0.714285714285714
0.0666666666666667 0.714285714285714
0.0666666666666667 0.714285714285714
0.0666666666666667 0.714285714285714
0.0666666666666667 0.714285714285714
0.0666666666666667 0.714285714285714
0.0666666666666667 0.714285714285714
0.0666666666666667 0.714285714285714
0.0666666666666667 0.705882352941177
0.0666666666666667 0.705882352941177
0.0666666666666667 0.705882352941177
0.0652173913043478 0.705882352941177
0.0652173913043478 0.705882352941177
0.0652173913043478 0.705882352941177
0.0652173913043478 0.705882352941177
0.0652173913043478 0.705882352941177
0.0652173913043478 0.705882352941177
0.0652173913043478 0.705882352941177
0.0652173913043478 0.705882352941177
0.0652173913043478 0.705882352941177
0.0652173913043478 0.705882352941177
0.0652173913043478 0.705882352941177
0.0652173913043478 0.705882352941177
0.0652173913043478 0.705882352941177
0.0652173913043478 0.705882352941177
0.0652173913043478 0.705882352941177
0.0652173913043478 0.705882352941177
0.0652173913043478 0.705882352941177
0.0652173913043478 0.705882352941177
0.0652173913043478 0.705882352941177
0.0652173913043478 0.705882352941177
0.0652173913043478 0.705882352941177
0.0652173913043478 0.705882352941177
0.0652173913043478 0.705882352941177
0.0652173913043478 0.705882352941177
0.0652173913043478 0.705882352941177
0.0652173913043478 0.705882352941177
0.0652173913043478 0.705882352941177
0.0652173913043478 0.705882352941177
0.0652173913043478 0.705882352941177
0.0652173913043478 0.705882352941177
0.0652173913043478 0.705882352941177
0.0652173913043478 0.705882352941177
0.0652173913043478 0.705882352941177
0.0638297872340425 0.705882352941177
0.0638297872340425 0.705882352941177
0.0638297872340425 0.685714285714286
0.0638297872340425 0.685714285714286
0.0638297872340425 0.685714285714286
0.0638297872340425 0.685714285714286
0.0638297872340425 0.685714285714286
0.0638297872340425 0.685714285714286
0.0638297872340425 0.685714285714286
0.0638297872340425 0.685714285714286
0.0638297872340425 0.685714285714286
0.0638297872340425 0.685714285714286
0.0638297872340425 0.685714285714286
0.0625 0.685714285714286
0.0625 0.685714285714286
0.0425531914893617 0.685714285714286
0.0425531914893617 0.685714285714286
0.0425531914893617 0.685714285714286
0.0425531914893617 0.685714285714286
0.0425531914893617 0.685714285714286
0.0425531914893617 0.685714285714286
0.0425531914893617 0.685714285714286
0.0425531914893617 0.685714285714286
0.0425531914893617 0.685714285714286
0.0425531914893617 0.685714285714286
0.0425531914893617 0.685714285714286
0.0425531914893617 0.685714285714286
0.0425531914893617 0.685714285714286
0.0425531914893617 0.685714285714286
0.0425531914893617 0.676470588235294
0.0425531914893617 0.676470588235294
0.0425531914893617 0.676470588235294
0.0425531914893617 0.676470588235294
0.0425531914893617 0.676470588235294
0.0425531914893617 0.676470588235294
0.0425531914893617 0.676470588235294
0.0416666666666667 0.676470588235294
0.0416666666666667 0.676470588235294
0.0416666666666667 0.657142857142857
0.0416666666666667 0.657142857142857
0.0416666666666667 0.657142857142857
0.0416666666666667 0.657142857142857
0.0416666666666667 0.657142857142857
0.0416666666666667 0.657142857142857
0.0416666666666667 0.657142857142857
0.0416666666666667 0.657142857142857
0.0416666666666667 0.657142857142857
0.0416666666666667 0.657142857142857
0.0416666666666667 0.657142857142857
0.0416666666666667 0.657142857142857
0.0416666666666667 0.638888888888889
0.0416666666666667 0.638888888888889
0.0416666666666667 0.638888888888889
0.0416666666666667 0.638888888888889
0.0416666666666667 0.638888888888889
0.0416666666666667 0.638888888888889
0.0416666666666667 0.638888888888889
0.0416666666666667 0.638888888888889
0.0416666666666667 0.638888888888889
0.0416666666666667 0.638888888888889
0.0416666666666667 0.638888888888889
0.0416666666666667 0.638888888888889
0.0416666666666667 0.638888888888889
0.0416666666666667 0.638888888888889
0.0416666666666667 0.638888888888889
0.0416666666666667 0.638888888888889
0.0416666666666667 0.638888888888889
0.0416666666666667 0.638888888888889
0.0212765957446809 0.638888888888889
0.0212765957446809 0.638888888888889
0.0212765957446809 0.638888888888889
0.0212765957446809 0.638888888888889
0.0212765957446809 0.638888888888889
0.0212765957446809 0.621621621621622
0.0212765957446809 0.621621621621622
0.0212765957446809 0.621621621621622
0.0212765957446809 0.621621621621622
0.0212765957446809 0.621621621621622
0.0208333333333333 0.621621621621622
0.0208333333333333 0.621621621621622
0.0208333333333333 0.605263157894737
0.0208333333333333 0.605263157894737
0.0208333333333333 0.605263157894737
0.0208333333333333 0.605263157894737
0.0204081632653061 0.605263157894737
0.02 0.605263157894737
0.02 0.605263157894737
0.02 0.605263157894737
0.02 0.605263157894737
0.02 0.605263157894737
0.02 0.605263157894737
0.02 0.605263157894737
0 0.605263157894737
0 0.58974358974359
0 0.58974358974359
0 0.58974358974359
0 0.58974358974359
0 0.58974358974359
0 0.58974358974359
0 0.58974358974359
0 0.575
0 0.575
0 0.575
0 0.575
0 0.575
0 0.575
0 0.575
0 0.575
0 0.564102564102564
0 0.564102564102564
0 0.564102564102564
0 0.564102564102564
0 0.564102564102564
0 0.564102564102564
0 0.55
0 0.55
0 0.55
0 0.55
0 0.538461538461538
0 0.538461538461538
0 0.538461538461538
0 0.538461538461538
0 0.525
0 0.525
0 0.525
0 0.525
0 0.525
0 0.525
0 0.525
0 0.525
0 0.51219512195122
0 0.51219512195122
0 0.51219512195122
0 0.51219512195122
0 0.51219512195122
0 0.51219512195122
0 0.51219512195122
0 0.51219512195122
0 0.51219512195122
0 0.51219512195122
0 0.51219512195122
0 0.5
0 0.5
0 0.5
0 0.5
0 0.5
0 0.5
0 0.487179487179487
0 0.487179487179487
0 0.487179487179487
0 0.487179487179487
0 0.487179487179487
0 0.487179487179487
0 0.487179487179487
0 0.487179487179487
0 0.473684210526316
0 0.473684210526316
0 0.473684210526316
0 0.473684210526316
0 0.473684210526316
0 0.473684210526316
0 0.473684210526316
0 0.459459459459459
0 0.447368421052632
0 0.447368421052632
0 0.447368421052632
0 0.447368421052632
0 0.432432432432432
0 0.432432432432432
0 0.432432432432432
0 0.432432432432432
0 0.432432432432432
0 0.416666666666667
0 0.416666666666667
0 0.416666666666667
0 0.416666666666667
0 0.416666666666667
0 0.416666666666667
0 0.416666666666667
0 0.416666666666667
0 0.416666666666667
0 0.416666666666667
0 0.416666666666667
0 0.416666666666667
0 0.416666666666667
0 0.416666666666667
0 0.4
0 0.4
0 0.382352941176471
0 0.382352941176471
0 0.382352941176471
0 0.382352941176471
0 0.382352941176471
0 0.382352941176471
0 0.382352941176471
0 0.382352941176471
0 0.382352941176471
0 0.382352941176471
0 0.382352941176471
0 0.352941176470588
0 0.352941176470588
0 0.352941176470588
0 0.342857142857143
0 0.342857142857143
0 0.342857142857143
0 0.342857142857143
0 0.303030303030303
0 0.28125
0 0.258064516129032
0 0.258064516129032
0 0.258064516129032
0 0.25
0 0.25
0 0.21875
0 0.21875
0 0.21875
0 0.212121212121212
0 0.161290322580645
0 0.161290322580645
0 0.15625
0 0.151515151515152
0 0.125
0 0.121212121212121
0 0.121212121212121
0 0.121212121212121
0 0.121212121212121
0 0.0333333333333333
0 0
0 0
0 0
0 0
0 0
0 0
0 0
0 0
0 0
0 0
0 0
0 0
0 0
0 0
0 0
