0 0.0276515029454797
0.0334448160535117 0.0283970975739064
0.0668896321070234 0.0291621934473016
0.100334448160535 0.0299472677375919
0.133779264214047 0.0307528074999291
0.167224080267559 0.0315793097776554
0.20066889632107 0.0324272817022164
0.234113712374582 0.0332972405875532
0.267558528428094 0.0341897140184825
0.301003344481605 0.0351052399325509
0.334448160535117 0.0360443666948253
0.367892976588629 0.0370076531650568
0.40133779264214 0.0379956687566316
0.434782608695652 0.0390089934866968
0.468227424749164 0.0400482180168232
0.501672240802676 0.0411139436835417
0.535117056856187 0.0422067825180628
0.568561872909699 0.0433273572544645
0.602006688963211 0.0444763013256044
0.635451505016722 0.0456542588459871
0.668896321070234 0.0468618845807914
0.702341137123746 0.0480998439002335
0.735785953177257 0.0493688127184196
0.769230769230769 0.0506694774158112
0.802675585284281 0.0520025347444032
0.836120401337793 0.0533686917146922
0.869565217391304 0.0547686654634825
0.903010033444816 0.0562031831015607
0.936454849498328 0.0576729815402421
0.969899665551839 0.0591788072957764
1.00334448160535 0.0607214162705758
1.03678929765886 0.0623015735102155
1.07023411371237 0.0639200529351369
1.10367892976589 0.0655776370459742
1.1371237458194 0.0672751166014091
1.17056856187291 0.069013290267455
1.20401337792642 0.0707929642370608
1.23745819397993 0.0726149518189276
1.27090301003344 0.0744800729944271
1.30434782608696 0.0763891539415192
1.33779264214047 0.0783430265245748
1.37123745819398 0.0803425277490193
1.40468227424749 0.0823884991797367
1.438127090301 0.0844817863221918
1.47157190635451 0.0866232379652601
1.50501672240803 0.0888137054847881
1.53846153846154 0.0910540421069485
1.57190635451505 0.0933451021305015
1.60535117056856 0.0956877401071269
1.63879598662207 0.0980828099790562
1.67224080267559 0.100531164173299
1.7056856187291 0.103033652651838
1.73913043478261 0.105591121917255
1.77257525083612 0.108204413973332
1.80602006688963 0.110874365240296
1.83946488294314 0.113601805424467
1.87290969899666 0.116387556342198
1.90635451505017 0.119232430698137
1.93979933110368 0.122137230817966
1.97324414715719 0.125102747335926
2.0066889632107 0.128129757837616
2.04013377926421 0.131219025458688
2.07357859531773 0.134371297440291
2.10702341137124 0.137587303642245
2.14046822742475 0.140867755015198
2.17391304347826 0.144213342033153
2.20735785953177 0.147624733088042
2.24080267558528 0.15110257284819
2.2742474916388 0.154647480582795
2.30769230769231 0.158260048454752
2.34113712374582 0.161940839784437
2.37458193979933 0.165690387287294
2.40802675585284 0.169509191288334
2.44147157190635 0.173397717916927
2.47491638795987 0.177356397285534
2.50836120401338 0.181385621656282
2.54180602006689 0.185485743599566
2.5752508361204 0.189657074149126
2.60869565217391 0.193899880958306
2.64214046822742 0.198214386462468
2.67558528428094 0.202600766052775
2.70903010033445 0.207059146266824
2.74247491638796 0.211589603001811
2.77591973244147 0.216192159756158
2.80936454849498 0.220866785905725
2.84280936454849 0.225613395020925
2.87625418060201 0.230431843231223
2.90969899665552 0.235321927643655
2.94314381270903 0.240283384822126
2.97658862876254 0.245315889334342
3.01003344481605 0.250419052373311
3.04347826086956 0.255592420460377
3.07692307692308 0.260835474236768
3.11036789297659 0.266147627350604
3.1438127090301 0.271528225446281
3.17725752508361 0.276976545262981
3.21070234113712 0.282491793849014
3.24414715719064 0.288073107898427
3.27759197324415 0.293719553216166
3.31103678929766 0.299430124317773
3.34448160535117 0.305203744169322
3.37792642140468 0.311039264072947
3.41137123745819 0.316935463702907
3.44481605351171 0.322891051296746
3.47826086956522 0.328904664005594
3.51170568561873 0.334974868407171
3.54515050167224 0.341100161184505
3.57859531772575 0.347278969972795
3.61204013377926 0.353509654376211
3.64548494983278 0.359790507155831
3.67892976588629 0.366119755589179
3.7123745819398 0.372495563001177
3.74581939799331 0.378916030465588
3.77926421404682 0.385379198675298
3.81270903010033 0.391883049979052
3.84615384615385 0.398425510581482
3.87959866220736 0.405004452902551
3.91304347826087 0.41161769809175
3.94648829431438 0.418263018691684
3.97993311036789 0.424938141444913
4.0133779264214 0.431640750237242
4.04682274247492 0.438368489169958
4.08026755852843 0.445118965752848
4.11371237458194 0.451889754209223
4.14715719063545 0.458678398883591
4.18060200668896 0.465482417742072
4.21404682274247 0.472299305955177
4.24749163879599 0.479126539552114
4.2809364548495 0.485961579135411
4.31438127090301 0.492801873644328
4.34782608695652 0.499644864155239
4.38127090301003 0.506487987707007
4.41471571906354 0.513328681139192
4.44816053511706 0.520164384930895
4.48160535117057 0.526992547028028
4.51505016722408 0.533810626646854
4.54849498327759 0.540616098041788
4.5819397993311 0.547406454225624
4.61538461538461 0.554179210630632
4.64882943143813 0.560931908699267
4.68227424749164 0.567662119393627
4.71571906354515 0.574367446613217
4.74916387959866 0.581045530511075
4.78260869565217 0.587694050698833
4.81605351170569 0.594310729331879
4.8494983277592 0.600893334066388
4.88294314381271 0.607439680880662
4.91638795986622 0.61394763675387
4.94983277591973 0.620415122196022
4.98327759197324 0.626840113623695
5.01672240802676 0.63322064557681
5.05016722408027 0.639554812772466
5.08361204013378 0.645840771992626
5.11705685618729 0.652076743803175
5.1505016722408 0.658261014102616
5.18394648829431 0.664391935499429
5.21739130434783 0.670467928517796
5.25083612040134 0.67648748263213
5.28428093645485 0.682449157131498
5.31772575250836 0.688351581815683
5.35117056856187 0.694193457525265
5.38461538461538 0.69997355650865
5.4180602006689 0.70569072262956
5.45150501672241 0.711343871419003
5.48494983277592 0.716931989976191
5.51839464882943 0.722454136723348
5.55183946488294 0.727909441019704
5.58528428093645 0.733297102640344
5.61872909698997 0.738616391125878
5.65217391304348 0.743866645009162
5.68561872909699 0.749047270925538
5.7190635451505 0.754157742613221
5.75250836120401 0.759197599810615
5.78595317725753 0.764166447057447
5.81939799331104 0.769063952406666
5.85284280936455 0.773889846054075
5.88628762541806 0.778643918892684
5.91973244147157 0.783326020998704
5.95317725752508 0.787936060056063
5.9866220735786 0.792473999726197
6.02006688963211 0.796939857969777
6.05351170568562 0.801333705326873
6.08695652173913 0.80565566316188
6.12040133779264 0.809905901879361
6.15384615384615 0.814084639116745
6.18729096989967 0.818192137919603
6.22073578595318 0.822228704904998
6.25418060200669 0.826194688418139
6.2876254180602 0.830090476687367
6.32107023411371 0.833916495982174
6.35451505016722 0.83767320877875
6.38795986622074 0.841361111937272
6.42140468227425 0.844980734894852
6.45484949832776 0.848532637877829
6.48829431438127 0.852017410136813
6.52173913043478 0.855435668207607
6.55518394648829 0.858788054200899
6.58862876254181 0.862075234123341
6.62207357859532 0.865297896232381
6.65551839464883 0.868456749427
6.68896321070234 0.871552521676222
6.72240802675585 0.874585958487083
6.75585284280936 0.877557821413493
6.78929765886288 0.880468886607239
6.82274247491639 0.883319943412152
6.8561872909699 0.886111793002293
6.88963210702341 0.888845247064811
6.92307692307692 0.891521126527977
6.95652173913043 0.894140260334705
6.98996655518395 0.896703484261751
7.02341137123746 0.899211639784619
7.05685618729097 0.901665572988085
7.09030100334448 0.904066133522099
7.12374581939799 0.906414173602765
7.1571906354515 0.908710547057925
7.19063545150502 0.910956108416851
7.22408026755853 0.913151712043399
7.25752508361204 0.915298211311944
7.29096989966555 0.917396457825331
7.32441471571906 0.919447300674003
7.35785953177257 0.92145158573543
7.39130434782609 0.923410155012913
7.4247491638796 0.925323846012771
7.45819397993311 0.92719349115893
7.49163879598662 0.929019917243852
7.52508361204013 0.930803944914756
7.55852842809364 0.932546388194049
7.59197324414716 0.934248054032869
7.62541806020067 0.935909741896646
7.65886287625418 0.937532243381555
7.69230769230769 0.939116341860781
7.7257525083612 0.940662812159451
7.75919732441471 0.942172420257166
7.79264214046823 0.943645923017013
7.82608695652174 0.945084067939993
7.85953177257525 0.946487592943785
7.89297658862876 0.947857226164789
7.92642140468227 0.949193685782426
7.95986622073579 0.950497679864667
7.9933110367893 0.951769906233794
8.02675585284281 0.953011052351421
8.06020066889632 0.954221795221832
8.09364548494983 0.955402801312689
8.12709030100334 0.956554726492228
8.16053511705686 0.957678215982048
8.19397993311037 0.958773904324663
8.22742474916388 0.959842415364961
8.26086956521739 0.960884362244805
8.2943143812709 0.96190034740998
8.32775919732441 0.962890962628748
8.36120401337793 0.963856789021297
8.39464882943144 0.964798397099381
8.42809364548495 0.965716346815495
8.46153846153846 0.966611187620941
8.49498327759197 0.967483458532165
8.52842809364548 0.968333688204781
8.561872909699 0.969162395014722
8.59531772575251 0.969970087145961
8.62876254180602 0.97075726268431
8.66220735785953 0.971524409716776
8.69565217391304 0.972272006436023
8.72909698996656 0.973000521249491
8.76254180602007 0.973710412892729
8.79598662207358 0.974402130546553
8.82943143812709 0.975076113957634
8.8628762541806 0.975732793562152
8.89632107023411 0.976372590612171
8.92976588628762 0.976995917304402
8.96321070234114 0.977603176911044
8.99665551839465 0.978194763912414
9.03010033444816 0.978771064131076
9.06354515050167 0.979332454867229
9.09698996655518 0.979879305035081
9.1304347826087 0.980411975299996
9.16387959866221 0.980930818216196
9.19732441471572 0.981436178364798
9.23076923076923 0.981928392492014
9.26421404682274 0.982407789647323
9.29765886287625 0.982874691321454
9.33110367892977 0.983329411584016
9.36454849498328 0.983772257220639
9.39799331103679 0.984203527869493
9.4314381270903 0.984623516157044
9.46488294314381 0.985032507832949
9.49832775919732 0.985430781903974
9.53177257525084 0.985818610766843
9.56521739130435 0.986196260339918
9.59866220735786 0.986563990193634
9.63210702341137 0.986922053679617
9.66555183946488 0.987270698058406
9.69899665551839 0.987610164625723
9.73244147157191 0.98794068883724
9.76588628762542 0.988262500431781
9.79933110367893 0.988575823552921
9.83277591973244 0.988880876868942
9.86622073578595 0.989177873691112
9.89966555183946 0.989467022090252
9.93311036789298 0.989748525011569
9.96655518394649 0.990022580387732
10 0.990289381250178
