1 0
1 0
1 0
1 0
1 0
1 0
1 0
1 0
1 0
1 0
1 0
1 0
1 0.0178571428571429
1 0.0357142857142857
1 0.0357142857142857
1 0.0892857142857143
1 0.107142857142857
1 0.142857142857143
1 0.142857142857143
1 0.160714285714286
1 0.178571428571429
1 0.178571428571429
1 0.178571428571429
1 0.196428571428571
1 0.196428571428571
1 0.196428571428571
1 0.214285714285714
1 0.214285714285714
1 0.214285714285714
0.977272727272727 0.214285714285714
0.976190476190476 0.25
0.976190476190476 0.25
0.953488372093023 0.232142857142857
0.953488372093023 0.232142857142857
0.953488372093023 0.232142857142857
0.891304347826087 0.178571428571429
0.872340425531915 0.160714285714286
0.872340425531915 0.160714285714286
0.836734693877551 0.125
0.836734693877551 0.125
0.836734693877551 0.125
0.836734693877551 0.125
0.836734693877551 0.125
0.816326530612245 0.125
0.795918367346939 0.125
0.791666666666667 0.142857142857143
0.791666666666667 0.142857142857143
0.791666666666667 0.142857142857143
0.770833333333333 0.142857142857143
0.770833333333333 0.142857142857143
0.770833333333333 0.142857142857143
0.770833333333333 0.142857142857143
0.770833333333333 0.142857142857143
0.755102040816326 0.125
0.755102040816326 0.125
0.755102040816326 0.125
0.75 0.142857142857143
0.75 0.142857142857143
0.73469387755102 0.125
0.7 0.107142857142857
0.7 0.107142857142857
0.7 0.107142857142857
0.7 0.107142857142857
0.7 0.107142857142857
0.7 0.107142857142857
0.7 0.107142857142857
0.7 0.107142857142857
0.7 0.107142857142857
0.7 0.107142857142857
0.7 0.107142857142857
0.7 0.107142857142857
0.7 0.107142857142857
0.7 0.107142857142857
0.7 0.107142857142857
0.7 0.107142857142857
0.7 0.107142857142857
0.7 0.107142857142857
0.7 0.107142857142857
0.693877551020408 0.125
0.68 0.107142857142857
0.666666666666667 0.0892857142857143
0.653846153846154 0.0714285714285714
0.653846153846154 0.0714285714285714
0.647058823529412 0.0892857142857143
0.647058823529412 0.0892857142857143
0.647058823529412 0.0892857142857143
0.634615384615385 0.0714285714285714
0.634615384615385 0.0714285714285714
0.634615384615385 0.0714285714285714
0.634615384615385 0.0714285714285714
0.634615384615385 0.0714285714285714
0.634615384615385 0.0714285714285714
0.634615384615385 0.0714285714285714
0.634615384615385 0.0714285714285714
0.627450980392157 0.0892857142857143
0.627450980392157 0.0892857142857143
0.627450980392157 0.0892857142857143
0.627450980392157 0.0892857142857143
0.627450980392157 0.0892857142857143
0.62 0.107142857142857
0.62 0.107142857142857
0.6 0.107142857142857
0.6 0.107142857142857
0.6 0.107142857142857
0.6 0.107142857142857
0.6 0.107142857142857
0.588235294117647 0.0892857142857143
0.588235294117647 0.0892857142857143
0.588235294117647 0.0892857142857143
0.588235294117647 0.0892857142857143
0.58 0.107142857142857
0.58 0.107142857142857
0.58 0.107142857142857
0.58 0.107142857142857
0.58 0.107142857142857
0.58 0.107142857142857
0.58 0.107142857142857
0.58 0.107142857142857
0.58 0.107142857142857
0.58 0.107142857142857
0.58 0.107142857142857
0.58 0.107142857142857
0.58 0.107142857142857
0.58 0.107142857142857
0.58 0.107142857142857
0.58 0.107142857142857
0.58 0.107142857142857
0.58 0.107142857142857
0.58 0.107142857142857
0.58 0.107142857142857
0.58 0.107142857142857
0.58 0.107142857142857
0.58 0.107142857142857
0.58 0.107142857142857
0.58 0.107142857142857
0.58 0.107142857142857
0.58 0.107142857142857
0.58 0.107142857142857
0.58 0.107142857142857
0.58 0.107142857142857
0.571428571428571 0.125
0.571428571428571 0.125
0.571428571428571 0.125
0.571428571428571 0.125
0.56 0.107142857142857
0.56 0.107142857142857
0.56 0.107142857142857
0.551020408163265 0.125
0.551020408163265 0.125
0.551020408163265 0.125
0.551020408163265 0.125
0.551020408163265 0.125
0.551020408163265 0.125
0.551020408163265 0.125
0.54 0.107142857142857
0.54 0.107142857142857
0.54 0.107142857142857
0.54 0.107142857142857
0.54 0.107142857142857
0.54 0.107142857142857
0.54 0.107142857142857
0.54 0.107142857142857
0.54 0.107142857142857
0.54 0.107142857142857
0.54 0.107142857142857
0.530612244897959 0.125
0.530612244897959 0.125
0.530612244897959 0.125
0.530612244897959 0.125
0.520833333333333 0.142857142857143
0.520833333333333 0.142857142857143
0.520833333333333 0.142857142857143
0.520833333333333 0.142857142857143
0.520833333333333 0.142857142857143
0.520833333333333 0.142857142857143
0.510204081632653 0.125
0.510204081632653 0.125
0.510204081632653 0.125
0.510204081632653 0.125
0.510204081632653 0.125
0.510204081632653 0.125
0.510204081632653 0.125
0.510204081632653 0.125
0.510204081632653 0.125
0.5 0.107142857142857
0.489795918367347 0.125
0.489795918367347 0.125
0.489795918367347 0.125
0.48 0.107142857142857
0.48 0.107142857142857
0.48 0.107142857142857
0.48 0.107142857142857
0.48 0.107142857142857
0.48 0.107142857142857
0.48 0.107142857142857
0.469387755102041 0.125
0.469387755102041 0.125
0.469387755102041 0.125
0.469387755102041 0.125
0.469387755102041 0.125
0.469387755102041 0.125
0.469387755102041 0.125
0.469387755102041 0.125
0.469387755102041 0.125
0.469387755102041 0.125
0.46 0.107142857142857
0.46 0.107142857142857
0.46 0.107142857142857
0.46 0.107142857142857
0.46 0.107142857142857
0.46 0.107142857142857
0.46 0.107142857142857
0.46 0.107142857142857
0.448979591836735 0.125
0.448979591836735 0.125
0.448979591836735 0.125
0.448979591836735 0.125
0.448979591836735 0.125
0.448979591836735 0.125
0.448979591836735 0.125
0.448979591836735 0.125
0.448979591836735 0.125
0.448979591836735 0.125
0.4375 0.142857142857143
0.4375 0.142857142857143
0.4375 0.142857142857143
0.4375 0.142857142857143
0.4375 0.142857142857143
0.4375 0.142857142857143
0.4375 0.142857142857143
0.4375 0.142857142857143
0.4375 0.142857142857143
0.4375 0.142857142857143
0.4375 0.142857142857143
0.4375 0.142857142857143
0.4375 0.142857142857143
0.425531914893617 0.160714285714286
0.425531914893617 0.160714285714286
0.425531914893617 0.160714285714286
0.425531914893617 0.160714285714286
0.425531914893617 0.160714285714286
0.425531914893617 0.160714285714286
0.425531914893617 0.160714285714286
0.425531914893617 0.160714285714286
0.425531914893617 0.160714285714286
0.425531914893617 0.160714285714286
0.425531914893617 0.160714285714286
0.425531914893617 0.160714285714286
0.425531914893617 0.160714285714286
0.425531914893617 0.160714285714286
0.425531914893617 0.160714285714286
0.425531914893617 0.160714285714286
0.425531914893617 0.160714285714286
0.425531914893617 0.160714285714286
0.425531914893617 0.160714285714286
0.425531914893617 0.160714285714286
0.425531914893617 0.160714285714286
0.425531914893617 0.160714285714286
0.425531914893617 0.160714285714286
0.425531914893617 0.160714285714286
0.416666666666667 0.142857142857143
0.416666666666667 0.142857142857143
0.416666666666667 0.142857142857143
0.404255319148936 0.160714285714286
0.404255319148936 0.160714285714286
0.404255319148936 0.160714285714286
0.404255319148936 0.160714285714286
0.391304347826087 0.178571428571429
0.391304347826087 0.178571428571429
0.391304347826087 0.178571428571429
0.391304347826087 0.178571428571429
0.391304347826087 0.178571428571429
0.391304347826087 0.178571428571429
0.382978723404255 0.160714285714286
0.382978723404255 0.160714285714286
0.382978723404255 0.160714285714286
0.382978723404255 0.160714285714286
0.382978723404255 0.160714285714286
0.382978723404255 0.160714285714286
0.382978723404255 0.160714285714286
0.382978723404255 0.160714285714286
0.382978723404255 0.160714285714286
0.369565217391304 0.178571428571429
0.369565217391304 0.178571428571429
0.369565217391304 0.178571428571429
0.369565217391304 0.178571428571429
0.369565217391304 0.178571428571429
0.369565217391304 0.178571428571429
0.369565217391304 0.178571428571429
0.369565217391304 0.178571428571429
0.369565217391304 0.178571428571429
0.369565217391304 0.178571428571429
0.369565217391304 0.178571428571429
0.369565217391304 0.178571428571429
0.369565217391304 0.178571428571429
0.369565217391304 0.178571428571429
0.369565217391304 0.178571428571429
0.369565217391304 0.178571428571429
0.369565217391304 0.178571428571429
0.369565217391304 0.178571428571429
0.369565217391304 0.178571428571429
0.369565217391304 0.178571428571429
0.369565217391304 0.178571428571429
0.369565217391304 0.178571428571429
0.361702127659574 0.160714285714286
0.361702127659574 0.160714285714286
0.361702127659574 0.160714285714286
0.361702127659574 0.160714285714286
0.361702127659574 0.160714285714286
0.361702127659574 0.160714285714286
0.361702127659574 0.160714285714286
0.354166666666667 0.142857142857143
0.354166666666667 0.142857142857143
0.354166666666667 0.142857142857143
0.354166666666667 0.142857142857143
0.354166666666667 0.142857142857143
0.354166666666667 0.142857142857143
0.354166666666667 0.142857142857143
0.354166666666667 0.142857142857143
0.354166666666667 0.142857142857143
0.354166666666667 0.142857142857143
0.354166666666667 0.142857142857143
0.354166666666667 0.142857142857143
0.354166666666667 0.142857142857143
0.354166666666667 0.142857142857143
0.354166666666667 0.142857142857143
0.354166666666667 0.142857142857143
0.354166666666667 0.142857142857143
0.354166666666667 0.142857142857143
0.340425531914894 0.160714285714286
0.340425531914894 0.160714285714286
0.340425531914894 0.160714285714286
0.340425531914894 0.160714285714286
0.340425531914894 0.160714285714286
0.340425531914894 0.160714285714286
0.340425531914894 0.160714285714286
0.340425531914894 0.160714285714286
0.340425531914894 0.160714285714286
0.333333333333333 0.142857142857143
0.333333333333333 0.142857142857143
0.333333333333333 0.142857142857143
0.333333333333333 0.142857142857143
0.333333333333333 0.142857142857143
0.333333333333333 0.142857142857143
0.333333333333333 0.142857142857143
0.333333333333333 0.142857142857143
0.333333333333333 0.142857142857143
0.333333333333333 0.142857142857143
0.333333333333333 0.142857142857143
0.333333333333333 0.142857142857143
0.333333333333333 0.142857142857143
0.319148936170213 0.160714285714286
0.319148936170213 0.160714285714286
0.319148936170213 0.160714285714286
0.3125 0.142857142857143
0.3125 0.142857142857143
0.3125 0.142857142857143
0.3125 0.142857142857143
0.3125 0.142857142857143
0.3125 0.142857142857143
0.3125 0.142857142857143
0.3125 0.142857142857143
0.3125 0.142857142857143
0.3125 0.142857142857143
0.3125 0.142857142857143
0.3125 0.142857142857143
0.3125 0.142857142857143
0.3125 0.142857142857143
0.3125 0.142857142857143
0.3125 0.142857142857143
0.3125 0.142857142857143
0.3125 0.142857142857143
0.3125 0.142857142857143
0.3125 0.142857142857143
0.3125 0.142857142857143
0.3125 0.142857142857143
0.297872340425532 0.160714285714286
0.297872340425532 0.160714285714286
0.297872340425532 0.160714285714286
0.297872340425532 0.160714285714286
0.297872340425532 0.160714285714286
0.297872340425532 0.160714285714286
0.297872340425532 0.160714285714286
0.297872340425532 0.160714285714286
0.291666666666667 0.142857142857143
0.291666666666667 0.142857142857143
0.291666666666667 0.142857142857143
0.291666666666667 0.142857142857143
0.291666666666667 0.142857142857143
0.291666666666667 0.142857142857143
0.291666666666667 0.142857142857143
0.291666666666667 0.142857142857143
0.291666666666667 0.142857142857143
0.291666666666667 0.142857142857143
0.291666666666667 0.142857142857143
0.291666666666667 0.142857142857143
0.291666666666667 0.142857142857143
0.291666666666667 0.142857142857143
0.291666666666667 0.142857142857143
0.291666666666667 0.142857142857143
0.285714285714286 0.125
0.285714285714286 0.125
0.285714285714286 0.125
0.285714285714286 0.125
0.285714285714286 0.125
0.285714285714286 0.125
0.285714285714286 0.125
0.285714285714286 0.125
0.285714285714286 0.125
0.285714285714286 0.125
0.285714285714286 0.125
0.285714285714286 0.125
0.285714285714286 0.125
0.285714285714286 0.125
0.285714285714286 0.125
0.285714285714286 0.125
0.285714285714286 0.125
0.285714285714286 0.125
0.285714285714286 0.125
0.28 0.107142857142857
0.28 0.107142857142857
0.28 0.107142857142857
0.28 0.107142857142857
0.28 0.107142857142857
0.28 0.107142857142857
0.28 0.107142857142857
0.28 0.107142857142857
0.28 0.107142857142857
0.28 0.107142857142857
0.28 0.107142857142857
0.28 0.107142857142857
0.28 0.107142857142857
0.28 0.107142857142857
0.28 0.107142857142857
0.28 0.107142857142857
0.28 0.107142857142857
0.28 0.107142857142857
0.28 0.107142857142857
0.28 0.107142857142857
0.28 0.107142857142857
0.28 0.107142857142857
0.28 0.107142857142857
0.28 0.107142857142857
0.28 0.107142857142857
0.28 0.107142857142857
0.28 0.107142857142857
0.28 0.107142857142857
0.28 0.107142857142857
0.28 0.107142857142857
0.28 0.107142857142857
0.28 0.107142857142857
0.28 0.107142857142857
0.28 0.107142857142857
0.28 0.107142857142857
0.28 0.107142857142857
0.28 0.107142857142857
0.28 0.107142857142857
0.28 0.107142857142857
0.28 0.107142857142857
0.274509803921569 0.0892857142857143
0.274509803921569 0.0892857142857143
0.274509803921569 0.0892857142857143
0.274509803921569 0.0892857142857143
0.274509803921569 0.0892857142857143
0.274509803921569 0.0892857142857143
0.274509803921569 0.0892857142857143
0.269230769230769 0.0714285714285714
0.269230769230769 0.0714285714285714
0.269230769230769 0.0714285714285714
0.269230769230769 0.0714285714285714
0.269230769230769 0.0714285714285714
0.269230769230769 0.0714285714285714
0.269230769230769 0.0714285714285714
0.269230769230769 0.0714285714285714
0.269230769230769 0.0714285714285714
0.269230769230769 0.0714285714285714
0.269230769230769 0.0714285714285714
0.269230769230769 0.0714285714285714
0.269230769230769 0.0714285714285714
0.269230769230769 0.0714285714285714
0.269230769230769 0.0714285714285714
0.269230769230769 0.0714285714285714
0.269230769230769 0.0714285714285714
0.269230769230769 0.0714285714285714
0.269230769230769 0.0714285714285714
0.269230769230769 0.0714285714285714
0.269230769230769 0.0714285714285714
0.264150943396226 0.0535714285714286
0.264150943396226 0.0535714285714286
0.264150943396226 0.0535714285714286
0.264150943396226 0.0535714285714286
0.264150943396226 0.0535714285714286
0.264150943396226 0.0535714285714286
0.264150943396226 0.0535714285714286
0.25 0.0714285714285714
0.25 0.0714285714285714
0.25 0.0714285714285714
0.25 0.0714285714285714
0.25 0.0714285714285714
0.25 0.0714285714285714
0.25 0.0714285714285714
0.25 0.0714285714285714
0.25 0.0714285714285714
0.25 0.0714285714285714
0.25 0.0714285714285714
0.25 0.0714285714285714
0.25 0.0714285714285714
0.25 0.0714285714285714
0.25 0.0714285714285714
0.25 0.0714285714285714
0.25 0.0714285714285714
0.25 0.0714285714285714
0.25 0.0714285714285714
0.25 0.0714285714285714
0.25 0.0714285714285714
0.25 0.0714285714285714
0.25 0.0714285714285714
0.25 0.0714285714285714
0.25 0.0714285714285714
0.25 0.0714285714285714
0.25 0.0714285714285714
0.25 0.0714285714285714
0.25 0.0714285714285714
0.25 0.0714285714285714
0.25 0.0714285714285714
0.25 0.0714285714285714
0.25 0.0714285714285714
0.25 0.0714285714285714
0.25 0.0714285714285714
0.25 0.0714285714285714
0.25 0.0714285714285714
0.25 0.0714285714285714
0.235294117647059 0.0892857142857143
0.235294117647059 0.0892857142857143
0.235294117647059 0.0892857142857143
0.235294117647059 0.0892857142857143
0.235294117647059 0.0892857142857143
0.235294117647059 0.0892857142857143
0.235294117647059 0.0892857142857143
0.235294117647059 0.0892857142857143
0.235294117647059 0.0892857142857143
0.235294117647059 0.0892857142857143
0.235294117647059 0.0892857142857143
0.235294117647059 0.0892857142857143
0.235294117647059 0.0892857142857143
0.235294117647059 0.0892857142857143
0.235294117647059 0.0892857142857143
0.235294117647059 0.0892857142857143
0.22 0.107142857142857
0.215686274509804 0.0892857142857143
0.215686274509804 0.0892857142857143
0.215686274509804 0.0892857142857143
0.215686274509804 0.0892857142857143
0.215686274509804 0.0892857142857143
0.215686274509804 0.0892857142857143
0.215686274509804 0.0892857142857143
0.215686274509804 0.0892857142857143
0.215686274509804 0.0892857142857143
0.215686274509804 0.0892857142857143
0.215686274509804 0.0892857142857143
0.215686274509804 0.0892857142857143
0.215686274509804 0.0892857142857143
0.215686274509804 0.0892857142857143
0.215686274509804 0.0892857142857143
0.215686274509804 0.0892857142857143
0.215686274509804 0.0892857142857143
0.215686274509804 0.0892857142857143
0.215686274509804 0.0892857142857143
0.215686274509804 0.0892857142857143
0.215686274509804 0.0892857142857143
0.215686274509804 0.0892857142857143
0.215686274509804 0.0892857142857143
0.215686274509804 0.0892857142857143
0.215686274509804 0.0892857142857143
0.215686274509804 0.0892857142857143
0.211538461538462 0.0714285714285714
0.211538461538462 0.0714285714285714
0.211538461538462 0.0714285714285714
0.196078431372549 0.0892857142857143
0.196078431372549 0.0892857142857143
0.196078431372549 0.0892857142857143
0.196078431372549 0.0892857142857143
0.196078431372549 0.0892857142857143
0.196078431372549 0.0892857142857143
0.196078431372549 0.0892857142857143
0.196078431372549 0.0892857142857143
0.196078431372549 0.0892857142857143
0.196078431372549 0.0892857142857143
0.196078431372549 0.0892857142857143
0.196078431372549 0.0892857142857143
0.196078431372549 0.0892857142857143
0.196078431372549 0.0892857142857143
0.196078431372549 0.0892857142857143
0.196078431372549 0.0892857142857143
0.196078431372549 0.0892857142857143
0.196078431372549 0.0892857142857143
0.196078431372549 0.0892857142857143
0.196078431372549 0.0892857142857143
0.196078431372549 0.0892857142857143
0.196078431372549 0.0892857142857143
0.196078431372549 0.0892857142857143
0.196078431372549 0.0892857142857143
0.196078431372549 0.0892857142857143
0.196078431372549 0.0892857142857143
0.196078431372549 0.0892857142857143
0.192307692307692 0.0714285714285714
0.192307692307692 0.0714285714285714
0.192307692307692 0.0714285714285714
0.192307692307692 0.0714285714285714
0.192307692307692 0.0714285714285714
0.192307692307692 0.0714285714285714
0.192307692307692 0.0714285714285714
0.192307692307692 0.0714285714285714
0.192307692307692 0.0714285714285714
0.192307692307692 0.0714285714285714
0.192307692307692 0.0714285714285714
0.192307692307692 0.0714285714285714
0.192307692307692 0.0714285714285714
0.192307692307692 0.0714285714285714
0.192307692307692 0.0714285714285714
0.192307692307692 0.0714285714285714
0.192307692307692 0.0714285714285714
0.192307692307692 0.0714285714285714
0.192307692307692 0.0714285714285714
0.192307692307692 0.0714285714285714
0.192307692307692 0.0714285714285714
0.192307692307692 0.0714285714285714
0.192307692307692 0.0714285714285714
0.192307692307692 0.0714285714285714
0.192307692307692 0.0714285714285714
0.192307692307692 0.0714285714285714
0.192307692307692 0.0714285714285714
0.192307692307692 0.0714285714285714
0.192307692307692 0.0714285714285714
0.192307692307692 0.0714285714285714
0.192307692307692 0.0714285714285714
0.192307692307692 0.0714285714285714
0.176470588235294 0.0892857142857143
0.176470588235294 0.0892857142857143
0.176470588235294 0.0892857142857143
0.176470588235294 0.0892857142857143
0.176470588235294 0.0892857142857143
0.176470588235294 0.0892857142857143
0.176470588235294 0.0892857142857143
0.176470588235294 0.0892857142857143
0.16 0.107142857142857
0.16 0.107142857142857
0.16 0.107142857142857
0.142857142857143 0.125
0.142857142857143 0.125
0.142857142857143 0.125
0.142857142857143 0.125
0.142857142857143 0.125
0.142857142857143 0.125
0.142857142857143 0.125
0.142857142857143 0.125
0.142857142857143 0.125
0.142857142857143 0.125
0.142857142857143 0.125
0.142857142857143 0.125
0.142857142857143 0.125
0.142857142857143 0.125
0.142857142857143 0.125
0.142857142857143 0.125
0.142857142857143 0.125
0.142857142857143 0.125
0.142857142857143 0.125
0.142857142857143 0.125
0.142857142857143 0.125
0.142857142857143 0.125
0.142857142857143 0.125
0.142857142857143 0.125
0.142857142857143 0.125
0.142857142857143 0.125
0.142857142857143 0.125
0.142857142857143 0.125
0.142857142857143 0.125
0.142857142857143 0.125
0.142857142857143 0.125
0.142857142857143 0.125
0.142857142857143 0.125
0.142857142857143 0.125
0.125 0.142857142857143
0.125 0.142857142857143
0.125 0.142857142857143
0.125 0.142857142857143
0.106382978723404 0.160714285714286
0.106382978723404 0.160714285714286
0.106382978723404 0.160714285714286
0.106382978723404 0.160714285714286
0.106382978723404 0.160714285714286
0.106382978723404 0.160714285714286
0.106382978723404 0.160714285714286
0.106382978723404 0.160714285714286
0.106382978723404 0.160714285714286
0.106382978723404 0.160714285714286
0.106382978723404 0.160714285714286
0.106382978723404 0.160714285714286
0.106382978723404 0.160714285714286
0.106382978723404 0.160714285714286
0.106382978723404 0.160714285714286
0.106382978723404 0.160714285714286
0.106382978723404 0.160714285714286
0.106382978723404 0.160714285714286
0.106382978723404 0.160714285714286
0.106382978723404 0.160714285714286
0.106382978723404 0.160714285714286
0.0869565217391304 0.178571428571429
0.0869565217391304 0.178571428571429
0.0666666666666667 0.196428571428571
0.0666666666666667 0.196428571428571
0.0666666666666667 0.196428571428571
0.0666666666666667 0.196428571428571
0.0666666666666667 0.196428571428571
0.0666666666666667 0.196428571428571
0.0666666666666667 0.196428571428571
0.0666666666666667 0.196428571428571
0.0666666666666667 0.196428571428571
0.0666666666666667 0.196428571428571
0.0666666666666667 0.196428571428571
0.0666666666666667 0.196428571428571
0.0666666666666667 0.196428571428571
0.0666666666666667 0.196428571428571
0.0666666666666667 0.196428571428571
0.0666666666666667 0.196428571428571
0.0652173913043478 0.178571428571429
0.0652173913043478 0.178571428571429
0.0652173913043478 0.178571428571429
0.0652173913043478 0.178571428571429
0.0652173913043478 0.178571428571429
0.0652173913043478 0.178571428571429
0.0652173913043478 0.178571428571429
0.0652173913043478 0.178571428571429
0.0652173913043478 0.178571428571429
0.0652173913043478 0.178571428571429
0.0652173913043478 0.178571428571429
0.0652173913043478 0.178571428571429
0.0652173913043478 0.178571428571429
0.0652173913043478 0.178571428571429
0.0652173913043478 0.178571428571429
0.0652173913043478 0.178571428571429
0.0652173913043478 0.178571428571429
0.0652173913043478 0.178571428571429
0.0652173913043478 0.178571428571429
0.0652173913043478 0.178571428571429
0.0652173913043478 0.178571428571429
0.0652173913043478 0.178571428571429
0.0652173913043478 0.178571428571429
0.0652173913043478 0.178571428571429
0.0652173913043478 0.178571428571429
0.0652173913043478 0.178571428571429
0.0652173913043478 0.178571428571429
0.0652173913043478 0.178571428571429
0.0652173913043478 0.178571428571429
0.0652173913043478 0.178571428571429
0.0652173913043478 0.178571428571429
0.0652173913043478 0.178571428571429
0.0652173913043478 0.178571428571429
0.0638297872340425 0.160714285714286
0.0638297872340425 0.160714285714286
0.0638297872340425 0.160714285714286
0.0638297872340425 0.160714285714286
0.0638297872340425 0.160714285714286
0.0638297872340425 0.160714285714286
0.0638297872340425 0.160714285714286
0.0638297872340425 0.160714285714286
0.0638297872340425 0.160714285714286
0.0638297872340425 0.160714285714286
0.0638297872340425 0.160714285714286
0.0638297872340425 0.160714285714286
0.0638297872340425 0.160714285714286
0.0625 0.142857142857143
0.0625 0.142857142857143
0.0425531914893617 0.160714285714286
0.0425531914893617 0.160714285714286
0.0425531914893617 0.160714285714286
0.0425531914893617 0.160714285714286
0.0425531914893617 0.160714285714286
0.0425531914893617 0.160714285714286
0.0425531914893617 0.160714285714286
0.0425531914893617 0.160714285714286
0.0425531914893617 0.160714285714286
0.0425531914893617 0.160714285714286
0.0425531914893617 0.160714285714286
0.0425531914893617 0.160714285714286
0.0425531914893617 0.160714285714286
0.0425531914893617 0.160714285714286
0.0425531914893617 0.160714285714286
0.0425531914893617 0.160714285714286
0.0425531914893617 0.160714285714286
0.0425531914893617 0.160714285714286
0.0425531914893617 0.160714285714286
0.0425531914893617 0.160714285714286
0.0425531914893617 0.160714285714286
0.0416666666666667 0.142857142857143
0.0416666666666667 0.142857142857143
0.0416666666666667 0.142857142857143
0.0416666666666667 0.142857142857143
0.0416666666666667 0.142857142857143
0.0416666666666667 0.142857142857143
0.0416666666666667 0.142857142857143
0.0416666666666667 0.142857142857143
0.0416666666666667 0.142857142857143
0.0416666666666667 0.142857142857143
0.0416666666666667 0.142857142857143
0.0416666666666667 0.142857142857143
0.0416666666666667 0.142857142857143
0.0416666666666667 0.142857142857143
0.0416666666666667 0.142857142857143
0.0416666666666667 0.142857142857143
0.0416666666666667 0.142857142857143
0.0416666666666667 0.142857142857143
0.0416666666666667 0.142857142857143
0.0416666666666667 0.142857142857143
0.0416666666666667 0.142857142857143
0.0416666666666667 0.142857142857143
0.0416666666666667 0.142857142857143
0.0416666666666667 0.142857142857143
0.0416666666666667 0.142857142857143
0.0416666666666667 0.142857142857143
0.0416666666666667 0.142857142857143
0.0416666666666667 0.142857142857143
0.0416666666666667 0.142857142857143
0.0416666666666667 0.142857142857143
0.0416666666666667 0.142857142857143
0.0416666666666667 0.142857142857143
0.0212765957446809 0.160714285714286
0.0212765957446809 0.160714285714286
0.0212765957446809 0.160714285714286
0.0212765957446809 0.160714285714286
0.0212765957446809 0.160714285714286
0.0212765957446809 0.160714285714286
0.0212765957446809 0.160714285714286
0.0212765957446809 0.160714285714286
0.0212765957446809 0.160714285714286
0.0212765957446809 0.160714285714286
0.0208333333333333 0.142857142857143
0.0208333333333333 0.142857142857143
0.0208333333333333 0.142857142857143
0.0208333333333333 0.142857142857143
0.0208333333333333 0.142857142857143
0.0208333333333333 0.142857142857143
0.0204081632653061 0.125
0.02 0.107142857142857
0.02 0.107142857142857
0.02 0.107142857142857
0.02 0.107142857142857
0.02 0.107142857142857
0.02 0.107142857142857
0.02 0.107142857142857
0 0.125
0 0.125
0 0.125
0 0.125
0 0.125
0 0.125
0 0.125
0 0.125
0 0.125
0 0.125
0 0.125
0 0.125
0 0.125
0 0.125
0 0.125
0 0.107142857142857
0 0.107142857142857
0 0.0892857142857143
0 0.0892857142857143
0 0.0892857142857143
0 0.0892857142857143
0 0.0892857142857143
0 0.0892857142857143
0 0.0892857142857143
0 0.0892857142857143
0 0.0892857142857143
0 0.0892857142857143
0 0.0892857142857143
0 0.0892857142857143
0 0.0714285714285714
0 0.0535714285714286
0 0.0535714285714286
0 0.0535714285714286
0 0.0535714285714286
0 0.0535714285714286
0 0.0535714285714286
0 0.0535714285714286
0 0.0535714285714286
0 0.0535714285714286
0 0.0535714285714286
0 0.0535714285714286
0 0.0535714285714286
0 0.0535714285714286
0 0.0535714285714286
0 0.0535714285714286
0 0.0535714285714286
0 0.0535714285714286
0 0.0535714285714286
0 0.0535714285714286
0 0.0535714285714286
0 0.0535714285714286
0 0.0535714285714286
0 0.0535714285714286
0 0.0535714285714286
0 0.0535714285714286
0 0.0535714285714286
0 0.0535714285714286
0 0.0535714285714286
0 0.0535714285714286
0 0.0535714285714286
0 0.0535714285714286
0 0.0535714285714286
0 0.0535714285714286
0 0.0535714285714286
0 0.0535714285714286
0 0.0357142857142857
0 0.0357142857142857
0 0.0357142857142857
0 0.0357142857142857
0 0.0357142857142857
0 0.0357142857142857
0 0.0357142857142857
0 0.0357142857142857
0 0.0357142857142857
0 0.0357142857142857
0 0.0357142857142857
0 0.0357142857142857
0 0.0357142857142857
0 0.0357142857142857
0 0.0357142857142857
0 0.0357142857142857
0 0.0357142857142857
0 0.0357142857142857
0 0.0357142857142857
0 0.0357142857142857
0 0.0357142857142857
0 0.0357142857142857
0 0.0357142857142857
0 0.0357142857142857
0 0.0178571428571429
0 0.0178571428571429
0 0.0178571428571429
0 0.0178571428571429
0 0.0178571428571429
0 0.0178571428571429
0 0.0178571428571429
0 0.0178571428571429
0 0.0178571428571429
0 0.0178571428571429
0 0.0178571428571429
0 0
0 0
0 0
0 0
0 0
0 0
0 0
0 0
0 0
0 0
0 0
0 0
0 0
0 0
0 0
0 0
0 0
0 0
0 0
0 0
0 0
0 0
0 0
0 0
0 0
0 0
0 0
0 0
0 0
0 0
0 0
0 0
0 0
0 0
0 0
0 0
0 0
0 0
0 0
0 0
0 0
0 0
0 0
0 0
0 0
0 0
0 0
0 0
0 0
0 0
