0 0.0198400513001076
0.0334448160535117 0.020403093079368
0.0668896321070234 0.0209817714033035
0.100334448160535 0.021576500863205
0.133779264214047 0.0221877059138382
0.167224080267559 0.0228158210424175
0.20066889632107 0.0234612909364123
0.234113712374582 0.0241245706498586
0.267558528428094 0.0248061257678336
0.301003344481605 0.0255064325687245
0.334448160535117 0.0262259781839016
0.367892976588629 0.0269652607543824
0.40133779264214 0.0277247895840481
0.434782608695652 0.0285050852889471
0.468227424749164 0.0293066799421964
0.501672240802676 0.0301301172139602
0.535117056856187 0.0309759525059617
0.568561872909699 0.0318447530799489
0.602006688963211 0.0327370981795103
0.635451505016722 0.0336535791446015
0.668896321070234 0.0345947995181134
0.702341137123746 0.0355613751437798
0.735785953177257 0.0365539342546887
0.769230769230769 0.0375731175516259
0.802675585284281 0.0386195782704467
0.836120401337793 0.0396939822376343
0.869565217391304 0.040797007913168
0.903010033444816 0.0419293464197874
0.936454849498328 0.0430917015577017
0.969899665551839 0.0442847898037577
1.00334448160535 0.0455093402940387
1.03678929765886 0.0467660947888349
1.07023411371237 0.0480558076188826
1.10367892976589 0.0493792456117385
1.1371237458194 0.0507371879971129
1.17056856187291 0.0521304262899555
1.20401337792642 0.0535597641500492
1.23745819397993 0.0550260172168333
1.27090301003344 0.0565300129181488
1.30434782608696 0.0580725902515621
1.33779264214047 0.0596545995368993
1.37123745819398 0.0612769021385942
1.40468227424749 0.0629403701564295
1.438127090301 0.0646458860832287
1.47157190635451 0.0663943424280397
1.50501672240803 0.0681866413033337
1.53846153846154 0.0700236939747367
1.57190635451505 0.0719064203718004
1.60535117056856 0.0738357485583203
1.63879598662207 0.0758126141607143
1.67224080267559 0.0778379597529818
1.7056856187291 0.0799127341967818
1.73913043478261 0.0820378919351916
1.77257525083612 0.084214392238737
1.80602006688963 0.0864431984023241
1.83946488294314 0.0887252768917498
1.87290969899666 0.0910615964385225
1.90635451505017 0.0934531270817915
1.93979933110368 0.0959008391562587
1.97324414715719 0.0984057022250301
2.0066889632107 0.100968683956465
2.04013377926421 0.103590748944187
2.07357859531773 0.106272857469544
2.10702341137124 0.109015964205936
2.14046822742475 0.111821016864581
2.17391304347826 0.114688954781435
2.20735785953177 0.117620707445185
2.24080267558528 0.120617192966389
2.2742474916388 0.123679316488058
2.30769230769231 0.126807968538199
2.34113712374582 0.130004023325041
2.37458193979933 0.133268336975952
2.40802675585284 0.136601745721277
2.44147157190635 0.140005064024629
2.47491638795987 0.143479082661444
2.50836120401338 0.147024566747906
2.54180602006689 0.150642253722677
2.5752508361204 0.154332851284194
2.60869565217391 0.158097035286604
2.64214046822742 0.16193544759781
2.67558528428094 0.165848693923394
2.70903010033445 0.169837341600611
2.74247491638796 0.173901917366967
2.77591973244147 0.178042905108294
2.80936454849498 0.182260743591609
2.84280936454849 0.186555824188424
2.87625418060201 0.190928488594522
2.90969899665552 0.195379026552623
2.94314381270903 0.199907673584699
2.97658862876254 0.204514608741049
3.01003344481605 0.209199952373601
3.04347826086956 0.213963763941202
3.07692307692308 0.218806039854993
3.11036789297659 0.223726711372213
3.1438127090301 0.228725642547046
3.17725752508361 0.233802628247356
3.21070234113712 0.238957392246318
3.24414715719064 0.244189585398136
3.27759197324415 0.249498783907132
3.31103678929766 0.254884487699581
3.34448160535117 0.260346118907662
3.37792642140468 0.265883020474902
3.41137123745819 0.271494454892394
3.44481605351171 0.277179603074938
3.47826086956522 0.282937563386086
3.51170568561873 0.288767350820787
3.54515050167224 0.294667896354071
3.57859531772575 0.300638046463797
3.61204013377926 0.306676562835087
3.64548494983278 0.312782122253573
3.67892976588629 0.318953316694016
3.7123745819398 0.325188653610268
3.74581939799331 0.331486556431839
3.77926421404682 0.337845365271649
3.81270903010033 0.344263337848707
3.84615384615385 0.350738650628673
3.87959866220736 0.35726940018434
3.91304347826087 0.363853604777174
3.94648829431438 0.370489206160079
3.97993311036789 0.377174071600542
4.0133779264214 0.383905996122349
4.04682274247492 0.390682704962941
4.08026755852843 0.397501856242522
4.11371237458194 0.404361043839893
4.14715719063545 0.411257800468995
4.18060200668896 0.418189600949065
4.21404682274247 0.425153865660312
4.24749163879599 0.432147964175997
4.2809364548495 0.439169219060867
4.31438127090301 0.446214909824951
4.34782608695652 0.45328227702088
4.38127090301003 0.460368526472054
4.41471571906354 0.467470833618251
4.44816053511706 0.4745863479646
4.48160535117057 0.481712197619213
4.51505016722408 0.488845493904285
4.54849498327759 0.495983336025021
4.5819397993311 0.503122815780413
4.61538461538461 0.510261022299631
4.64882943143813 0.517395046787671
4.68227424749164 0.524521987263804
4.71571906354515 0.531638953276451
4.74916387959866 0.538743070578234
4.78260869565217 0.545831485745175
4.81605351170569 0.552901370724375
4.8494983277592 0.559949927294897
4.88294314381271 0.566974391427107
4.91638795986622 0.573972037526289
4.94983277591973 0.58094018254706
4.98327759197324 0.587876189965798
5.01672240802676 0.594777473599152
5.05016722408027 0.601641501257517
5.08361204013378 0.608465798223318
5.11705685618729 0.615247950544853
5.1505016722408 0.62198560813749
5.18394648829431 0.628676487684983
5.21739130434783 0.635318375334751
5.25083612040134 0.641909129181994
5.28428093645485 0.648446681538576
5.31772575250836 0.654929040983663
5.35117056856187 0.661354294194147
5.38461538461538 0.667720607553893
5.4180602006689 0.674026228541855
5.45150501672241 0.68026948690008
5.48494983277592 0.686448795583524
5.51839464882943 0.692562651494519
5.55183946488294 0.698609636005555
5.58528428093645 0.704588415274827
5.61872909698997 0.710497740359755
5.65217391304348 0.71633644713434
5.68561872909699 0.722103456016861
5.7190635451505 0.727797771514964
5.75250836120401 0.733418481595703
5.78595317725753 0.738964756888524
5.81939799331104 0.744435849729567
5.85284280936455 0.749831093055966
5.88628762541806 0.755149899159083
5.91973244147157 0.760391758305826
5.95317725752508 0.765556237237293
5.9866220735786 0.770642977554135
6.02006688963211 0.775651693997992
6.05351170568562 0.78058217263839
6.08695652173913 0.785434268974399
6.12040133779264 0.790207905960243
6.15384615384615 0.794903071963909
6.18729096989967 0.799519818667619
6.22073578595318 0.804058258918801
6.25418060200669 0.808518564539955
6.2876254180602 0.812900964105521
6.32107023411371 0.817205740693578
6.35451505016722 0.821433229619858
6.38795986622074 0.825583816161241
6.42140468227425 0.829657933275536
6.45484949832776 0.833656059324015
6.48829431438127 0.837578715802747
6.52173913043478 0.841426465088483
6.55518394648829 0.845199908204386
6.58862876254181 0.848899682610581
6.62207357859532 0.852526460024106
6.65551839464883 0.856080944272464
6.68896321070234 0.859563869184617
6.72240802675585 0.862975996522933
6.75585284280936 0.866318113959192
6.78929765886288 0.86959103309746
6.82274247491639 0.872795587546315
6.8561872909699 0.87593263104255
6.88963210702341 0.879003035628219
6.92307692307692 0.882007689882584
6.95652173913043 0.884947497210231
6.98996655518395 0.887823374186394
7.02341137123746 0.890636248960234
7.05685618729097 0.893387059716633
7.09030100334448 0.896076753196801
7.12374581939799 0.898706283277828
7.1571906354515 0.901276609611088
7.19063545150502 0.903788696319262
7.22408026755853 0.906243510751539
7.25752508361204 0.908642022296467
7.29096989966555 0.910985201251726
7.32441471571906 0.913274017750013
7.35785953177257 0.915509440740124
7.39130434782609 0.917692437022172
7.4247491638796 0.919823970335857
7.45819397993311 0.921905000500566
7.49163879598662 0.923936482606068
7.52508361204013 0.925919366252472
7.55852842809364 0.927854594838082
7.59197324414716 0.929743104893758
7.62541806020067 0.931585825462333
7.65886287625418 0.933383677521638
7.69230769230769 0.935137573449648
7.7257525083612 0.936848416530275
7.75919732441471 0.938517100498297
7.79264214046823 0.940144509121949
7.82608695652174 0.941731515821687
7.85953177257525 0.943278983323633
7.89297658862876 0.944787763346263
7.92642140468227 0.946258696318873
7.95986622073579 0.947692611130411
7.9933110367893 0.949090324907274
8.02675585284281 0.950452642818691
8.06020066889632 0.951780357908358
8.09364548494983 0.953074250950995
8.12709030100334 0.954335090332564
8.16053511705686 0.955563631952883
8.19397993311037 0.956760619149431
8.22742474916388 0.95792678264116
8.26086956521739 0.959062840491185
8.2943143812709 0.960169498087234
8.32775919732441 0.961247448138796
8.36120401337793 0.962297370689942
8.39464882943144 0.963319933146819
8.42809364548495 0.964315790318865
8.46153846153846 0.965285584472828
8.49498327759197 0.966229945398706
8.52842809364548 0.967149490486761
8.561872909699 0.968044824814798
8.59531772575251 0.968916541244943
8.62876254180602 0.969765220529159
8.66220735785953 0.970591431422819
8.69565217391304 0.971395730805642
8.72909698996656 0.972178663809361
8.76254180602007 0.972940763951508
8.79598662207358 0.973682553274743
8.82943143812709 0.974404542491163
8.8628762541806 0.975107231131086
8.89632107023411 0.9757911076958
8.92976588628762 0.976456649813822
8.96321070234114 0.977104324400218
8.99665551839465 0.977734587818567
9.03010033444816 0.978347886045181
9.06354515050167 0.978944654835207
9.09698996655518 0.979525319890261
9.1304347826087 0.980090297027277
9.16387959866221 0.98063999234825
9.19732441471572 0.981174802410604
9.23076923076923 0.981695114397895
9.26421404682274 0.982201306290625
9.29765886287625 0.982693747036909
9.33110367892977 0.98317279672279
9.36454849498328 0.983638806742003
9.39799331103679 0.984092119964994
9.4314381270903 0.984533070907025
9.46488294314381 0.9849619858952
9.49832775919732 0.985379183234278
9.53177257525084 0.985784973371119
9.56521739130435 0.986179659057659
9.59866220735786 0.986563535512287
9.63210702341137 0.986936890579525
9.66555183946488 0.987300004887925
9.69899665551839 0.987653152006086
9.73244147157191 0.987996598596732
9.76588628762542 0.988330604568761
9.79933110367893 0.988655423227236
9.83277591973244 0.988971301421235
9.86622073578595 0.989278479689535
9.89966555183946 0.989577192404079
9.93311036789298 0.989867667911199
9.96655518394649 0.990150128670569
10 0.990424791391851
