0 0.00747592549561197
0.0334448160535117 0.00773238825359055
0.0668896321070234 0.00799757811274776
0.100334448160535 0.0082717871011941
0.133779264214047 0.00855531667432375
0.167224080267559 0.00884847799503496
0.20066889632107 0.00915159222056451
0.234113712374582 0.00946499079596362
0.267558528428094 0.00978901575423075
0.301003344481605 0.010124020023104
0.334448160535117 0.0104703677385017
0.367892976588629 0.0108284345645837
0.40133779264214 0.0111986080203916
0.434782608695652 0.0115812878130036
0.468227424749164 0.0119768861771251
0.501672240802676 0.0123858282210097
0.535117056856187 0.012808552278587
0.568561872909699 0.0132455102676433
0.602006688963211 0.0136971680538798
0.635451505016722 0.0141640058206392
0.668896321070234 0.0146465184440636
0.702341137123746 0.0151452158734109
0.735785953177257 0.0156606235162225
0.769230769230769 0.0161932826279958
0.802675585284281 0.0167437507059739
0.836120401337793 0.0173126018866215
0.869565217391304 0.017900427346308
0.903010033444816 0.0185078357046706
0.936454849498328 0.0191354534300751
0.969899665551839 0.0197839252465374
1.00334448160535 0.0204539145414077
1.03678929765886 0.0211461037730561
1.07023411371237 0.021861194877733
1.10367892976589 0.0225999096747016
1.1371237458194 0.0233629902686734
1.17056856187291 0.0241511994484882
1.20401337792642 0.0249653210809075
1.23745819397993 0.0258061604982939
1.27090301003344 0.0266745448788633
1.30434782608696 0.0275713236180989
1.33779264214047 0.0284973686898146
1.37123745819398 0.0294535749952508
1.40468227424749 0.0304408606984789
1.438127090301 0.0314601675462725
1.47157190635451 0.0325124611704892
1.50501672240803 0.0335987313708817
1.53846153846154 0.0347199923761326
1.57190635451505 0.0358772830807751
1.60535117056856 0.0370716672555269
1.63879598662207 0.0383042337284297
1.67224080267559 0.0395760965340416
1.7056856187291 0.0408883950277889
1.73913043478261 0.0422422939624352
1.77257525083612 0.0436389835234795
1.80602006688963 0.0450796793201424
1.83946488294314 0.046565622328453
1.87290969899666 0.0480980787827955
1.90635451505017 0.0496783400121274
1.93979933110368 0.0513077222169329
1.97324414715719 0.0529875661828318
2.0066889632107 0.0547192369266223
2.04013377926421 0.0565041232704042
2.07357859531773 0.0583436373392977
2.10702341137124 0.0602392139781562
2.14046822742475 0.0621923100825619
2.17391304347826 0.0640752147493601
2.20735785953177 0.0658896520998586
2.24080267558528 0.0677517500199892
2.2742474916388 0.0696625478778403
2.30769230769231 0.0716230955464121
2.34113712374582 0.0736344527523643
2.37458193979933 0.0756976883702948
2.40802675585284 0.0778138796605286
2.44147157190635 0.07998411144841
2.47491638795987 0.0822094752431323
2.50836120401338 0.0844910682941744
2.54180602006689 0.0868299925834729
2.5752508361204 0.0892273537515245
2.60869565217391 0.091684259955694
2.64214046822742 0.094201820659098
2.67558528428094 0.0967811453485469
2.70903010033445 0.0994233421801505
2.74247491638796 0.10212951655134
2.77591973244147 0.104900769598219
2.80936454849498 0.107738196617327
2.84280936454849 0.11064288541112
2.87625418060201 0.113615914556661
2.90969899665552 0.116658351597278
2.94314381270903 0.119771251157191
2.97658862876254 0.122955652979397
3.01003344481605 0.126212579887408
3.04347826086956 0.129543035671752
3.07692307692308 0.132948002902495
3.11036789297659 0.13642844066943
3.1438127090301 0.139985282251927
3.17725752508361 0.1436194327209
3.21070234113712 0.147331766475725
3.24414715719064 0.151123124719439
3.27759197324415 0.154994312875976
3.31103678929766 0.158946097953727
3.34448160535117 0.16297920586015
3.37792642140468 0.167094318672733
3.41137123745819 0.171292071872085
3.44481605351171 0.175573051543485
3.47826086956522 0.179937791553758
3.51170568561873 0.184386770710861
3.54515050167224 0.188920409914141
3.57859531772575 0.193539069303707
3.61204013377926 0.198243045417936
3.64548494983278 0.203032568368593
3.67892976588629 0.207907799043582
3.7123745819398 0.212868826347773
3.74581939799331 0.217915664492834
3.77926421404682 0.223048250347376
3.81270903010033 0.228266440859101
3.84615384615385 0.233570010560978
3.87959866220736 0.238958649173749
3.91304347826087 0.244431959317295
3.94648829431438 0.249989454343549
3.97993311036789 0.255630556303769
4.0133779264214 0.261354594062999
4.04682274247492 0.26716080157452
4.08026755852843 0.273048316326962
4.11371237458194 0.279016177976565
4.14715719063545 0.285063327176787
4.18060200668896 0.29118860461707
4.21404682274247 0.297390750282139
4.24749163879599 0.303668402942639
4.2809364548495 0.31002009988726
4.31438127090301 0.316444276905777
4.34782608695652 0.322939268531591
4.38127090301003 0.32950330855145
4.41471571906354 0.336134530788989
4.44816053511706 0.34283097016768
4.48160535117057 0.34959056405759
4.51505016722408 0.3564111539091
4.54849498327759 0.363290487175453
4.5819397993311 0.370226219524616
4.61538461538461 0.377215917339545
4.64882943143813 0.384257060504463
4.68227424749164 0.391347045473317
4.71571906354515 0.398483188615042
4.74916387959866 0.405662729828772
4.78260869565217 0.41288283642064
4.81605351170569 0.420140607232288
4.8494983277592 0.427433077009808
4.88294314381271 0.434757221000357
4.91638795986622 0.442109959762375
4.94983277591973 0.44948816417401
4.98327759197324 0.456888660623162
5.01672240802676 0.464308236361401
5.05016722408027 0.471743645003019
5.08361204013378 0.479191612149531
5.11705685618729 0.48664884111916
5.1505016722408 0.494112018760148
5.18394648829431 0.501577821326223
5.21739130434783 0.509042920392123
5.25083612040134 0.516503988786834
5.28428093645485 0.523957706522076
5.31772575250836 0.531400766693613
5.35117056856187 0.538829881333124
5.38461538461538 0.546241787188699
5.4180602006689 0.553633251412497
5.45150501672241 0.561001077134679
5.48494983277592 0.568342108903465
5.51839464882943 0.57565323797202
5.55183946488294 0.582931407413833
5.58528428093645 0.590173617049328
5.61872909698997 0.597376928167598
5.65217391304348 0.604538468028435
5.68561872909699 0.611655434131119
5.7190635451505 0.618725098237838
5.75250836120401 0.625744810141038
5.78595317725753 0.632712001165473
5.81939799331104 0.63962418739722
5.85284280936455 0.646478972633438
5.88628762541806 0.653274051048139
5.91973244147157 0.660007209570764
5.95317725752508 0.666676329975788
5.9866220735786 0.673279390683049
6.02006688963211 0.67981446826988
6.05351170568562 0.686279738697447
6.08695652173913 0.692673478254996
6.12040133779264 0.698994064226923
6.15384615384615 0.705239975288678
6.18729096989967 0.711409791638649
6.22073578595318 0.717502194874041
6.25418060200669 0.723515967619745
6.2876254180602 0.729449992919911
6.32107023411371 0.735303253402686
6.35451505016722 0.741074830229161
6.38795986622074 0.746763901838101
6.42140468227425 0.752369742498442
6.45484949832776 0.757891720681893
6.48829431438127 0.763329297268204
6.52173913043478 0.768682023595853
6.55518394648829 0.773949539370963
6.58862876254181 0.779131570447287
6.62207357859532 0.784227926490019
6.65551839464883 0.789238498536067
6.68896321070234 0.794163256463231
6.72240802675585 0.799002246380466
6.75585284280936 0.803755587951131
6.78929765886288 0.808423471660746
6.82274247491639 0.813006156040429
6.8561872909699 0.817503964856706
6.88963210702341 0.821756322437941
6.92307692307692 0.825591527889123
6.95652173913043 0.829361348124496
6.98996655518395 0.833066160144644
7.02341137123746 0.836706372607984
7.05685618729097 0.84028242430546
7.09030100334448 0.843794782647187
7.12374581939799 0.847243942163936
7.1571906354515 0.850630423026182
7.19063545150502 0.853954769583202
7.22408026755853 0.857217548924538
7.25752508361204 0.860419349465948
7.29096989966555 0.863560779561758
7.32441471571906 0.866642466145368
7.35785953177257 0.869665053399466
7.39130434782609 0.872629201457339
7.4247491638796 0.875535585136504
7.45819397993311 0.878384892705713
7.49163879598662 0.881177824686235
7.52508361204013 0.883915092688175
7.55852842809364 0.88659741828243
7.59197324414716 0.889225531908776
7.62541806020067 0.891800171820429
7.65886287625418 0.894322083065315
7.69230769230769 0.896792016504164
7.7257525083612 0.899210727865452
7.75919732441471 0.901578976837094
7.79264214046823 0.903897526194724
7.82608695652174 0.906167140966296
7.85953177257525 0.908388587632664
7.89297658862876 0.910562633363741
7.92642140468227 0.912690045289758
7.95986622073579 0.914771589807077
7.9933110367893 0.916808031917998
8.02675585284281 0.918800134603894
8.06020066889632 0.920748658231014
8.09364548494983 0.922654359988243
8.12709030100334 0.924517993356051
8.16053511705686 0.926340307605883
8.19397993311037 0.92812204732916
8.22742474916388 0.929863951995109
8.26086956521739 0.931566755536551
8.2943143812709 0.93323118596283
8.32775919732441 0.93485796499901
8.36120401337793 0.936447807750496
8.39464882943144 0.938001422392195
8.42809364548495 0.939519509881379
8.46153846153846 0.94100276369337
8.49498327759197 0.942451869579205
8.52842809364548 0.94386750534442
8.561872909699 0.945250340648129
8.59531772575251 0.946601036821552
8.62876254180602 0.947920246705195
8.66220735785953 0.94920861450385
8.69565217391304 0.950466775658656
8.72909698996656 0.951695356735427
8.76254180602007 0.952894975328494
8.79598662207358 0.954066239979326
8.82943143812709 0.955209750109204
8.8628762541806 0.956326095965246
8.89632107023411 0.957415858579094
8.92976588628762 0.958479609737605
8.96321070234114 0.959517911964901
8.99665551839465 0.960531318515139
9.03010033444816 0.961520373375412
9.06354515050167 0.962485611278189
9.09698996655518 0.963427557722724
9.1304347826087 0.964346729004894
9.16387959866221 0.965243632254936
9.19732441471572 0.966118765482578
9.23076923076923 0.966972617629081
9.26421404682274 0.967805668625713
9.29765886287625 0.968618389458217
9.33110367892977 0.969411242236835
9.36454849498328 0.970184680271479
9.39799331103679 0.970939148151651
9.4314381270903 0.971675081830732
9.46488294314381 0.97239290871429
9.49832775919732 0.973093047752047
9.53177257525084 0.973775909533188
9.56521739130435 0.974441896384695
9.59866220735786 0.975091402472407
9.63210702341137 0.975724813904523
9.66555183946488 0.976342508837288
9.69899665551839 0.976944857582588
9.73244147157191 0.977532222717234
9.76588628762542 0.978104959193687
9.79933110367893 0.978663414452021
9.83277591973244 0.979207928532913
9.86622073578595 0.979738834191469
9.89966555183946 0.980256457011696
9.93311036789298 0.980761115521469
9.96655518394649 0.981253121307804
10 0.981732779132309
