0 0.0143699161946547
0.0334448160535117 0.0147785216646874
0.0668896321070234 0.0151985665824801
0.100334448160535 0.0156303608879396
0.133779264214047 0.0160742223241267
0.167224080267559 0.0165304765991995
0.20066889632107 0.0169994575496364
0.234113712374582 0.0174815073046021
0.267558528428094 0.0179769764513086
0.301003344481605 0.0184862242012116
0.334448160535117 0.0190096185568685
0.367892976588629 0.0195475364792712
0.40133779264214 0.0201003640554521
0.434782608695652 0.0206684966661453
0.468227424749164 0.0212523391532716
0.501672240802676 0.021852305986996
0.535117056856187 0.0224688214320913
0.568561872909699 0.0231023197133215
0.602006688963211 0.023753245179541
0.635451505016722 0.0244220524661832
0.668896321070234 0.0251092066557941
0.702341137123746 0.0258151834362429
0.735785953177257 0.0265404692562181
0.769230769230769 0.0272855614775983
0.802675585284281 0.0280509685242564
0.836120401337793 0.028837210026836
0.869565217391304 0.029644816963009
0.903010033444816 0.0304743317926986
0.936454849498328 0.0313263085877226
0.969899665551839 0.0322013131552831
1.00334448160535 0.0330999231546998
1.03678929765886 0.0340227282067526
1.07023411371237 0.0349703299949684
1.10367892976589 0.0359433423581547
1.1371237458194 0.0369423913734497
1.17056856187291 0.0379681154291246
1.20401337792642 0.0390211652863407
1.23745819397993 0.0401022041290275
1.27090301003344 0.041211907601015
1.30434782608696 0.0423509638295143
1.33779264214047 0.043520073434009
1.37123745819398 0.0447199495195801
1.40468227424749 0.0459513176536515
1.438127090301 0.0472149158251094
1.47157190635451 0.0485114943847098
1.50501672240803 0.049841815965654
1.53846153846154 0.0512066553831767
1.57190635451505 0.0526067995119577
1.60535117056856 0.0540430471401325
1.63879598662207 0.0555162087986474
1.67224080267559 0.0570271065646714
1.7056856187291 0.0585765738377495
1.73913043478261 0.060165455087354
1.77257525083612 0.0617946055704642
1.80602006688963 0.0634648910177853
1.83946488294314 0.0651771872871928
1.87290969899666 0.0669323799829776
1.90635451505017 0.0687313640394491
1.93979933110368 0.0705750432674484
1.97324414715719 0.0724643298623171
2.0066889632107 0.0744001438718682
2.04013377926421 0.0763834126229114
2.07357859531773 0.0784150701048965
2.10702341137124 0.0804960563092559
2.14046822742475 0.0826273165230521
2.17391304347826 0.0848098005755671
2.20735785953177 0.087044462036512
2.24080267558528 0.0893322573645791
2.2742474916388 0.0916741450051197
2.30769230769231 0.0940710844357947
2.34113712374582 0.0965240351591192
2.37458193979933 0.0990339556409134
2.40802675585284 0.101601802193763
2.44147157190635 0.104228527804708
2.47491638795987 0.106915080906494
2.50836120401338 0.109662404091848
2.54180602006689 0.112471432770413
2.5752508361204 0.115343093768087
2.60869565217391 0.118278303868732
2.64214046822742 0.121277968298378
2.67558528428094 0.124342979152253
2.70903010033445 0.127474213765181
2.74247491638796 0.130672533026125
2.77591973244147 0.133938779637893
2.80936454849498 0.137273776323267
2.84280936454849 0.14067832397911
2.87625418060201 0.144153199780263
2.90969899665552 0.147699155235361
2.94314381270903 0.151316914196989
2.97658862876254 0.155007170828928
3.01003344481605 0.158770587533577
3.04347826086956 0.162607792842952
3.07692307692308 0.166519379277044
3.11036789297659 0.170505901173649
3.1438127090301 0.174567872494147
3.17725752508361 0.178705764610092
3.21070234113712 0.182920004075797
3.24414715719064 0.187210970392515
3.27759197324415 0.191578993770139
3.31103678929766 0.196024352892721
3.34448160535117 0.200547272694458
3.37792642140468 0.20514792215312
3.41137123745819 0.209826412108244
3.44481605351171 0.214582793111706
3.47826086956522 0.219417053318582
3.51170568561873 0.224329116426481
3.54515050167224 0.229318839671761
3.57859531772575 0.234386011891278
3.61204013377926 0.239530351658465
3.64548494983278 0.244751505502708
3.67892976588629 0.250049046221083
3.7123745819398 0.25542247129158
3.74581939799331 0.260871201396961
3.77926421404682 0.266394579068371
3.81270903010033 0.271991867457739
3.84615384615385 0.277662249247865
3.87959866220736 0.283404825708928
3.91304347826087 0.289218615909866
3.94648829431438 0.295102556092813
3.97993311036789 0.301055499218385
4.0133779264214 0.307076214689215
4.04682274247492 0.313163388258621
4.08026755852843 0.319315622130787
4.11371237458194 0.325531435258198
4.14715719063545 0.331809263841454
4.18060200668896 0.338147462035833
4.21404682274247 0.344544302868248
4.24749163879599 0.350997979367407
4.2809364548495 0.35750660590913
4.31438127090301 0.36406821977788
4.34782608695652 0.370680782944645
4.38127090301003 0.377342184060298
4.41471571906354 0.38405024066264
4.44816053511706 0.390802701594251
4.48160535117057 0.397597249627311
4.51505016722408 0.404431504290492
4.54849498327759 0.411303024892023
4.5819397993311 0.418209313732013
4.61538461538461 0.425147819496109
4.64882943143813 0.43211594082163
4.68227424749164 0.43911103002636
4.71571906354515 0.446130396989293
4.74916387959866 0.4531713131718
4.78260869565217 0.460231015766865
4.81605351170569 0.46730671196335
4.8494983277592 0.474395583311559
4.88294314381271 0.481494790175799
4.91638795986622 0.488601476259144
4.94983277591973 0.49571277318516
4.98327759197324 0.502825805121046
5.01672240802676 0.509937693426371
5.05016722408027 0.517045561311465
5.08361204013378 0.52414653848945
5.11705685618729 0.531237765805933
5.1505016722408 0.53831639983052
5.18394648829431 0.545379617394538
5.21739130434783 0.552424620059658
5.25083612040134 0.559448638502514
5.28428093645485 0.566448936800925
5.31772575250836 0.573422816607852
5.35117056856187 0.580367621199911
5.38461538461538 0.587280739387936
5.4180602006689 0.594159609277901
5.45150501672241 0.601001721871296
5.48494983277592 0.607804624494987
5.51839464882943 0.614565924051466
5.55183946488294 0.621283290081407
5.58528428093645 0.627954457631376
5.61872909698997 0.6345772299206
5.65217391304348 0.641149480801699
5.68561872909699 0.647669157011298
5.7190635451505 0.654134280207482
5.75250836120401 0.660542948792047
5.78595317725753 0.666893339516504
5.81939799331104 0.67318370887177
5.85284280936455 0.679412394262396
5.88628762541806 0.685577814967132
5.91973244147157 0.69167847288845
5.95317725752508 0.697712953094494
5.9866220735786 0.703679924157717
6.02006688963211 0.709578138295126
6.05351170568562 0.71540643131581
6.08695652173913 0.721163722381959
6.12040133779264 0.726849013590191
6.15384615384615 0.732461389380465
6.18729096989967 0.738000015780309
6.22073578595318 0.743464139492466
6.25418060200669 0.748853086834359
6.2876254180602 0.754166262538062
6.32107023411371 0.759403148419639
6.35451505016722 0.764563301926864
6.38795986622074 0.769646354574428
6.42140468227425 0.774652010275784
6.45484949832776 0.779580043580755
6.48829431438127 0.784430297827996
6.52173913043478 0.789202683221285
6.55518394648829 0.793897174838497
6.58862876254181 0.798513810581928
6.62207357859532 0.803052689078439
6.65551839464883 0.807513967537653
6.68896321070234 0.811897859576166
6.72240802675585 0.816204633015458
6.75585284280936 0.820434607660884
6.78929765886288 0.824588153068787
6.82274247491639 0.82866568630846
6.8561872909699 0.832667669725316
6.88963210702341 0.836594608711285
6.92307692307692 0.840447049488083
6.95652173913043 0.844225576908649
6.98996655518395 0.847930812281647
7.02341137123746 0.851563411223618
7.05685618729097 0.855124061542959
7.09030100334448 0.858613481159561
7.12374581939799 0.862032416063619
7.1571906354515 0.86538163831673
7.19063545150502 0.868661944098123
7.22408026755853 0.871874151798497
7.25752508361204 0.875019100163643
7.29096989966555 0.878097646489761
7.32441471571906 0.88111066487204
7.35785953177257 0.88405904450784
7.39130434782609 0.88694368805555
7.4247491638796 0.889765510049927
7.45819397993311 0.892525435374515
7.49163879598662 0.895224397791529
7.52508361204013 0.897863338529349
7.55852842809364 0.90044320492763
7.59197324414716 0.902964949139828
7.62541806020067 0.905429526892782
7.65886287625418 0.907837896302856
7.69230769230769 0.910191016748
7.7257525083612 0.912489847794975
7.75919732441471 0.914735348180859
7.79264214046823 0.916928474847871
7.82608695652174 0.919070182030454
7.85953177257525 0.921161420393465
7.89297658862876 0.923203136220293
7.92642140468227 0.925196270649607
7.95986622073579 0.927141758959452
7.9933110367893 0.929040529897307
8.02675585284281 0.930893505054749
8.06020066889632 0.932701598285281
8.09364548494983 0.934465715163906
8.12709030100334 0.936186752486995
8.16053511705686 0.937865597811002
8.19397993311037 0.939503129028561
8.22742474916388 0.941100213980529
8.26086956521739 0.942657710102523
8.2943143812709 0.944176464104513
8.32775919732441 0.945657311682081
8.36120401337793 0.94710107725792
8.39464882943144 0.948508573752226
8.42809364548495 0.949880602380614
8.46153846153846 0.951217952478252
8.49498327759197 0.952521401348906
8.52842809364548 0.953791714137647
8.561872909699 0.955029643725981
8.59531772575251 0.956235930648205
8.62876254180602 0.957411303027837
8.66220735785953 0.958556476532973
8.69565217391304 0.959672154349508
8.72909698996656 0.960759027171129
8.76254180602007 0.961817773205094
8.79598662207358 0.962849058192791
8.82943143812709 0.963853535444142
8.8628762541806 0.964831845884933
8.89632107023411 0.965784618116199
8.92976588628762 0.966712468484824
8.96321070234114 0.967616001164549
8.99665551839465 0.968495808246619
9.03010033444816 0.969352469839327
9.06354515050167 0.970186554175757
9.09698996655518 0.970998617729054
9.1304347826087 0.971789205334575
9.16387959866221 0.972558850318312
9.19732441471572 0.973308074631019
9.23076923076923 0.974037388987475
9.26421404682274 0.974747293010376
9.29765886287625 0.975438275378345
9.33110367892977 0.976110813977612
9.36454849498328 0.976765376056901
9.39799331103679 0.977402418385112
9.4314381270903 0.978022387411413
9.46488294314381 0.978625719427354
9.49832775919732 0.97921284073066
9.53177257525084 0.979784167790381
9.56521739130435 0.980340107413073
9.59866220735786 0.980881056909739
9.63210702341137 0.981407404263245
9.66555183946488 0.981919528295967
9.69899665551839 0.982417798837424
9.73244147157191 0.982902576891683
9.76588628762542 0.983374214804335
9.79933110367893 0.983833056428838
9.83277591973244 0.984279437292064
9.86622073578595 0.984713684758883
9.89966555183946 0.98513611819563
9.93311036789298 0.985547049132323
9.96655518394649 0.985946781423506
10 0.986335611407584
