0 0.0136591966693114
0.0334448160535117 0.0140684165924592
0.0668896321070234 0.0144897163534916
0.100334448160535 0.0149234415980485
0.133779264214047 0.0153699471976474
0.167224080267559 0.0158295974552951
0.20066889632107 0.0163027663131037
0.234113712374582 0.0167898375617439
0.267558528428094 0.0172912050515498
0.301003344481605 0.0178072729050747
0.334448160535117 0.018338455730878
0.367892976588629 0.018885178838302
0.40133779264214 0.0194478784529813
0.434782608695652 0.0200270019328019
0.468227424749164 0.0206230079840068
0.501672240802676 0.0212363668771207
0.535117056856187 0.0218675606623402
0.568561872909699 0.0225170833840127
0.602006688963211 0.0231854412937957
0.635451505016722 0.0238731530620626
0.668896321070234 0.02458074998709
0.702341137123746 0.0253087762015291
0.735785953177257 0.0260577888756328
0.769230769230769 0.0268283584166745
0.802675585284281 0.0276210686639589
0.836120401337793 0.0284365170787901
0.869565217391304 0.0292753149287206
0.903010033444816 0.0301380874653679
0.936454849498328 0.0310254740950422
0.969899665551839 0.0319381285413877
1.00334448160535 0.0328767189991937
1.03678929765886 0.0338419282784892
1.07023411371237 0.0348344539379847
1.10367892976589 0.0358550084068806
1.1371237458194 0.0369043190940092
1.17056856187291 0.0379831284832294
1.20401337792642 0.0390921942139406
1.23745819397993 0.0402322891455312
1.27090301003344 0.0414042014045235
1.30434782608696 0.042608734413123
1.33779264214047 0.0438467068978275
1.37123745819398 0.0451189528766955
1.40468227424749 0.046426321623819
1.438127090301 0.0477696776094936
1.47157190635451 0.0491499004145217
1.50501672240803 0.0505678846170334
1.53846153846154 0.0520245396501577
1.57190635451505 0.0535207896288226
1.60535117056856 0.0550575731439171
1.63879598662207 0.0566358430219973
1.67224080267559 0.0582565660486759
1.7056856187291 0.0599207226537907
1.73913043478261 0.06162930655641
1.77257525083612 0.063383324367697
1.80602006688963 0.0651837951496251
1.83946488294314 0.0670317499275107
1.87290969899666 0.0689282311543087
1.90635451505017 0.0708742921246053
1.93979933110368 0.0728709963362325
1.97324414715719 0.0749194167974312
2.0066889632107 0.0770206352775004
2.04013377926421 0.0791757414988872
2.07357859531773 0.0813858322687002
2.10702341137124 0.0836520105476707
2.14046822742475 0.0859753844546355
2.17391304347826 0.0883570662046799
2.20735785953177 0.0907981709791553
2.24080267558528 0.0932998157258794
2.2742474916388 0.0958631178879318
2.30769230769231 0.0984891940595823
2.34113712374582 0.101179158568027
2.37458193979933 0.103934121979765
2.40802675585284 0.106755189530634
2.44147157190635 0.109643459478691
2.47491638795987 0.112600021379384
2.50836120401338 0.115625954282649
2.54180602006689 0.118722324851862
2.5752508361204 0.121890185404828
2.60869565217391 0.125130571877313
2.64214046822742 0.128444501709921
2.67558528428094 0.131832971659497
2.70903010033445 0.135296955536565
2.74247491638796 0.138837401870739
2.77591973244147 0.142455231506434
2.80936454849498 0.146151335131625
2.84280936454849 0.149926570742891
2.87625418060201 0.153781761050414
2.90969899665552 0.157717690827105
2.94314381270903 0.161735104206551
2.97658862876254 0.165834701934952
3.01003344481605 0.170017138582797
3.04347826086956 0.174283019722527
3.07692307692308 0.178632899078995
3.11036789297659 0.183067275660092
3.1438127090301 0.187586590875419
3.17725752508361 0.192191225651483
3.21070234113712 0.196881497552378
3.24414715719064 0.201657657915476
3.27759197324415 0.206519889012141
3.31103678929766 0.211468301243968
3.34448160535117 0.216502930385506
3.37792642140468 0.221623734884876
3.41137123745819 0.22683059323403
3.44481605351171 0.232123301420824
3.47826086956522 0.237501570475299
3.51170568561873 0.242965024122869
3.54515050167224 0.248513196557276
3.57859531772575 0.254145530346303
3.61204013377926 0.259861374483283
3.64548494983278 0.265659982597446
3.67892976588629 0.27154051133601
3.7123745819398 0.277502018930786
3.74581939799331 0.283543463961758
3.77926421404682 0.289663704329776
3.81270903010033 0.295861496450029
3.84615384615385 0.302135494677447
3.87959866220736 0.308484250974509
3.91304347826087 0.314906214831256
3.94648829431438 0.321399733446421
3.97993311036789 0.327963052177739
4.0133779264214 0.334594315268431
4.04682274247492 0.34129156685582
4.08026755852843 0.348052752266819
4.11371237458194 0.354875719603821
4.14715719063545 0.361758221623183
4.18060200668896 0.368697917907119
4.21404682274247 0.375692377328405
4.24749163879599 0.382739080805811
4.2809364548495 0.389835424346678
4.31438127090301 0.396978722371523
4.34782608695652 0.404166211314038
4.38127090301003 0.411395053488292
4.41471571906354 0.418662341213443
4.44816053511706 0.42596510118476
4.48160535117057 0.433300299078326
4.51505016722408 0.440664844375356
4.54849498327759 0.448055595390774
4.5819397993311 0.455469364489403
4.61538461538461 0.46290292347196
4.64882943143813 0.470353009111999
4.68227424749164 0.477816328823968
4.71571906354515 0.485289566441711
4.74916387959866 0.492769388086041
4.78260869565217 0.500252448099436
4.81605351170569 0.507735395025462
4.8494983277592 0.515214877610256
4.88294314381271 0.522687550803226
4.91638795986622 0.530150081734178
4.94983277591973 0.537599155644173
4.98327759197324 0.545031481747783
5.01672240802676 0.552443799004808
5.05016722408027 0.559832881780121
5.08361204013378 0.567195545371045
5.11705685618729 0.574528651382475
5.1505016722408 0.581829112930958
5.18394648829431 0.589093899659994
5.21739130434783 0.596320042550012
5.25083612040134 0.60350463850773
5.28428093645485 0.610644854720942
5.31772575250836 0.617737932766193
5.35117056856187 0.624781192458241
5.38461538461538 0.631772035431716
5.4180602006689 0.638707948446889
5.45150501672241 0.64558650641302
5.48494983277592 0.652405375124272
5.51839464882943 0.659162313704705
5.55183946488294 0.665855176760384
5.58528428093645 0.672481916238077
5.61872909698997 0.679040582991464
5.65217391304348 0.685529328057153
5.68561872909699 0.691946403644094
5.7190635451505 0.698290163841232
5.75250836120401 0.704559065049419
5.78595317725753 0.710751666144674
5.81939799331104 0.716866628380879
5.85284280936455 0.722902715040922
5.88628762541806 0.728858790846111
5.91973244147157 0.734733821134397
5.95317725752508 0.740526870818583
5.9866220735786 0.746237103136233
6.02006688963211 0.751863778203427
6.05351170568562 0.757406251384865
6.08695652173913 0.762863971493088
6.12040133779264 0.76823647882974
6.15384615384615 0.773523403081917
6.18729096989967 0.778724461086629
6.22073578595318 0.783839454476375
6.25418060200669 0.788868267218675
6.2876254180602 0.793810863062226
6.32107023411371 0.798667282902096
6.35451505016722 0.80343764207606
6.38795986622074 0.808122127603839
6.42140468227425 0.8127209953806
6.45484949832776 0.817234567335658
6.48829431438127 0.82166322856684
6.52173913043478 0.826007424460511
6.55518394648829 0.83026765780672
6.58862876254181 0.834444485918425
6.62207357859532 0.838538517763207
6.65551839464883 0.842550411115349
6.68896321070234 0.84648086973558
6.72240802675585 0.850330640585274
6.75585284280936 0.854100511081326
6.78929765886288 0.857791306397387
6.82274247491639 0.861403886816619
6.8561872909699 0.864939145140624
6.88963210702341 0.868398004158668
6.92307692307692 0.871781414180869
6.95652173913043 0.875090350638527
6.98996655518395 0.87832581175432
7.02341137123746 0.881488816284683
7.05685618729097 0.884580401336255
7.09030100334448 0.8876016202579
7.12374581939799 0.890553540609437
7.1571906354515 0.893437242207881
7.19063545150502 0.896253815251661
7.22408026755853 0.899004358522995
7.25752508361204 0.901689977668312
7.29096989966555 0.904311783556364
7.32441471571906 0.906870890713439
7.35785953177257 0.909368415834849
7.39130434782609 0.91180547637172
7.4247491638796 0.914183189191873
7.45819397993311 0.916502669313485
7.49163879598662 0.918765028710053
7.52508361204013 0.920971375185062
7.55852842809364 0.923122811314659
7.59197324414716 0.925220433456547
7.62541806020067 0.927265330823227
7.65886287625418 0.929258584617661
7.69230769230769 0.931201267229377
7.7257525083612 0.933094441488997
7.75919732441471 0.934939159979133
7.79264214046823 0.93673646439961
7.82608695652174 0.938487384984909
7.85953177257525 0.940192939971788
7.89297658862876 0.94185413511499
7.92642140468227 0.943471963249005
7.95986622073579 0.945047403893839
7.9933110367893 0.946581422902789
8.02675585284281 0.948074972150254
8.06020066889632 0.949528989257631
8.09364548494983 0.950944397355407
8.12709030100334 0.952322104879575
8.16053511705686 0.95366300540058
8.19397993311037 0.954967977483
8.22742474916388 0.956237884574281
8.26086956521739 0.957473574920833
8.2943143812709 0.958675881509889
8.32775919732441 0.959845622035559
8.36120401337793 0.960983598887588
8.39464882943144 0.962090599161353
8.42809364548495 0.963167394687705
8.46153846153846 0.964214742081326
8.49498327759197 0.965233382806297
8.52842809364548 0.966224043257654
8.561872909699 0.967187434857744
8.59531772575251 0.968124254166255
8.62876254180602 0.969035183002842
8.66220735785953 0.969920888581319
8.69565217391304 0.970782023654435
8.72909698996656 0.971619226668309
8.76254180602007 0.972433121925641
8.79598662207358 0.973224319756841
8.82943143812709 0.97399341669831
8.8628762541806 0.974740995677092
8.89632107023411 0.975467626201208
8.92976588628762 0.976173864554978
8.96321070234114 0.97686025399872
8.99665551839465 0.977527324972212
9.03010033444816 0.97817559530136
9.06354515050167 0.978805570407555
9.09698996655518 0.979417743519209
9.1304347826087 0.980012595885015
9.16387959866221 0.980590596988503
9.19732441471572 0.981152204763476
9.23076923076923 0.981697865809957
9.26421404682274 0.982228015610299
9.29765886287625 0.982743078745118
9.33110367892977 0.983243469108762
9.36454849498328 0.983729590124034
9.39799331103679 0.984201834955897
9.4314381270903 0.984660586723942
9.46488294314381 0.985106218713387
9.49832775919732 0.985539094584412
9.53177257525084 0.985959568579644
9.56521739130435 0.986367985729628
9.59866220735786 0.986764682056132
9.63210702341137 0.987149984773142
9.66555183946488 0.987524212485439
9.69899665551839 0.987887675384626
9.73244147157191 0.988240675442531
9.76588628762542 0.988583506601874
9.79933110367893 0.988916454964147
9.83277591973244 0.989239798974616
9.86622073578595 0.989553809604406
9.89966555183946 0.989858750529613
9.93311036789298 0.990154878307409
9.96655518394649 0.990442442549093
10 0.990721686090085
