0 0.0176717377353632
0.0334448160535117 0.018212330593025
0.0668896321070234 0.0187691446542895
0.100334448160535 0.019342647058668
0.133779264214047 0.0199333171837106
0.167224080267559 0.0205416468895066
0.20066889632107 0.0211681407630455
0.234113712374582 0.0218133163620269
0.267558528428094 0.0224777044576725
0.301003344481605 0.0231618492760614
0.334448160535117 0.0238663087374761
0.367892976588629 0.0245916546932071
0.40133779264214 0.0253384731592292
0.434782608695652 0.0261073645461208
0.468227424749164 0.0268989438845556
0.501672240802676 0.0277138410456529
0.535117056856187 0.0285527009554302
0.568561872909699 0.0294161838025486
0.602006688963211 0.0303049652385011
0.635451505016722 0.0312197365693349
0.668896321070234 0.0321612049379536
0.702341137123746 0.0331300934959873
0.735785953177257 0.0341271415641633
0.769230769230769 0.0351531047800554
0.802675585284281 0.0362087552320275
0.836120401337793 0.0372948815781299
0.869565217391304 0.0384122891486439
0.903010033444816 0.0395618000309081
0.936454849498328 0.0407442531349938
0.969899665551839 0.0419605042387365
1.00334448160535 0.0432114260105606
1.03678929765886 0.0444979080084711
1.07023411371237 0.0458208566535178
1.10367892976589 0.0471811951759737
1.1371237458194 0.0485798635324019
1.17056856187291 0.0500178182917176
1.20401337792642 0.0514960324882932
1.23745819397993 0.0530154954400856
1.27090301003344 0.0545772125297068
1.30434782608696 0.0561822049462992
1.33779264214047 0.0578315093860216
1.37123745819398 0.0595261777088978
1.40468227424749 0.0612672765497326
1.438127090301 0.0630558868807549
1.47157190635451 0.0648931035236101
1.50501672240803 0.066780034608289
1.53846153846154 0.0687178009765582
1.57190635451505 0.070707535527435
1.60535117056856 0.0727503825022439
1.63879598662207 0.0748474967067878
1.67224080267559 0.0770000426681821
1.7056856187291 0.0792091937239165
1.73913043478261 0.0814761310407471
1.77257525083612 0.0838020425610689
1.80602006688963 0.0861881218744776
1.83946488294314 0.088635567012312
1.87290969899666 0.0911455791630618
1.90635451505017 0.0937193613066342
1.93979933110368 0.0963581167656123
1.97324414715719 0.099063047671783
2.0066889632107 0.101835353346389
2.04013377926421 0.104676228592754
2.07357859531773 0.107586861900155
2.10702341137124 0.11056843355804
2.14046822742475 0.113622113679991
2.17391304347826 0.116749060137089
2.20735785953177 0.119950416400688
2.24080267558528 0.123227309294937
2.2742474916388 0.126580846659777
2.30769230769231 0.130012114925526
2.34113712374582 0.133522176600618
2.37458193979933 0.137112067674505
2.40802675585284 0.140782794938218
2.44147157190635 0.144535333225616
2.47491638795987 0.148370622578853
2.50836120401338 0.152289565342197
2.54180602006689 0.156293023188885
2.5752508361204 0.160381814086331
2.60869565217391 0.164556709205604
2.64214046822742 0.168818429781755
2.67558528428094 0.173167643932214
2.70903010033445 0.177604963441132
2.74247491638796 0.18213094051823
2.77591973244147 0.186746064541367
2.80936454849498 0.191450758792714
2.84280936454849 0.196245377199073
2.87625418060201 0.201130201087528
2.90969899665552 0.206105435968226
2.94314381270903 0.211171208356695
2.97658862876254 0.216327562648671
3.01003344481605 0.221574458060907
3.04347826086956 0.226911765651964
3.07692307692308 0.232339265437365
3.11036789297659 0.23785664361388
3.1438127090301 0.243463489908029
3.17725752508361 0.249159295064082
3.21070234113712 0.254943448487011
3.24414715719064 0.260815236055901
3.27759197324415 0.266773838123292
3.31103678929766 0.2728183277158
3.34448160535117 0.278947668951119
3.37792642140468 0.285160715686186
3.41137123745819 0.291456210410795
3.44481605351171 0.297832783400435
3.47826086956522 0.304288952141376
3.51170568561873 0.310823121040268
3.54515050167224 0.317433581429586
3.57859531772575 0.32411851187918
3.61204013377926 0.330875978823098
3.64548494983278 0.337703937509527
3.67892976588629 0.344600233280357
3.7123745819398 0.351562603185417
3.74581939799331 0.358588677934838
3.77926421404682 0.365675984191398
3.81270903010033 0.372821947202966
3.84615384615385 0.380023893773415
3.87959866220736 0.387279055568535
3.91304347826087 0.394584572751646
3.94648829431438 0.401937497941729
3.97993311036789 0.409334800485044
4.0133779264214 0.416773371029304
4.04682274247492 0.424250026387696
4.08026755852843 0.431761514678203
4.11371237458194 0.439304520721991
4.14715719063545 0.44687567168297
4.18060200668896 0.454471542929061
4.21404682274247 0.462088664094298
4.24749163879599 0.469723525319524
4.2809364548495 0.477372583648283
4.31438127090301 0.48503226955345
4.34782608695652 0.492698993569279
4.38127090301003 0.500369153002808
4.41471571906354 0.508039138698034
4.44816053511706 0.515705341825913
4.48160535117057 0.523364160673047
4.51505016722408 0.531012007401953
4.54849498327759 0.538645314755977
4.5819397993311 0.546260542682317
4.61538461538461 0.55385418484716
4.64882943143813 0.561422775017683
4.68227424749164 0.568962893286564
4.71571906354515 0.576471172115691
4.74916387959866 0.583944302176987
4.78260869565217 0.591379037969571
4.81605351170569 0.598772203193967
4.8494983277592 0.606120695865611
4.88294314381271 0.613421493151569
4.91638795986622 0.620671655916124
4.94983277591973 0.62786833296266
4.98327759197324 0.635008764961114
5.01672240802676 0.642090288052143
5.05016722408027 0.649110337120991
5.08361204013378 0.656066448735944
5.11705685618729 0.662956263748083
5.1505016722408 0.669777529550874
5.18394648829431 0.676528101999878
5.21739130434783 0.683205946994598
5.25083612040134 0.689809141726076
5.28428093645485 0.696335875595426
5.31772575250836 0.702784450809947
5.35117056856187 0.7091532826648
5.38461538461538 0.715440899519508
5.4180602006689 0.72164594247966
5.45150501672241 0.727767164795255
5.48494983277592 0.733803430988002
5.51839464882943 0.739753715720705
5.55183946488294 0.745617102422549
5.58528428093645 0.751392781684625
5.61872909698997 0.757080049440516
5.65217391304348 0.762678304947074
5.68561872909699 0.768187048580747
5.7190635451505 0.773605879464949
5.75250836120401 0.778934492943956
5.78595317725753 0.784172677918796
5.81939799331104 0.789320314060374
5.85284280936455 0.794377368914914
5.88628762541806 0.799343894916421
5.91973244147157 0.804220026320551
5.95317725752508 0.809005976073794
5.9866220735786 0.81370203263144
6.02006688963211 0.818308556737213
6.05351170568562 0.822825978176946
6.08695652173913 0.82725479251802
6.12040133779264 0.831595557845713
6.15384615384615 0.835848891506907
6.18729096989967 0.840015466871007
6.22073578595318 0.844096010117197
6.25418060200669 0.84809129705654
6.2876254180602 0.852002149996733
6.32107023411371 0.855829434656672
6.35451505016722 0.85957405713735
6.38795986622074 0.863236960954931
6.42140468227425 0.866819124141273
6.45484949832776 0.87032155641652
6.48829431438127 0.873745296437836
6.52173913043478 0.877091409127773
6.55518394648829 0.880360983085232
6.58862876254181 0.883555128081488
6.62207357859532 0.88667497264322
6.65551839464883 0.889721661724079
6.68896321070234 0.89269635446588
6.72240802675585 0.895600222050079
6.75585284280936 0.898434445639869
6.78929765886288 0.901200214412842
6.82274247491639 0.903898723683877
6.8561872909699 0.90653117311759
6.88963210702341 0.909098765029447
6.92307692307692 0.911602702774385
6.95652173913043 0.914044189221565
6.98996655518395 0.916424425313695
7.02341137123746 0.918744608709192
7.05685618729097 0.921005932505294
7.09030100334448 0.923209584040113
7.12374581939799 0.925356743771489
7.1571906354515 0.927448584230447
7.19063545150502 0.929486269046947
7.22408026755853 0.931470952045572
7.25752508361204 0.933403776408755
7.29096989966555 0.935285873905115
7.32441471571906 0.937118364180432
7.35785953177257 0.938902354108809
7.39130434782609 0.94063893720155
7.4247491638796 0.942329193071303
7.45819397993311 0.943974186949029
7.49163879598662 0.9455749692514
7.52508361204013 0.947132575196231
7.55852842809364 0.948648024463632
7.59197324414716 0.95012232090057
7.62541806020067 0.951556452266619
7.65886287625418 0.952951390018681
7.69230769230769 0.954308089132577
7.7257525083612 0.955627487959404
7.75919732441471 0.956910508114672
7.79264214046823 0.958158054398247
7.82608695652174 0.95937101474324
7.85953177257525 0.960550260192003
7.89297658862876 0.961696644897483
7.92642140468227 0.962811006148258
7.95986622073579 0.96389416441562
7.9933110367893 0.96494692342116
8.02675585284281 0.965970070223358
8.06020066889632 0.966964375321763
8.09364548494983 0.967930592777391
8.12709030100334 0.968869460348051
8.16053511705686 0.969781699637359
8.19397993311037 0.970668016256268
8.22742474916388 0.971529099995978
8.26086956521739 0.972365625011201
8.2943143812709 0.973178250012726
8.32775919732441 0.973967618468383
8.36120401337793 0.974734358811463
8.39464882943144 0.975479084655781
8.42809364548495 0.976202395016544
8.46153846153846 0.976904874536305
8.49498327759197 0.977587093715271
8.52842809364548 0.978249609145309
8.561872909699 0.978892963747015
8.59531772575251 0.979517687009281
8.62876254180602 0.980124295230789
8.66220735785953 0.980713291762943
8.69565217391304 0.98128516725375
8.72909698996656 0.98184039989221
8.76254180602007 0.982379455652811
8.79598662207358 0.982902788539737
8.82943143812709 0.983410840830452
8.8628762541806 0.983904043318311
8.89632107023411 0.984382815553925
8.92976588628762 0.984847566084989
8.96321070234114 0.98529869269432
8.99665551839465 0.985736582635884
9.03010033444816 0.986161612868592
9.06354515050167 0.986574150287683
9.09698996655518 0.986974551953515
9.1304347826087 0.987363165317612
9.16387959866221 0.987740328445832
9.19732441471572 0.988106370238521
9.23076923076923 0.988461610647554
9.26421404682274 0.988806360890171
9.29765886287625 0.989140923659502
9.33110367892977 0.989465593331741
9.36454849498328 0.989780656169877
9.39799331103679 0.990086390523961
9.4314381270903 0.990383067027839
9.46488294314381 0.99067094879234
9.49832775919732 0.990950291594889
9.53177257525084 0.991221344065523
9.56521739130435 0.991484347869304
9.59866220735786 0.991739537885135
9.63210702341137 0.991987142380963
9.66555183946488 0.992227383185399
9.69899665551839 0.992460475855748
9.73244147157191 0.99268662984249
9.76588628762542 0.992906048650212
9.79933110367893 0.993118929995037
9.83277591973244 0.993325465958565
9.86622073578595 0.99352584313837
9.89966555183946 0.993720242795085
9.93311036789298 0.993908840996112
9.96655518394649 0.994091808756004
10 0.994269312173558
