0 0.0102671076761348
0.0334448160535117 0.0105959579738847
0.0668896321070234 0.0109352248067976
0.100334448160535 0.0112852305573923
0.133779264214047 0.011646307093828
0.167224080267559 0.012018796016866
0.20066889632107 0.0124030489111099
0.234113712374582 0.0127994276004396
0.267558528428094 0.0132083044075408
0.301003344481605 0.0136300624174169
0.334448160535117 0.0140650957447499
0.367892976588629 0.0145138098049602
0.40133779264214 0.014976621588796
0.434782608695652 0.0154539599402596
0.468227424749164 0.0159462658376568
0.501672240802676 0.016453992677532
0.535117056856187 0.016977606561224
0.568561872909699 0.0175175865837519
0.602006688963211 0.0180744251247116
0.635451505016722 0.0186486281408318
0.668896321070234 0.019240715459806
0.702341137123746 0.0198512210749847
0.735785953177257 0.0204806934404716
0.769230769230769 0.021129695766134
0.802675585284281 0.0217988063119941
0.836120401337793 0.0224886186814255
0.869565217391304 0.0231997421125371
0.903010033444816 0.0239328017670751
0.936454849498328 0.0246884390161298
0.969899665551839 0.0254673117218775
1.00334448160535 0.0262700945145365
1.03678929765886 0.0270974790636585
1.07023411371237 0.0279501743428194
1.10367892976589 0.0288289068867089
1.1371237458194 0.0297344210395572
1.17056856187291 0.03066747919377
1.20401337792642 0.0316288620175729
1.23745819397993 0.0326193686703969
1.27090301003344 0.0336398170046611
1.30434782608696 0.0346910437525336
1.33779264214047 0.0357739046961743
1.37123745819398 0.036889274819881
1.40468227424749 0.0380380484424795
1.438127090301 0.0392211393282136
1.47157190635451 0.0404394807743049
1.50501672240803 0.0416940256732668
1.53846153846154 0.0429857465479662
1.57190635451505 0.044315635557341
1.60535117056856 0.0456847044705874
1.63879598662207 0.0470939846075461
1.67224080267559 0.048544526742924
1.7056856187291 0.0500374009719006
1.73913043478261 0.0515736965345816
1.77257525083612 0.0531545215966757
1.80602006688963 0.0547810029836889
1.83946488294314 0.0564542858658515
1.87290969899666 0.0581755333909157
1.90635451505017 0.0599459262618927
1.93979933110368 0.0617666622567329
1.97324414715719 0.0636389556868939
2.0066889632107 0.0655640367916904
2.04013377926421 0.0675431510652792
2.07357859531773 0.0695775585130989
2.10702341137124 0.0716685328345647
2.14046822742475 0.073817360528808
2.17391304347826 0.0760253399202598
2.20735785953177 0.0782937801008914
2.24080267558528 0.0806239997859704
2.2742474916388 0.0830173260802377
2.30769230769231 0.0854750931514938
2.34113712374582 0.0879986408086728
2.37458193979933 0.0905893129816061
2.40802675585284 0.0932484560998206
2.44147157190635 0.095977417367885
2.47491638795987 0.0987775429350199
2.50836120401338 0.101650175956911
2.54180602006689 0.104596654547926
2.5752508361204 0.107618309622224
2.60869565217391 0.110716462622584
2.64214046822742 0.113892423136111
2.67558528428094 0.117147486396415
2.70903010033445 0.120482930672259
2.74247491638796 0.123900014543157
2.77591973244147 0.127399974062921
2.80936454849498 0.130984019812694
2.84280936454849 0.134653333845606
2.87625418060201 0.138409066525805
2.90969899665552 0.142252333265292
2.94314381270903 0.146184211162697
2.97658862876254 0.150205735548841
3.01003344481605 0.154317896444745
3.04347826086956 0.158521634938503
3.07692307692308 0.162817839488309
3.11036789297659 0.167207342159739
3.1438127090301 0.171690914806304
3.17725752508361 0.17626926520315
3.21070234113712 0.180943033144686
3.24414715719064 0.185712786517846
3.27759197324415 0.19057901736355
3.31103678929766 0.195542137939864
3.34448160535117 0.200602476801206
3.37792642140468 0.20576027490879
3.41137123745819 0.21101568178834
3.44481605351171 0.21636875175184
3.47826086956522 0.221819440200834
3.51170568561873 0.227367600029424
3.54515050167224 0.233012978145692
3.57859531772575 0.238755212130797
3.61204013377926 0.244593827055353
3.64548494983278 0.250528232473044
3.67892976588629 0.256557719611575
3.7123745819398 0.262681458781154
3.74581939799331 0.268898497020602
3.77926421404682 0.275207756001003
3.81270903010033 0.281608030206435
3.84615384615385 0.288097985410804
3.87959866220736 0.294676157469171
3.91304347826087 0.30134095144107
3.94648829431438 0.308090641062385
3.97993311036789 0.314923368581127
4.0133779264214 0.321837144971182
4.04682274247492 0.328829850536568
4.08026755852843 0.335899235917112
4.11371237458194 0.343042923504673
4.14715719063545 0.350258409277064
4.18060200668896 0.357543065054802
4.21404682274247 0.364894141183586
4.24749163879599 0.372308769643148
4.2809364548495 0.379783967580719
4.31438127090301 0.387316641264922
4.34782608695652 0.394903590453404
4.38127090301003 0.402541513165001
4.41471571906354 0.41022701084468
4.44816053511706 0.417956593907032
4.48160535117057 0.42572668764157
4.51505016722408 0.433533638460721
4.54849498327759 0.44137372046905
4.5819397993311 0.449243142330069
4.61538461538461 0.457138054404896
4.64882943143813 0.465054556135132
4.68227424749164 0.472988703640542
4.71571906354515 0.480936517500646
4.74916387959866 0.488893990687925
4.78260869565217 0.496857096619283
4.81605351170569 0.504821797291527
4.8494983277592 0.51278405146601
4.88294314381271 0.520739822867212
4.91638795986622 0.528685088359935
4.94983277591973 0.536615846069959
4.98327759197324 0.544528123413398
5.01672240802676 0.552417985000689
5.05016722408027 0.56028154038205
5.08361204013378 0.568114951602414
5.11705685618729 0.575914440535208
5.1505016722408 0.583676295965945
5.18394648829431 0.591396880398371
5.21739130434783 0.599072636557878
5.25083612040134 0.606700093568953
5.28428093645485 0.614275872785728
5.31772575250836 0.621796693256973
5.35117056856187 0.629259376809353
5.38461538461538 0.636660852735204
5.4180602006689 0.643998162073626
5.45150501672241 0.651268461476231
5.48494983277592 0.658469026651354
5.51839464882943 0.665597255383101
5.55183946488294 0.672650670123945
5.58528428093645 0.679626920162026
5.61872909698997 0.686523783366532
5.65217391304348 0.693339167516705
5.68561872909699 0.700071111222087
5.7190635451505 0.706717784443488
5.75250836120401 0.713277488625962
5.78595317725753 0.719748656456659
5.81939799331104 0.726129851261903
5.85284280936455 0.732419766059119
5.88628762541806 0.738617222280371
5.91973244147157 0.74472116818523
5.95317725752508 0.75073067698149
5.9866220735786 0.75664494467289
6.02006688963211 0.762463287653467
6.05351170568562 0.768185140068506
6.08695652173913 0.77381005096221
6.12040133779264 0.779337681232291
6.15384615384615 0.78476780041154
6.18729096989967 0.790100283296279
6.22073578595318 0.795335106441238
6.25418060200669 0.800472344539997
6.2876254180602 0.805512166709602
6.32107023411371 0.81045483269739
6.35451505016722 0.815300689027361
6.38795986622074 0.820050165102737
6.42140468227425 0.824703769280544
6.45484949832776 0.829262084933251
6.48829431438127 0.833725766511633
6.52173913043478 0.838095535622139
6.55518394648829 0.842372177131195
6.58862876254181 0.846556535307909
6.62207357859532 0.850649510015786
6.65551839464883 0.854652052963159
6.68896321070234 0.858565164021127
6.72240802675585 0.862389887616963
6.75585284280936 0.866127309210064
6.78929765886288 0.869778551856725
6.82274247491639 0.873344772869206
6.8561872909699 0.876827160573788
6.88963210702341 0.880226931171808
6.92307692307692 0.883545325706957
6.95652173913043 0.886783607141449
6.98996655518395 0.889943057543079
7.02341137123746 0.893024975384587
7.05685618729097 0.89603067295622
7.09030100334448 0.898961473891848
7.12374581939799 0.901818710808574
7.1571906354515 0.904603723059306
7.19063545150502 0.907317854597404
7.22408026755853 0.909962451952128
7.25752508361204 0.912538862313342
7.29096989966555 0.915048431723587
7.32441471571906 0.917492503375434
7.35785953177257 0.919872416011777
7.39130434782609 0.922189502426553
7.4247491638796 0.924445088063177
7.45819397993311 0.926640489707902
7.49163879598662 0.928777014275127
7.52508361204013 0.930855957681646
7.55852842809364 0.932878603806722
7.59197324414716 0.934846223534827
7.62541806020067 0.93676007387788
7.65886287625418 0.938621397173744
7.69230769230769 0.94043142035781
7.7257525083612 0.942191354304441
7.75919732441471 0.943902393235126
7.79264214046823 0.945565714190178
7.82608695652174 0.947182476560914
7.85953177257525 0.948753821679241
7.89297658862876 0.950280872461683
7.92642140468227 0.951764733104935
7.95986622073579 0.953206488830079
7.9933110367893 0.954607205672713
8.02675585284281 0.955967930316297
8.06020066889632 0.957289689966105
8.09364548494983 0.958573492261273
8.12709030100334 0.959820325222504
8.16053511705686 0.961031157233085
8.19397993311037 0.962206937050973
8.22742474916388 0.963348593849771
8.26086956521739 0.964457037286527
8.2943143812709 0.965533157594367
8.32775919732441 0.966577825698072
8.36120401337793 0.967591893350767
8.39464882943144 0.968576193290025
8.42809364548495 0.969531539411715
8.46153846153846 0.970458726960053
8.49498327759197 0.971358532732367
8.52842809364548 0.972231715297178
8.561872909699 0.973079015224263
8.59531772575251 0.97390115532545
8.62876254180602 0.974698840904964
8.66220735785953 0.975472760018206
8.69565217391304 0.976223583737915
8.72909698996656 0.976951966426728
8.76254180602007 0.977658546015221
8.79598662207358 0.978343944284546
8.82943143812709 0.97900876715288
8.8628762541806 0.979653604964903
8.89632107023411 0.980279032783622
8.92976588628762 0.980885610683868
8.96321070234114 0.981473884046861
8.99665551839465 0.982044383855286
9.03010033444816 0.982597626988343
9.06354515050167 0.98313411651629
9.09698996655518 0.983654341994044
9.1304347826087 0.984158779753418
9.16387959866221 0.984647893193618
9.19732441471572 0.985122133069667
9.23076923076923 0.985581937778431
9.26421404682274 0.986027733641965
9.29765886287625 0.986459935187924
9.33110367892977 0.986878945426804
9.36454849498328 0.987285156125802
9.39799331103679 0.987678948079107
9.4314381270903 0.988060691374466
9.46488294314381 0.988430745655863
9.49832775919732 0.988789460382196
9.53177257525084 0.989137175081835
9.56521739130435 0.989474219602965
9.59866220735786 0.989800914359637
9.63210702341137 0.990117570573462
9.66555183946488 0.99042449051089
9.69899665551839 0.990721967716031
9.73244147157191 0.991010287238999
9.76588628762542 0.991289725859745
9.79933110367893 0.991560552307376
9.83277591973244 0.991823027474955
9.86622073578595 0.992077404629789
9.89966555183946 0.99232392961922
9.93311036789298 0.992562841071934
9.96655518394649 0.99279437059482
10 0.993018742965403
