0 0.019614064892442
0.0334448160535117 0.0201283628470674
0.0668896321070234 0.0206558620201499
0.100334448160535 0.0211968861914311
0.133779264214047 0.0217517662825692
0.167224080267559 0.0223208404717547
0.20066889632107 0.0229044543077179
0.234113712374582 0.0235029608229489
0.267558528428094 0.0241167206459391
0.301003344481605 0.0247461021122433
0.334448160535117 0.0253914813741486
0.367892976588629 0.0260532425087244
0.40133779264214 0.0267317776240143
0.434782608695652 0.0274274869631191
0.468227424749164 0.0281407790059052
0.501672240802676 0.0288720705680588
0.535117056856187 0.0296217868971917
0.568561872909699 0.0303903617656907
0.602006688963211 0.0311782375599842
0.635451505016722 0.0319858653658882
0.668896321070234 0.0328137050496718
0.702341137123746 0.0336622253344718
0.735785953177257 0.0345319038716634
0.769230769230769 0.0354232273067789
0.802675585284281 0.0363366913395499
0.836120401337793 0.037272800777625
0.869565217391304 0.0382320695835037
0.903010033444816 0.0392150209141995
0.936454849498328 0.0402221871531355
0.969899665551839 0.0412541099337464
1.00334448160535 0.0423113401542505
1.03678929765886 0.0433944379830279
1.07023411371237 0.0445039728540259
1.10367892976589 0.0456405234515898
1.1371237458194 0.0468046776841005
1.17056856187291 0.0479970326457761
1.20401337792642 0.0492181945659791
1.23745819397993 0.050468778745349
1.27090301003344 0.051749409478062
1.30434782608696 0.0530607199594994
1.33779264214047 0.0544033521785913
1.37123745819398 0.0557779567940801
1.40468227424749 0.0571851929939364
1.438127090301 0.05862572833714
1.47157190635451 0.0601002385770269
1.50501672240803 0.0616094074653877
1.53846153846154 0.0631539265364908
1.57190635451505 0.0647344948701948
1.60535117056856 0.0663518188333009
1.63879598662207 0.0680066117982953
1.67224080267559 0.0696995938386191
1.7056856187291 0.0714314913996059
1.73913043478261 0.0732030369442231
1.77257525083612 0.0750149685727564
1.80602006688963 0.076868029615581
1.83946488294314 0.0787629681981711
1.87290969899666 0.0807005367775105
1.90635451505017 0.0826814916490822
1.93979933110368 0.0847065924236315
1.97324414715719 0.0867766014729225
2.0066889632107 0.0888922833437316
2.04013377926421 0.0910544041393553
2.07357859531773 0.0932637308679444
2.10702341137124 0.0955210307570179
2.14046822742475 0.0978270705335565
2.17391304347826 0.100182615669128
2.20735785953177 0.102588429589553
2.24080267558528 0.105045272848687
2.2742474916388 0.107553902265954
2.30769230769231 0.110115070027365
2.34113712374582 0.112729522749807
2.37458193979933 0.115398000508506
2.40802675585284 0.118121235827653
2.44147157190635 0.120899952634273
2.47491638795987 0.123734865175552
2.50836120401338 0.126626676899941
2.54180602006689 0.129576079302478
2.5752508361204 0.132583750734906
2.60869565217391 0.135650355181313
2.64214046822742 0.138776541000151
2.67558528428094 0.141962939633652
2.70903010033445 0.145210164285819
2.74247491638796 0.148518808570345
2.77591973244147 0.15188944512996
2.80936454849498 0.155322624228916
2.84280936454849 0.158818872320482
2.87625418060201 0.162378690591519
2.90969899665552 0.166002553486388
2.94314381270903 0.169690907212653
2.97658862876254 0.173444168231229
3.01003344481605 0.177262721733828
3.04347826086956 0.181146920110766
3.07692307692308 0.185097081412365
3.11036789297659 0.189113487807443
3.1438127090301 0.193196384042506
3.17725752508361 0.197345975905526
3.21070234113712 0.201562428698314
3.24414715719064 0.205845865721741
3.27759197324415 0.210196366778176
3.31103678929766 0.214613966695734
3.34448160535117 0.219098653879044
3.37792642140468 0.223650368891405
3.41137123745819 0.228269003073347
3.44481605351171 0.232954397202698
3.47826086956522 0.237706340201396
3.51170568561873 0.242524567894325
3.54515050167224 0.247408761825569
3.57859531772575 0.252358548137464
3.61204013377926 0.25737349651789
3.64548494983278 0.26245311922123
3.67892976588629 0.267596870168365
3.7123745819398 0.272804144131067
3.74581939799331 0.278074276006025
3.77926421404682 0.283406540183648
3.81270903010033 0.288800150016642
3.84615384615385 0.294254257393192
3.87959866220736 0.29976795241936
3.91304347826087 0.305340263215114
3.94648829431438 0.310970155828086
3.97993311036789 0.316656534268923
4.0133779264214 0.322398240671724
4.04682274247492 0.328194055582736
4.08026755852843 0.334042698380066
4.11371237458194 0.339942827826802
4.14715719063545 0.345893042759467
4.18060200668896 0.351891882913268
4.21404682274247 0.357937829885168
4.24749163879599 0.364029308235233
4.2809364548495 0.370164686726273
4.31438127090301 0.376342279701176
4.34782608695652 0.382560348596868
4.38127090301003 0.388817103593205
4.41471571906354 0.39511070539461
4.44816053511706 0.401439267141633
4.48160535117057 0.407800856449115
4.51505016722408 0.41419349756704
4.54849498327759 0.420615173659603
4.5819397993311 0.427063829197519
4.61538461538461 0.433537372458031
4.64882943143813 0.44003367812661
4.68227424749164 0.446550589993819
4.71571906354515 0.453085923740384
4.74916387959866 0.459637469803087
4.78260869565217 0.466202996313673
4.81605351170569 0.472780252102638
4.8494983277592 0.479366969759421
4.88294314381271 0.485960868740246
4.91638795986622 0.49255965851463
4.94983277591973 0.49916104174136
4.98327759197324 0.505762717464605
5.01672240802676 0.512362384320736
5.05016722408027 0.518957743746347
5.08361204013378 0.525546503177989
5.11705685618729 0.532126379234154
5.1505016722408 0.53869510087015
5.18394648829431 0.545250412496629
5.21739130434783 0.551790077052732
5.25083612040134 0.558311879025024
5.28428093645485 0.564813627403681
5.31772575250836 0.571293158567689
5.35117056856187 0.577748339091176
5.38461538461538 0.58417706846337
5.4180602006689 0.590577281715124
5.45150501672241 0.596946951945355
5.48494983277592 0.603284092741275
5.51839464882943 0.609586760486731
5.55183946488294 0.615853056553548
5.58528428093645 0.622081129371264
5.61872909698997 0.628269176371212
5.65217391304348 0.634415445801459
5.68561872909699 0.640518238409675
5.7190635451505 0.646575908991556
5.75250836120401 0.65258686780302
5.78595317725753 0.658549581834912
5.81939799331104 0.664462575949522
5.85284280936455 0.670324433878774
5.88628762541806 0.676133799084435
5.91973244147157 0.681889375481206
5.95317725752508 0.687589928024077
5.9866220735786 0.693234283161739
6.02006688963211 0.69882132915833
6.05351170568562 0.704350016286185
6.08695652173913 0.709819356892657
6.12040133779264 0.715228425344432
6.15384615384615 0.720576357853094
6.18729096989967 0.725862352186
6.22073578595318 0.731085667266788
6.25418060200669 0.736245622670094
6.2876254180602 0.741341598015239
6.32107023411371 0.74637303226387
6.35451505016722 0.751339422926629
6.38795986622074 0.756240325184108
6.42140468227425 0.761075350927374
6.45484949832776 0.765844167723479
6.48829431438127 0.770546497711338
6.52173913043478 0.775182116433429
6.55518394648829 0.779750851608714
6.58862876254181 0.784252581852166
6.62207357859532 0.788687235346219
6.65551839464883 0.793054788469385
6.68896321070234 0.797355264387191
6.72240802675585 0.801588731610449
6.75585284280936 0.805755302525798
6.78929765886288 0.809855131903239
6.82274247491639 0.813888415385314
6.8561872909699 0.817855387962331
6.88963210702341 0.821756322437941
6.92307692307692 0.825591527889123
6.95652173913043 0.829361348124496
6.98996655518395 0.833066160144644
7.02341137123746 0.836706372607984
7.05685618729097 0.84028242430546
7.09030100334448 0.843794782647187
7.12374581939799 0.847243942163936
7.1571906354515 0.850630423026182
7.19063545150502 0.853954769583202
7.22408026755853 0.857217548924538
7.25752508361204 0.860419349465948
7.29096989966555 0.863560779561758
7.32441471571906 0.866642466145368
7.35785953177257 0.869665053399466
7.39130434782609 0.872629201457339
7.4247491638796 0.875535585136504
7.45819397993311 0.878384892705713
7.49163879598662 0.881177824686235
7.52508361204013 0.883915092688175
7.55852842809364 0.88659741828243
7.59197324414716 0.889225531908776
7.62541806020067 0.891800171820429
7.65886287625418 0.894322083065315
7.69230769230769 0.896792016504164
7.7257525083612 0.899210727865452
7.75919732441471 0.901578976837094
7.79264214046823 0.903897526194724
7.82608695652174 0.906167140966296
7.85953177257525 0.908388587632664
7.89297658862876 0.910562633363741
7.92642140468227 0.912690045289758
7.95986622073579 0.914771589807077
7.9933110367893 0.916808031917998
8.02675585284281 0.918800134603894
8.06020066889632 0.920748658231014
8.09364548494983 0.922654359988243
8.12709030100334 0.924517993356051
8.16053511705686 0.926340307605883
8.19397993311037 0.92812204732916
8.22742474916388 0.929863951995109
8.26086956521739 0.931566755536551
8.2943143812709 0.93323118596283
8.32775919732441 0.93485796499901
8.36120401337793 0.936447807750496
8.39464882943144 0.938001422392195
8.42809364548495 0.939519509881379
8.46153846153846 0.94100276369337
8.49498327759197 0.942451869579205
8.52842809364548 0.94386750534442
8.561872909699 0.945250340648129
8.59531772575251 0.946601036821552
8.62876254180602 0.947920246705195
8.66220735785953 0.94920861450385
8.69565217391304 0.950466775658656
8.72909698996656 0.951695356735427
8.76254180602007 0.952894975328494
8.79598662207358 0.954066239979326
8.82943143812709 0.955209750109204
8.8628762541806 0.956326095965246
8.89632107023411 0.957415858579094
8.92976588628762 0.958479609737605
8.96321070234114 0.959517911964901
8.99665551839465 0.960531318515139
9.03010033444816 0.961520373375412
9.06354515050167 0.962485611278189
9.09698996655518 0.963427557722724
9.1304347826087 0.964346729004894
9.16387959866221 0.965243632254936
9.19732441471572 0.966118765482578
9.23076923076923 0.966972617629081
9.26421404682274 0.967805668625713
9.29765886287625 0.968618389458217
9.33110367892977 0.969411242236835
9.36454849498328 0.970184680271479
9.39799331103679 0.970939148151651
9.4314381270903 0.971675081830732
9.46488294314381 0.97239290871429
9.49832775919732 0.973093047752047
9.53177257525084 0.973775909533188
9.56521739130435 0.974441896384695
9.59866220735786 0.975091402472407
9.63210702341137 0.975724813904523
9.66555183946488 0.976342508837288
9.69899665551839 0.976944857582588
9.73244147157191 0.977532222717234
9.76588628762542 0.978104959193687
9.79933110367893 0.978663414452021
9.83277591973244 0.979207928532913
9.86622073578595 0.979738834191469
9.89966555183946 0.980256457011696
9.93311036789298 0.980761115521469
9.96655518394649 0.981253121307804
10 0.981732779132309
