0 0.0125020341016445
0.0334448160535117 0.0128697744205187
0.0668896321070234 0.0132481864963004
0.100334448160535 0.0136375713671457
0.133779264214047 0.0140382380473731
0.167224080267559 0.0144505037078377
0.20066889632107 0.0148746938584671
0.234113712374582 0.0153111425328506
0.267558528428094 0.0157601924747617
0.301003344481605 0.0162221953264826
0.334448160535117 0.016697511818785
0.367892976588629 0.0171865119624082
0.40133779264214 0.0176895752408611
0.434782608695652 0.0182070908043582
0.468227424749164 0.0187394576646841
0.501672240802676 0.0192870848907642
0.535117056856187 0.0198503918046984
0.568561872909699 0.0204298081780003
0.602006688963211 0.0210257744277586
0.635451505016722 0.0216387418124221
0.668896321070234 0.0222691726268815
0.702341137123746 0.0229175403965034
0.735785953177257 0.0235843300697451
0.769230769230769 0.0242700382089523
0.802675585284281 0.024975173178918
0.836120401337793 0.0257002553327517
0.869565217391304 0.0264458171945788
0.903010033444816 0.0272124036385609
0.936454849498328 0.0280005720636973
0.969899665551839 0.0288108925638329
1.00334448160535 0.0296439480922669
1.03678929765886 0.0305003346203219
1.07023411371237 0.0313806612891932
1.10367892976589 0.0322855505543675
1.1371237458194 0.0332156383218555
1.17056856187291 0.0341715740754476
1.20401337792642 0.0351540209941602
1.23745819397993 0.0361636560589992
1.27090301003344 0.0372011701481228
1.30434782608696 0.0382672681194459
1.33779264214047 0.0393626688796807
1.37123745819398 0.0404881054387662
1.40468227424749 0.0416443249485913
1.438127090301 0.0428320887248718
1.47157190635451 0.0440521722509948
1.50501672240803 0.0453053651625969
1.53846153846154 0.0465924712115973
1.57190635451505 0.0479143082083578
1.60535117056856 0.0492717079405989
1.63879598662207 0.0506655160676526
1.67224080267559 0.05209659198859
1.7056856187291 0.0535658086827157
1.73913043478261 0.0550740525208819
1.77257525083612 0.0566222230460309
1.80602006688963 0.0582112327213393
1.83946488294314 0.0598420066442992
1.87290969899666 0.061515482225039
1.90635451505017 0.0632326088271564
1.93979933110368 0.0649943473693098
1.97324414715719 0.066801669885793
2.0066889632107 0.068655559044298
2.04013377926421 0.0705570076190629
2.07357859531773 0.072507017917591
2.10702341137124 0.0745066011591297
2.14046822742475 0.0765567768031053
2.17391304347826 0.0786585718257223
2.20735785953177 0.0808130199429595
2.24080267558528 0.08302116077823
2.2742474916388 0.0852840389730073
2.30769230769231 0.0876027032387801
2.34113712374582 0.089978205348754
2.37458193979933 0.0924115990677975
2.40802675585284 0.0949039390192175
2.44147157190635 0.097456279487046
2.47491638795987 0.100069673152641
2.50836120401338 0.102745169764529
2.54180602006689 0.105483814740564
2.5752508361204 0.108286647701633
2.60869565217391 0.111154700936334
2.64214046822742 0.114088997796219
2.67558528428094 0.117090551021426
2.70903010033445 0.120160360996755
2.74247491638796 0.123299413938486
2.77591973244147 0.126508680012496
2.80936454849498 0.12978911138454
2.84280936454849 0.13314164020384
2.87625418060201 0.136567176521475
2.90969899665552 0.140066606145381
2.94314381270903 0.14364078843416
2.97658862876254 0.147290554032229
3.01003344481605 0.151016702549289
3.04347826086956 0.154820000187456
3.07692307692308 0.15870117731984
3.11036789297659 0.162660926024797
3.1438127090301 0.166699897580511
3.17725752508361 0.170818699925029
3.21070234113712 0.175017895087341
3.24414715719064 0.179297996595548
3.27759197324415 0.183659466868648
3.31103678929766 0.18810271459893
3.34448160535117 0.192628092132431
3.37792642140468 0.197235892855382
3.41137123745819 0.201926348594997
3.44481605351171 0.206699627043408
3.47826086956522 0.211555829213961
3.51170568561873 0.216494986939473
3.54515050167224 0.221517060422418
3.57859531772575 0.226621935847351
3.61204013377926 0.231809423066171
3.64548494983278 0.23707925336708
3.67892976588629 0.242431077338303
3.7123745819398 0.24786446283782
3.74581939799331 0.253378893080445
3.77926421404682 0.258973764853645
3.81270903010033 0.264648386873495
3.84615384615385 0.270401978292078
3.87959866220736 0.276233667367491
3.91304347826087 0.282142490307409
3.94648829431438 0.288127390296868
3.97993311036789 0.294187216720552
4.0133779264214 0.300320724589423
4.04682274247492 0.306526574181021
4.08026755852843 0.312803330902125
4.11371237458194 0.319149465381828
4.14715719063545 0.325563353802258
4.18060200668896 0.332043278473391
4.21404682274247 0.338587428657469
4.24749163879599 0.34519390164753
4.2809364548495 0.351860704103577
4.31438127090301 0.358585753648723
4.34782608695652 0.365366880726565
4.38127090301003 0.372201830719778
4.41471571906354 0.379088266328708
4.44816053511706 0.386023770207453
4.48160535117057 0.393005847853606
4.51505016722408 0.400031930746558
4.54849498327759 0.407099379727893
4.5819397993311 0.414205488616146
4.61538461538461 0.421347488046858
4.64882943143813 0.428522549527634
4.68227424749164 0.435727789696646
4.71571906354515 0.442960274771875
4.74916387959866 0.45021702517725
4.78260869565217 0.457495020330791
4.81605351170569 0.464791203578885
4.8494983277592 0.472102487259963
4.88294314381271 0.47942575788001
4.91638795986622 0.486757881381693
4.94983277591973 0.494095708488292
4.98327759197324 0.501436080103144
5.01672240802676 0.508775832744995
5.05016722408027 0.51611180399939
5.08361204013378 0.523440837966159
5.11705685618729 0.530759790683073
5.1505016722408 0.538065535505894
5.18394648829431 0.545354968425302
5.21739130434783 0.55262501330161
5.25083612040134 0.559872626998653
5.28428093645485 0.567094804398877
5.31772575250836 0.57428858328239
5.35117056856187 0.581451049053557
5.38461538461538 0.588579339299634
5.4180602006689 0.595670648166976
5.45150501672241 0.602722230541383
5.48494983277592 0.609731406020346
5.51839464882943 0.616695562666105
5.55183946488294 0.623612160529715
5.58528428093645 0.630478734937574
5.61872909698997 0.63729289953316
5.65217391304348 0.644052349068067
5.68561872909699 0.650754861937717
5.7190635451505 0.657398302458453
5.75250836120401 0.663980622884001
5.78595317725753 0.670499865160568
5.81939799331104 0.676954162421054
5.85284280936455 0.683341740220067
5.88628762541806 0.689660917512556
5.91973244147157 0.695910107379969
5.95317725752508 0.70208781750885
5.9866220735786 0.70819265042777
6.02006688963211 0.714223303509333
6.05351170568562 0.720178568744841
6.08695652173913 0.726057332299919
6.12040133779264 0.731858573860052
6.15384615384615 0.737581365775571
6.18729096989967 0.743224872016106
6.22073578595318 0.748788346944958
6.25418060200669 0.754271133924168
6.2876254180602 0.759672663761314
6.32107023411371 0.764992453009287
6.35451505016722 0.770230102130383
6.38795986622074 0.775385293536106
6.42140468227425 0.780457789514077
6.45484949832776 0.785447430053349
6.48829431438127 0.790354130579309
6.52173913043478 0.795177879609158
6.55518394648829 0.799918736338743
6.58862876254181 0.804576828171209
6.62207357859532 0.809152348197676
6.65551839464883 0.813645552639746
6.68896321070234 0.818056758263309
6.72240802675585 0.822386339772694
6.75585284280936 0.826634727193803
6.78929765886288 0.830802403254407
6.82274247491639 0.834889900769351
6.8561872909699 0.838897800037944
6.88963210702341 0.842826726260342
6.92307692307692 0.846677346979259
6.95652173913043 0.850450369552883
6.98996655518395 0.854146538664393
7.02341137123746 0.857766633873026
7.05685618729097 0.861311467211175
7.09030100334448 0.864781880831568
7.12374581939799 0.868178744708147
7.1571906354515 0.871502954393844
7.19063545150502 0.874755428838044
7.22408026755853 0.877937108266147
7.25752508361204 0.881048952123274
7.29096989966555 0.884091937083791
7.32441471571906 0.887067055128012
7.35785953177257 0.889975311687112
7.39130434782609 0.89281772385699
7.4247491638796 0.895595318681536
7.45819397993311 0.898309131505514
7.49163879598662 0.900960204397001
7.52508361204013 0.90354958463913
7.55852842809364 0.906078323290666
7.59197324414716 0.90854747381474
7.62541806020067 0.910958090774936
7.65886287625418 0.913311228597724
7.69230769230769 0.915607940400133
7.7257525083612 0.917849276881402
7.75919732441471 0.920036285277265
7.79264214046823 0.922170008375409
7.82608695652174 0.92425148359058
7.85953177257525 0.92628174209772
7.89297658862876 0.928261808021486
7.92642140468227 0.930192697680425
7.95986622073579 0.932075418884067
7.9933110367893 0.933910970281158
8.02675585284281 0.935700340757225
8.06020066889632 0.93744450887968
8.09364548494983 0.939144442388639
8.12709030100334 0.940801097731651
8.16053511705686 0.942415419640531
8.19397993311037 0.94398834074852
8.22742474916388 0.94552078124599
8.26086956521739 0.947013648572964
8.2943143812709 0.948467837146722
8.32775919732441 0.949884228122818
8.36120401337793 0.95126368918786
8.39464882943144 0.95260707438242
8.42809364548495 0.953915223952529
8.46153846153846 0.9551889642282
8.49498327759197 0.956429107527506
8.52842809364548 0.957636452084753
8.561872909699 0.958811782001363
8.59531772575251 0.959955867218097
8.62876254180602 0.961069463507327
8.66220735785953 0.962153312484073
8.69565217391304 0.963208141634617
8.72909698996656 0.964234664361501
8.76254180602007 0.965233580043803
8.79598662207358 0.966205574111603
8.82943143812709 0.967151318133624
8.8628762541806 0.968071469917043
8.89632107023411 0.968966673618538
8.92976588628762 0.969837559865682
8.96321070234114 0.970684745887798
8.99665551839465 0.971508835655496
9.03010033444816 0.97231042002808
9.06354515050167 0.973090076908113
9.09698996655518 0.973848371402426
9.1304347826087 0.974585855988915
9.16387959866221 0.975303070688493
9.19732441471572 0.976000543241614
9.23076923076923 0.976678789288785
9.26421404682274 0.977338312554577
9.29765886287625 0.977979605034594
9.33110367892977 0.97860314718496
9.36454849498328 0.979209408113881
9.39799331103679 0.979798845774858
9.4314381270903 0.980371907161175
9.46488294314381 0.980929028501294
9.49832775919732 0.981470635454827
9.53177257525084 0.981997143308761
9.56521739130435 0.982508957173649
9.59866220735786 0.983006472179494
9.63210702341137 0.983490073671068
9.66555183946488 0.983960137402445
9.69899665551839 0.984417029730508
9.73244147157191 0.984861107807262
9.76588628762542 0.985292719770742
9.79933110367893 0.985712204934369
9.83277591973244 0.986119893974577
9.86622073578595 0.986516109116604
9.89966555183946 0.986901164318284
9.93311036789298 0.987275365451753
9.96655518394649 0.987639010482952
10 0.987992389648833
