0 0.0256105466508122
0.0334448160535117 0.0262865067909023
0.0668896321070234 0.0269798140976394
0.100334448160535 0.027690887377626
0.133779264214047 0.0284201541415555
0.167224080267559 0.0291680507086516
0.20066889632107 0.0299350223078033
0.234113712374582 0.0307215231750519
0.267558528428094 0.0315280166470682
0.301003344481605 0.0323549752502408
0.334448160535117 0.0332028807849786
0.367892976588629 0.0340722244048095
0.40133779264214 0.0349635066898416
0.434782608695652 0.0358772377141303
0.468227424749164 0.0368139371064764
0.501672240802676 0.0377741341041596
0.535117056856187 0.03875836759909
0.568561872909699 0.0397671861758408
0.602006688963211 0.0408011481410012
0.635451505016722 0.0418608215432702
0.668896321070234 0.0429467841836875
0.702341137123746 0.0440596236153758
0.735785953177257 0.0451999371321493
0.769230769230769 0.0463683317453174
0.802675585284281 0.0475654241479926
0.836120401337793 0.0487918406661913
0.869565217391304 0.0500482171959898
0.903010033444816 0.051335199125982
0.936454849498328 0.0526534412442605
0.969899665551839 0.0540036076291241
1.00334448160535 0.0553863715226953
1.03678929765886 0.0568024151866116
1.07023411371237 0.0582524297389371
1.10367892976589 0.0597371149714253
1.1371237458194 0.0612571791462452
1.17056856187291 0.0628133387712733
1.20401337792642 0.0644063183530375
1.23745819397993 0.0660368501263908
1.27090301003344 0.0677056737599839
1.30434782608696 0.0694135360365972
1.33779264214047 0.071161190507392
1.37123745819398 0.0729493971191371
1.40468227424749 0.074778921813468
1.438127090301 0.0766505360972446
1.47157190635451 0.0785650165830749
1.50501672240803 0.0805231444990915
1.53846153846154 0.0825257051670762
1.57190635451505 0.0845734874480536
1.60535117056856 0.0866672831544959
1.63879598662207 0.088807886428311
1.67224080267559 0.0909960930838205
1.7056856187291 0.093677741921386
1.73913043478261 0.0965507541520468
1.77257525083612 0.0995022054776113
1.80602006688963 0.10253363996654
1.83946488294314 0.105646594957979
1.87290969899666 0.108842598295437
1.90635451505017 0.112123165411478
1.93979933110368 0.115489796262465
1.97324414715719 0.118943972112979
2.0066889632107 0.122487152170204
2.04013377926421 0.126120770069271
2.07357859531773 0.129846230211325
2.10702341137124 0.133664903956915
2.14046822742475 0.137578125678188
2.17391304347826 0.141587188674323
2.20735785953177 0.145693340955643
2.24080267558528 0.149897780902899
2.2742474916388 0.154201652809335
2.30769230769231 0.158606042314292
2.34113712374582 0.163111971738327
2.37458193979933 0.167720395331038
2.40802675585284 0.17243219444408
2.44147157190635 0.177248172643122
2.47491638795987 0.182169050773833
2.50836120401338 0.187195461998268
2.54180602006689 0.192327946819354
2.5752508361204 0.197566948112448
2.60869565217391 0.202912806184216
2.64214046822742 0.208365753880293
2.67558528428094 0.213925911764323
2.70903010033445 0.219593283392123
2.74247491638796 0.225367750705635
2.77591973244147 0.231249069572315
2.80936454849498 0.237236865496308
2.84280936454849 0.243330629528455
2.87625418060201 0.249529714402644
2.90969899665552 0.255833330926331
2.94314381270903 0.26224054465323
2.97658862876254 0.268750272866064
3.01003344481605 0.27536128189704
3.04347826086956 0.282072184813201
3.07692307692308 0.288881439493073
3.11036789297659 0.29578734712008
3.1438127090301 0.302788051116963
3.17725752508361 0.30988153654399
3.21070234113712 0.317065629982008
3.24414715719064 0.324337999919439
3.27759197324415 0.33169615766009
3.31103678929766 0.339137458766214
3.34448160535117 0.346659105048567
3.37792642140468 0.354258147112333
3.41137123745819 0.361931487464709
3.44481605351171 0.369675884186679
3.47826086956522 0.37748795516815
3.51170568561873 0.385364182902061
3.54515050167224 0.393300919829521
3.57859531772575 0.401294394224355
3.61204013377926 0.409340716601761
3.64548494983278 0.417435886632146
3.67892976588629 0.42557580053756
3.7123745819398 0.433756258944694
3.74581939799331 0.441972975164954
3.77926421404682 0.450221583868966
3.81270903010033 0.458497650119813
3.84615384615385 0.466796678726533
3.87959866220736 0.475114123876923
3.91304347826087 0.483445399006458
3.94648829431438 0.491785886858254
3.97993311036789 0.500130949687509
4.0133779264214 0.50847593956263
4.04682274247492 0.516816208714532
4.08026755852843 0.525147119885164
4.11371237458194 0.533464056626348
4.14715719063545 0.54176243350039
4.18060200668896 0.550037706134762
4.21404682274247 0.558285381084286
4.24749163879599 0.566501025455808
4.2809364548495 0.574680276252271
4.31438127090301 0.582818849395256
4.34782608695652 0.590912548387636
4.38127090301003 0.598957272580737
4.41471571906354 0.606949025013427
4.44816053511706 0.614883919793795
4.48160535117057 0.622758188997447
4.51505016722408 0.630568189059996
4.54849498327759 0.638310406644887
4.5819397993311 0.6459814639714
4.61538461538461 0.653578123591327
4.64882943143813 0.661097292606467
4.68227424749164 0.668536026322697
4.71571906354515 0.675891531339875
4.74916387959866 0.683161168080213
4.78260869565217 0.690342452761024
4.81605351170569 0.697433058820787
4.8494983277592 0.704430817810386
4.88294314381271 0.711333719764017
4.91638795986622 0.718139913066731
4.94983277591973 0.724847703837757
4.98327759197324 0.731455554850726
5.01672240802676 0.737962084013633
5.05016722408027 0.744366062432812
5.08361204013378 0.750666412086434
5.11705685618729 0.756862203133962
5.1505016722408 0.76295265088876
5.18394648829431 0.768937112481492
5.21739130434783 0.774815083242249
5.25083612040134 0.780586192829373
5.28428093645485 0.786250201132807
5.31772575250836 0.791806993979476
5.35117056856187 0.79725657866771
5.38461538461538 0.802599079357056
5.4180602006689 0.807834732339079
5.45150501672241 0.81296388121382
5.48494983277592 0.817986971995576
5.51839464882943 0.822904548170604
5.55183946488294 0.827717245728163
5.58528428093645 0.83242578818508
5.61872909698997 0.837030981622814
5.65217391304348 0.841533709754635
5.68561872909699 0.845934929039278
5.7190635451505 0.850235663856103
5.75250836120401 0.85443700175548
5.78595317725753 0.858540088796828
5.81939799331104 0.862546124985483
5.85284280936455 0.866456359818314
5.88628762541806 0.870272087946813
5.91973244147157 0.873994644965234
5.95317725752508 0.877625403330244
5.9866220735786 0.881165768417484
6.02006688963211 0.884617174719453
6.05351170568562 0.887981082188157
6.08695652173913 0.891258972725114
6.12040133779264 0.894452346820428
6.15384615384615 0.897562720341933
6.18729096989967 0.900591621474646
6.22073578595318 0.903540587810153
6.25418060200669 0.90641116358494
6.2876254180602 0.909204897066151
6.32107023411371 0.911923338082761
6.35451505016722 0.914568035699736
6.38795986622074 0.917140536032348
6.42140468227425 0.919642380197511
6.45484949832776 0.922075102398671
6.48829431438127 0.924440228140575
6.52173913043478 0.926739272570018
6.55518394648829 0.928973738938505
6.58862876254181 0.931145117182614
6.62207357859532 0.933254882617763
6.65551839464883 0.935304494741009
6.68896321070234 0.937295396138438
6.72240802675585 0.939229011492708
6.75585284280936 0.941106746686299
6.78929765886288 0.942929987996039
6.82274247491639 0.944700101374525
6.8561872909699 0.946418431814091
6.88963210702341 0.948086302789085
6.92307692307692 0.949705015772237
6.95652173913043 0.951275849821054
6.98996655518395 0.952800061230238
7.02341137123746 0.954278883246244
7.05685618729097 0.955713525840209
7.09030100334448 0.957105175535604
7.12374581939799 0.958454995287087
7.1571906354515 0.959764124407148
7.19063545150502 0.961033678537287
7.22408026755853 0.962264749660575
7.25752508361204 0.963458406152594
7.29096989966555 0.964615692867871
7.32441471571906 0.965737631259057
7.35785953177257 0.966825219526226
7.39130434782609 0.967879432793802
7.4247491638796 0.968901223312722
7.45819397993311 0.969891520685615
7.49163879598662 0.970851232112823
7.52508361204013 0.971781242657277
7.55852842809364 0.972682415526306
7.59197324414716 0.973555592368574
7.62541806020067 0.974401593584474
7.65886287625418 0.975221218648358
7.69230769230769 0.976015246441123
7.7257525083612 0.976784435591759
7.75919732441471 0.977529524826525
7.79264214046823 0.978251233324546
7.82608695652174 0.978950261078683
7.85953177257525 0.979627289260602
7.89297658862876 0.980282980589073
7.92642140468227 0.980917979700555
7.95986622073579 0.981532913521237
7.9933110367893 0.982128391639745
8.02675585284281 0.982705006679775
8.06020066889632 0.983263334672013
8.09364548494983 0.983803935424702
8.12709030100334 0.984327352892316
8.16053511705686 0.984834115541819
8.19397993311037 0.985324736716043
8.22742474916388 0.985799714993769
8.26086956521739 0.986259534546128
8.2943143812709 0.986704665488972
8.32775919732441 0.987135564230913
8.36120401337793 0.987552673816757
8.39464882943144 0.987956424266082
8.42809364548495 0.988347232906761
8.46153846153846 0.988725504703226
8.49498327759197 0.989091632579321
8.52842809364548 0.989445997735618
8.561872909699 0.989788969961051
8.59531772575251 0.990120907938809
8.62876254180602 0.99044215954638
8.66220735785953 0.990753062149712
8.69565217391304 0.991053942891432
8.72909698996656 0.991345118973104
8.76254180602007 0.991626897931508
8.79598662207358 0.991899577908944
8.82943143812709 0.99216344791756
8.8628762541806 0.992418788097738
8.89632107023411 0.99266586997056
8.92976588628762 0.992904956684392
8.96321070234114 0.993136303255637
8.99665551839465 0.993360156803703
9.03010033444816 0.993576756780264
9.06354515050167 0.993786335192852
9.09698996655518 0.993989116822874
9.1304347826087 0.994185319438124
9.16387959866221 0.994375153999859
9.19732441471572 0.994558824864532
9.23076923076923 0.994736529980273
9.26421404682274 0.994908461078183
9.29765886287625 0.995074803858564
9.33110367892977 0.995235738172148
9.36454849498328 0.99539143819644
9.39799331103679 0.995542072607254
9.4314381270903 0.995687804745553
9.46488294314381 0.995828792779679
9.49832775919732 0.99596518986307
9.53177257525084 0.996097144287568
9.56521739130435 0.996224799632411
9.59866220735786 0.996348294909004
9.63210702341137 0.996467764701569
9.66555183946488 0.996583339303765
9.69899665551839 0.996695144851383
9.73244147157191 0.996803303451192
9.76588628762542 0.996907933306056
9.79933110367893 0.997009148836382
9.83277591973244 0.997107060798025
9.86622073578595 0.997201776396706
9.89966555183946 0.99729339939906
9.93311036789298 0.997382030240382
9.96655518394649 0.997467766129168
10 0.997550701148532
