0 0.0189611915909874
0.0334448160535117 0.0194835296831556
0.0668896321070234 0.0200199633727175
0.100334448160535 0.0205708566592378
0.133779264214047 0.0211365820292121
0.167224080267559 0.0217175206024468
0.20066889632107 0.0223140622778864
0.234113712374582 0.0229266058786551
0.267558528428094 0.0235555592960618
0.301003344481605 0.0242013396323026
0.334448160535117 0.0248643733415792
0.367892976588629 0.0255450963693321
0.40133779264214 0.0262439542892714
0.434782608695652 0.0269614024378677
0.468227424749164 0.0276979060459468
0.501672240802676 0.0284539403670126
0.535117056856187 0.0292299908018992
0.568561872909699 0.0300265530193348
0.602006688963211 0.0308441330719749
0.635451505016722 0.0316832475074404
0.668896321070234 0.0325444234738739
0.702341137123746 0.0334281988194998
0.735785953177257 0.0343351221856527
0.769230769230769 0.0352657530927096
0.802675585284281 0.0362206620183375
0.836120401337793 0.0372004304674396
0.869565217391304 0.0382056510331571
0.903010033444816 0.0392369274482559
0.936454849498328 0.0402948746261968
0.969899665551839 0.0413801186911632
1.00334448160535 0.0424932969962884
1.03678929765886 0.043635058129296
1.07023411371237 0.0448060619047381
1.10367892976589 0.0460069793419873
1.1371237458194 0.0472384926281069
1.17056856187291 0.0485012950646977
1.20401337792642 0.0497960909977877
1.23745819397993 0.0511235957298062
1.27090301003344 0.0524845354126517
1.30434782608696 0.0538796469208402
1.33779264214047 0.055309677703691
1.37123745819398 0.0567753856154835
1.40468227424749 0.0582775387224949
1.438127090301 0.059816915085805
1.47157190635451 0.0613943025187351
1.50501672240803 0.063010498317768
1.53846153846154 0.0646663089657817
1.57190635451505 0.0663625498064123
1.60535117056856 0.0681000446883535
1.63879598662207 0.0698796255783907
1.67224080267559 0.0717021321419614
1.7056856187291 0.0735684112900364
1.73913043478261 0.0754793166911153
1.77257525083612 0.0774357082471396
1.80602006688963 0.0794384515321381
1.83946488294314 0.0814884171924381
1.87290969899666 0.083586480307295
1.90635451505017 0.0857335197088275
1.93979933110368 0.0879304172601752
1.97324414715719 0.0901780570908406
2.0066889632107 0.0924773247882266
2.04013377926421 0.0948291065444347
2.07357859531773 0.0972342882574568
2.10702341137124 0.0996937545859639
2.14046822742475 0.102208387956979
2.17391304347826 0.104779067525809
2.20735785953177 0.107406668087718
2.24080267558528 0.110092058940919
2.2742474916388 0.112836102700603
2.30769230769231 0.115639654063842
2.34113712374582 0.11850355852533
2.37458193979933 0.121428651044121
2.40802675585284 0.124415754661631
2.44147157190635 0.12746567907139
2.47491638795987 0.130579219141196
2.50836120401338 0.133757153388513
2.54180602006689 0.137000242410182
2.5752508361204 0.140309227267709
2.60869565217391 0.143684827829647
2.64214046822742 0.147127741072809
2.67558528428094 0.150638639344297
2.70903010033445 0.154218168586616
2.74247491638796 0.157866946528363
2.77591973244147 0.161585560843303
2.80936454849498 0.165374567280888
2.84280936454849 0.169234487771577
2.87625418060201 0.173165808510604
2.90969899665552 0.177168978024138
2.94314381270903 0.181244405222057
2.97658862876254 0.185392457441884
3.01003344481605 0.189613458488696
3.04347826086956 0.193907686676129
3.07692307692308 0.198275372873874
3.11036789297659 0.202716698567355
3.1438127090301 0.207231793935524
3.17725752508361 0.211820735952986
3.21070234113712 0.216483546522905
3.24414715719064 0.221220190647355
3.27759197324415 0.226030574642017
3.31103678929766 0.230914544402269
3.34448160535117 0.235871883727919
3.37792642140468 0.240902312713939
3.41137123745819 0.246005486214675
3.44481605351171 0.251180992389072
3.47826086956522 0.25642835133453
3.51170568561873 0.261747013816949
3.54515050167224 0.26713636010456
3.57859531772575 0.272595698912998
3.61204013377926 0.278124266469018
3.64548494983278 0.283721225700044
3.67892976588629 0.289385665556575
3.7123745819398 0.295116600474198
3.74581939799331 0.300912969981672
3.77926421404682 0.306773638461207
3.81270903010033 0.312697395066649
3.84615384615385 0.318682953804877
3.87959866220736 0.324728953785207
3.91304347826087 0.330833959641079
3.94648829431438 0.336996462127727
3.97993311036789 0.343214878898932
4.0133779264214 0.34948755546528
4.04682274247492 0.355812766335682
4.08026755852843 0.362188716343185
4.11371237458194 0.368613542155331
4.14715719063545 0.375085313968591
4.18060200668896 0.381602037385555
4.21404682274247 0.388161655472786
4.24749163879599 0.394762050996387
4.2809364548495 0.401401048831554
4.31438127090301 0.408076418541496
4.34782608695652 0.414785877120337
4.38127090301003 0.421527091893773
4.41471571906354 0.428297683570482
4.44816053511706 0.435095229436494
4.48160535117057 0.441917266684031
4.51505016722408 0.44876129586557
4.54849498327759 0.45562478446326
4.5819397993311 0.462505170563202
4.61538461538461 0.469399866623499
4.64882943143813 0.476306263324535
4.68227424749164 0.483221733489423
4.71571906354515 0.490143636062242
4.74916387959866 0.497069320131297
4.78260869565217 0.503996128984453
4.81605351170569 0.510921404183346
4.8494983277592 0.517842489643234
4.88294314381271 0.524756735705171
4.91638795986622 0.531661503187255
4.94983277591973 0.538554167401805
4.98327759197324 0.545432122125528
5.01672240802676 0.552292783509976
5.05016722408027 0.559133593919942
5.08361204013378 0.565952025687838
5.11705685618729 0.572745584772539
5.1505016722408 0.579511814311736
5.18394648829431 0.586248298057357
5.21739130434783 0.592952663684309
5.25083612040134 0.599622585963392
5.28428093645485 0.60625578979001
5.31772575250836 0.612850053060996
5.35117056856187 0.619403209392676
5.38461538461538 0.625913150674071
5.4180602006689 0.632377829449955
5.45150501672241 0.638795261129327
5.48494983277592 0.645163526015629
5.51839464882943 0.651480771155953
5.55183946488294 0.657745212007216
5.58528428093645 0.663955133918149
5.61872909698997 0.670108893426726
5.65217391304348 0.676204919373401
5.68561872909699 0.682241713831327
5.7190635451505 0.688217852855376
5.75250836120401 0.694131987052529
5.78595317725753 0.699982841976805
5.81939799331104 0.70576921835253
5.85284280936455 0.711489992130304
5.88628762541806 0.717144114380538
5.91973244147157 0.722730611029947
5.95317725752508 0.728248582446748
5.9866220735786 0.733697202880779
6.02006688963211 0.739075719765016
6.05351170568562 0.744383452885309
6.08695652173913 0.749619793425371
6.12040133779264 0.754784202894259
6.15384615384615 0.759876211943749
6.18729096989967 0.764895419083096
6.22073578595318 0.769841489298754
6.25418060200669 0.774714152586654
6.2876254180602 0.77951320240462
6.32107023411371 0.784238494052465
6.35451505016722 0.788889942987228
6.38795986622074 0.793467523080892
6.42140468227425 0.797971264827803
6.45484949832776 0.802401253508821
6.48829431438127 0.80675762731906
6.52173913043478 0.811040575465857
6.55518394648829 0.815250336243383
6.58862876254181 0.819387195090067
6.62207357859532 0.823451482634729
6.65551839464883 0.827443572737076
6.68896321070234 0.831363880527902
6.72240802675585 0.835212860454073
6.75585284280936 0.838991004333082
6.78929765886288 0.842698839421639
6.82274247491639 0.846336926502513
6.8561872909699 0.849905857993493
6.88963210702341 0.853406256082094
6.92307692307692 0.856838770889294
6.95652173913043 0.860204078665356
6.98996655518395 0.86350288002045
7.02341137123746 0.866735898192581
7.05685618729097 0.869903877355004
7.09030100334448 0.8730075809651
7.12374581939799 0.876047790156407
7.1571906354515 0.879025302175282
7.19063545150502 0.881940928863422
7.22408026755853 0.884795495187295
7.25752508361204 0.887589837815271
7.29096989966555 0.890324803743102
7.32441471571906 0.893001248968172
7.35785953177257 0.895620037212807
7.39130434782609 0.898182038696731
7.4247491638796 0.900688128958642
7.45819397993311 0.90313918772672
7.49163879598662 0.905536097837744
7.52508361204013 0.907879744204412
7.55852842809364 0.9101710128303
7.59197324414716 0.912410789871837
7.62541806020067 0.914599960746567
7.65886287625418 0.91673940928689
7.69230769230769 0.918830016938391
7.7257525083612 0.920872662001843
7.75919732441471 0.922868218917857
7.79264214046823 0.924817557593143
7.82608695652174 0.926721542767309
7.85953177257525 0.928581033419053
7.89297658862876 0.930396882210622
7.92642140468227 0.932169934969351
7.95986622073579 0.933901030205101
7.9933110367893 0.935590998662402
8.02675585284281 0.937240662906087
8.06020066889632 0.938850836939212
8.09364548494983 0.940422325852058
8.12709030100334 0.941955925501014
8.16053511705686 0.943452422216145
8.19397993311037 0.944912592536267
8.22742474916388 0.946337202970363
8.26086956521739 0.947727009784186
8.2943143812709 0.949082758810928
8.32775919732441 0.950405185284834
8.36120401337793 0.951695013696681
8.39464882943144 0.952952957670057
8.42809364548495 0.954179719857405
8.46153846153846 0.955375991854814
8.49498327759197 0.95654245413458
8.52842809364548 0.957679775994576
8.561872909699 0.958788615523507
8.59531772575251 0.959869619581153
8.62876254180602 0.960923423792716
8.66220735785953 0.961950652556456
8.69565217391304 0.962951919063778
8.72909698996656 0.963927825331011
8.76254180602007 0.964878962242109
8.79598662207358 0.965805909601563
8.82943143812709 0.966709236196822
8.8628762541806 0.967589499869557
8.89632107023411 0.968447247595127
8.92976588628762 0.969283015569645
8.96321070234114 0.970097329304046
8.99665551839465 0.9708907037246
9.03010033444816 0.97166364327935
9.06354515050167 0.972416642049946
9.09698996655518 0.973150183868404
9.1304347826087 0.973864742438331
9.16387959866221 0.974560781460164
9.19732441471572 0.975238754760023
9.23076923076923 0.975899106421778
9.26421404682274 0.976542270921949
9.29765886287625 0.977168673267099
9.33110367892977 0.977778729133378
9.36454849498328 0.978372845007903
9.39799331103679 0.978951418331679
9.4314381270903 0.979514837643781
9.46488294314381 0.980063482726531
9.49832775919732 0.980597724751428
9.53177257525084 0.981117926425591
9.56521739130435 0.9816244421385
9.59866220735786 0.982117618108845
9.63210702341137 0.982597792531265
9.66555183946488 0.983065295722831
9.69899665551839 0.983520450269081
9.73244147157191 0.983963571169471
9.76588628762542 0.984394965982098
9.79933110367893 0.984814934967554
9.83277591973244 0.985223771231793
9.86622073578595 0.985621760867909
9.89966555183946 0.986009183096708
9.93311036789298 0.986386310405985
9.96655518394649 0.986753408688426
10 0.987110737378041
