0 0.0119990429076381
0.0334448160535117 0.0123833176700523
0.0668896321070234 0.0127797398202337
0.100334448160535 0.0131886830030898
0.133779264214047 0.0136105316842678
0.167224080267559 0.014045681419555
0.20066889632107 0.0144945391280209
0.234113712374582 0.0149575233687335
0.267558528428094 0.015435064620854
0.301003344481605 0.0159276055668958
0.334448160535117 0.0164356013789083
0.367892976588629 0.0169595200073177
0.40133779264214 0.0174998424721342
0.434782608695652 0.0180570631562002
0.468227424749164 0.0186316901001276
0.501672240802676 0.0192242452985383
0.535117056856187 0.0198352649971841
0.568561872909699 0.0204652999904913
0.602006688963211 0.0211149159190313
0.635451505016722 0.0217846935663801
0.668896321070234 0.0224752291547865
0.702341137123746 0.023187134639023
0.735785953177257 0.0239210379977459
0.769230769230769 0.024677583521641
0.802675585284281 0.0254574320975797
0.836120401337793 0.0262612614879548
0.869565217391304 0.0270897666043086
0.903010033444816 0.0279436597743052
0.936454849498328 0.0288236710010384
0.969899665551839 0.0297305482135998
1.00334448160535 0.0306650575077661
1.03678929765886 0.0316279833755938
1.07023411371237 0.0326201289226377
1.10367892976589 0.0336423160714342
1.1371237458194 0.0346953857498149
1.17056856187291 0.0357801980625354
1.20401337792642 0.0368976324446226
1.23745819397993 0.0380485877947622
1.27090301003344 0.0392339825869609
1.30434782608696 0.0404547549586314
1.33779264214047 0.0417118627731621
1.37123745819398 0.0430062836549396
1.40468227424749 0.0443390149947077
1.438127090301 0.04571107392305
1.47157190635451 0.0471234972496969
1.50501672240803 0.0485773413662656
1.53846153846154 0.0500736821099506
1.57190635451505 0.0516136145855973
1.60535117056856 0.0531982529435017
1.63879598662207 0.0548287301101973
1.67224080267559 0.0565061974694095
1.7056856187291 0.0582318244902804
1.73913043478261 0.0600067982998971
1.77257525083612 0.0618323231970904
1.80602006688963 0.0637096201044099
1.83946488294314 0.0656399259551339
1.87290969899666 0.0676244930121281
1.90635451505017 0.0696645881153345
1.93979933110368 0.0717614918546537
1.97324414715719 0.0739164976649735
2.0066889632107 0.0761309108401031
2.04013377926421 0.0784060474623948
2.07357859531773 0.0807432332448732
2.10702341137124 0.0831438022827465
2.14046822742475 0.0856090957112562
2.17391304347826 0.088140460266916
2.20735785953177 0.0907392467493158
2.24080267558528 0.0934068083808122
2.2742474916388 0.0961444990616026
2.30769230769231 0.0989536715178813
2.34113712374582 0.101835675341009
2.37458193979933 0.104791854915893
2.40802675585284 0.107823547237067
2.44147157190635 0.110932079611298
2.47491638795987 0.114118767245917
2.50836120401338 0.117384910722463
2.54180602006689 0.120731793355682
2.5752508361204 0.124160678438408
2.60869565217391 0.127672806373363
2.64214046822742 0.131269391693482
2.67558528428094 0.134951619972959
2.70903010033445 0.138720644631868
2.74247491638796 0.142577583637861
2.77591973244147 0.146523516109198
2.80936454849498 0.150559478824074
2.84280936454849 0.154686462642023
2.87625418060201 0.158905408843981
2.90969899665552 0.163217205398435
2.94314381270903 0.167622683161945
2.97658862876254 0.172122612023238
3.01003344481605 0.176717697000935
3.04347826086956 0.181408574305926
3.07692307692308 0.186195807380296
3.11036789297659 0.191079882925618
3.1438127090301 0.19606120693435
3.17725752508361 0.20114010073894
3.21070234113712 0.20631679709409
3.24414715719064 0.211591436308479
3.27759197324415 0.216964062442994
3.31103678929766 0.222434619593243
3.34448160535117 0.228002948274794
3.37792642140468 0.233668781930137
3.41137123745819 0.239431743576881
3.44481605351171 0.245291342617089
3.47826086956522 0.251246971827936
3.51170568561873 0.257297904554057
3.54515050167224 0.263443292122008
3.57859531772575 0.26968216149715
3.61204013377926 0.276013413203075
3.64548494983278 0.282435819523264
3.67892976588629 0.288948023004189
3.7123745819398 0.295548535278305
3.74581939799331 0.302235736224584
3.77926421404682 0.309007873483138
3.81270903010033 0.315863062339354
3.84615384615385 0.322799285991527
3.87959866220736 0.329814396214496
3.91304347826087 0.336906114430077
3.94648829431438 0.344072033193245
3.97993311036789 0.351309618101049
4.0133779264214 0.358616210129117
4.04682274247492 0.365989028398376
4.08026755852843 0.37342517337229
4.11371237458194 0.380921630482488
4.14715719063545 0.388475274178173
4.18060200668896 0.396082872392162
4.21404682274247 0.403741091413861
4.24749163879599 0.411446501156905
4.2809364548495 0.41919558080666
4.31438127090301 0.42698472483028
4.34782608695652 0.434810249329605
4.38127090301003 0.442668398714822
4.41471571906354 0.450555352674621
4.44816053511706 0.458467233416494
4.48160535117057 0.466400113148898
4.51505016722408 0.474350021775291
4.54849498327759 0.482312954768498
4.5819397993311 0.490284881192578
4.61538461538461 0.498261751838242
4.64882943143813 0.506239507437082
4.68227424749164 0.514214086919243
4.71571906354515 0.522181435678901
4.74916387959866 0.530137513811781
4.78260869565217 0.538078304289243
4.81605351170569 0.545999821033847
4.8494983277592 0.553898116862106
4.88294314381271 0.561769291261054
4.91638795986622 0.569609497966528
4.94983277591973 0.577414952312434
4.98327759197324 0.585181938321978
5.01672240802676 0.592906815513641
5.05016722408027 0.600586025396693
5.08361204013378 0.608216097633212
5.11705685618729 0.615793655845845
5.1505016722408 0.623315423052942
5.18394648829431 0.630778226715168
5.21739130434783 0.638179003380211
5.25083612040134 0.645514802914771
5.28428093645485 0.652782792315569
5.31772575250836 0.659980259093662
5.35117056856187 0.667104614228873
5.38461538461538 0.674153394693574
5.4180602006689 0.68112426554746
5.45150501672241 0.688015021607202
5.48494983277592 0.694823588697061
5.51839464882943 0.70154802448856
5.55183946488294 0.708186518939248
5.58528428093645 0.714737394342302
5.61872909698997 0.721199105000358
5.65217391304348 0.727570236538366
5.68561872909699 0.733849504871563
5.7190635451505 0.740035754845742
5.75250836120401 0.746127958567949
5.78595317725753 0.752125213446492
5.81939799331104 0.758026739959785
5.85284280936455 0.763831879173952
5.88628762541806 0.769540090029456
5.91973244147157 0.775150946417141
5.95317725752508 0.780664134064074
5.9866220735786 0.786079447249502
6.02006688963211 0.79139678537093
6.05351170568562 0.796616149380036
6.08695652173913 0.801737638107645
6.12040133779264 0.806761444496458
6.15384615384615 0.81168785175962
6.18729096989967 0.816517229482485
6.22073578595318 0.821250029684223
6.25418060200669 0.825886782855081
6.2876254180602 0.830428093984293
6.32107023411371 0.834874638592745
6.35451505016722 0.839227158783609
6.38795986622074 0.843486459323261
6.42140468227425 0.847653403763878
6.45484949832776 0.851728910618189
6.48829431438127 0.855713949595957
6.52173913043478 0.859609537910865
6.55518394648829 0.863416736665621
6.58862876254181 0.867136647322216
6.62207357859532 0.870770408263461
6.65551839464883 0.874319191451126
6.68896321070234 0.877784199185238
6.72240802675585 0.881166660968368
6.75585284280936 0.88446783047802
6.78929765886288 0.887688982649634
6.82274247491639 0.890831410872021
6.8561872909699 0.893896424296546
6.88963210702341 0.896885345260786
6.92307692307692 0.899799506826899
6.95652173913043 0.902640250434519
6.98996655518395 0.90540892366751
7.02341137123746 0.908106878133576
7.05685618729097 0.910735467455362
7.09030100334448 0.913296045371353
7.12374581939799 0.915789963944631
7.1571906354515 0.918218571877273
7.19063545150502 0.920583212927981
7.22408026755853 0.922885224430325
7.25752508361204 0.925125935908856
7.29096989966555 0.927306667790167
7.32441471571906 0.929428730205919
7.35785953177257 0.931493421884723
7.39130434782609 0.933502029129728
7.4247491638796 0.935455824878713
7.45819397993311 0.937356067843436
7.49163879598662 0.939204001725021
7.52508361204013 0.941000854502104
7.55852842809364 0.942747837788548
7.59197324414716 0.944446146257491
7.62541806020067 0.946096957128592
7.65886287625418 0.947701429715345
7.69230769230769 0.949260705029397
7.7257525083612 0.950775905438893
7.75919732441471 0.952248134377891
7.79264214046823 0.953678476104025
7.82608695652174 0.955067995501613
7.85953177257525 0.956417737927532
7.89297658862876 0.957728729097258
7.92642140468227 0.959001975008533
7.95986622073579 0.960238461900244
7.9933110367893 0.961439156244172
8.02675585284281 0.96260500476735
8.06020066889632 0.963736934502887
8.09364548494983 0.964835852867176
8.12709030100334 0.965902647761515
8.16053511705686 0.966938187696252
8.19397993311037 0.967943321935644
8.22742474916388 0.968918880661721
8.26086956521739 0.969865675155519
8.2943143812709 0.970784497994139
8.32775919732441 0.971676123262142
8.36120401337793 0.972541306775924
8.39464882943144 0.973380786319715
8.42809364548495 0.974195281891989
8.46153846153846 0.974985495961099
8.49498327759197 0.975752113729036
8.52842809364548 0.976495803402281
8.561872909699 0.977217216468759
8.59531772575251 0.977916987980009
8.62876254180602 0.978595736837682
8.66220735785953 0.979254066083595
8.69565217391304 0.979892563192586
8.72909698996656 0.980511800367462
8.76254180602007 0.981112334835421
8.79598662207358 0.981694709145321
8.82943143812709 0.982259451465257
8.8628762541806 0.982807075879924
8.89632107023411 0.983338082687292
8.92976588628762 0.983852958694168
8.96321070234114 0.984352177510217
8.99665551839465 0.984836199840106
9.03010033444816 0.985305473773411
9.06354515050167 0.985760435071994
9.09698996655518 0.986201507454565
9.1304347826087 0.98662910287819
9.16387959866221 0.987043621816495
9.19732441471572 0.987445453534396
9.23076923076923 0.987834976359145
9.26421404682274 0.988212557947551
9.29765886287625 0.988578555549227
9.33110367892977 0.988933316265741
9.36454849498328 0.98927717730557
9.39799331103679 0.989610466234767
9.4314381270903 0.989933501223249
9.46488294314381 0.990246591286679
9.49832775919732 0.990550036523854
9.53177257525084 0.990844128349591
9.56521739130435 0.99112914972307
9.59866220735786 0.991405375371621
9.63210702341137 0.991673072009949
9.66555183946488 0.991932498554795
9.69899665551839 0.992183906335048
9.73244147157191 0.992427539297323
9.76588628762542 0.992663634207013
9.79933110367893 0.992892420844875
9.83277591973244 0.993114122199152
9.86622073578595 0.993328954653286
9.89966555183946 0.993537128169273
9.93311036789298 0.993738846466686
9.96655518394649 0.993934307197435
10 0.994123702116318
