x y
0.03183317096878386 0.1793965225605512
0.0010177165508960672 0.09094734941072717
0.0038634841662267628 0.1745772924496296
0.00605731438863516 0.23159415961898527
0.04394099087471098 0.2541533487740861
0.025973187635824447 0.05740779206196919
0.0012641230569220905 0.023741142837676744
0.03778612357087117 0.2703891301088999
0.0039383303647711745 0.009399661769991562
0.0727471409913116 0.08383902246593943
0.0006743673303533347 0.10402819338392685
0.011231455429162561 0.12901981352474576
0.0016010250014118937 0.27530097889519506
0.06519322598721317 0.21821999212197055
0.2913891819918263 0.10601635821210027
0.0017155331031215538 0.13378574206219293
0.000576951009567274 0.17152693944966796
0.22318219416187876 0.15864175641312286
0.015458827839203083 0.2202652958272692
0.00030791429131653915 0.09078542984390606
0.00037803376656507466 0.2144020953557172
0.0123335655469064 0.16808493010776807
0.0014055345270739881 0.14395533907503338
0.0006867370828205687 0.18478794960620085
0.0003649667091035244 0.1921665783767816
0.16005525237234125 0.014451114319663949
0.14115649711322772 0.27490801428740874
0.0013278581008675768 0.1760155991384038
0.0006558078744670004 0.22202093360364758
0.17672603342644044 0.05115141966918527
0.04049689588508498 0.06289732808944952
0.05996252165648588 0.015443328511063236
0.0002888033122870898 0.13459393145472143
0.005415404602995131 0.15260682926326294
0.07629374764991205 0.28103431543989427
0.011166275054643054 0.2440063878528513
0.0006960703027392283 0.1929326811662142
0.0016138828929100838 0.007554473407591088
0.38607729079656616 0.22501548093095086
0.0019363342519385662 0.2779666460414646
0.000956172389595827 0.10774872951563814
0.5220068351953886 0.0609488041552318
0.0018327153861007871 0.06949905055192535
0.3146567627308292 0.037651586699783975
0.00827521805051291 0.2226685524641883
0.000782460930253767 0.17933535737750375
0.006831210698778918 0.14788132732604045
0.001785525835970052 0.025884324522555933
0.024546874883550472 0.1847802716239892
0.002130532551283444 0.12207709046970724
0.0021391805569746705 0.2693386611083638
0.008506358256158893 0.02692109953436539
0.005869382890962121 0.259470447197047
0.005009807777399487 0.16364671089913618
0.009697457976437375 0.21907866726971406
0.00316806662096289 0.2748373518297504
0.08255031466289549 0.07268253421242263
0.0019140015804318094 0.06992963036138347
0.04155642932512015 0.03241570140122639
0.004880706066196323 0.2532045521759116
0.005917942218581886 0.13335343527938695
0.13130753876242607 0.24864939535848923
0.22540606412477407 0.2955499469463562
0.0381468659395202 0.2626096779768273
0.00039347882868396894 0.0028894523097598213
0.024828708782807428 0.1753152013729967
0.013935726158500236 0.10004470680016556
0.06585499014477086 0.14068810858334835
0.057520396698599145 0.16553661476297518
0.017186224988359138 0.08760687037702904
0.0024871847583122376 0.006963413545968888
0.01234084527226789 0.05406130280873853
0.0014194595293317285 0.09911607908412519
0.01389336137550351 0.2610281954341989
0.002200437996239774 0.02369262883043489
0.498465407998142 0.06190920364925209
0.0003987261013353899 0.283208018627671
0.000490325706716673 0.2206298678613912
0.008752138435457864 0.035479352609921175
0.009685685922735509 0.059092938463241415
0.03509846041172217 0.25644760258486676
0.045835012765838706 0.10059536373893821
0.02428699818185994 0.23182672685500189
0.20420817857331208 0.08314828309159439
0.0016443874768893709 0.1792533836500129
0.1019062341993896 0.07475396165016081
0.041385173034572176 0.26617660996189557
0.2015462070447088 0.0831675480070344
0.0003458086200268126 0.20031061588519375
0.09608248524902183 0.16892551680940546
0.0009622644962048725 0.12405806111627554
0.03131579184628913 0.1484277574365924
0.00039983205064873816 0.14749321924809092
0.7442341078902219 0.0223755754170168
0.09013261003291413 0.14750038043424593
0.13508184927242708 0.10751918911905782
0.0003030211746618562 0.02862270829291301
0.009199203448446555 0.14471973767156956
0.1416548403188999 0.029508461863360758
0.009316045311498072 0.18293278408389305
0.03346890954325889 0.15204405525222092
0.00980517147550146 0.20358786609255064
0.013622812923882078 0.1064740717395273
0.16430447130389378 0.12585844701210747
0.0007655470344152588 0.12165652113301903
0.0017019191699219423 0.2711072537616428
0.07437794986527385 0.1502341692111442
0.0018302414965606186 0.14328734621995698
0.04048999265282101 0.01352059177640066
0.004309179212782344 0.22003419636777627
0.01891510219131296 0.07094422552649522
0.0015620020067691684 0.1554250451291773
0.02712783213469423 0.13205291270346384
0.027940696227818477 0.27655520195026967
0.0024010503762864383 0.012961867616545086
0.04502582817044351 0.07271432465376722
0.0003784303381162103 0.28994591522438656
0.14681536541030193 0.28449611454223545
0.0008853523613078704 0.19102170029452933
0.00698717077811849 0.2739709891588246
0.0006810074782714743 0.2888772989090689
0.08134483858580156 0.2978245780194605
0.005415404602995131 0.24479738164234702
0.29980735760921695 0.08905913977918063
0.16285163192854937 0.20569734269005605
0.02620519186500473 0.08301847341245734
0.002042148040234623 0.13290567837180908
0.009749819271075835 0.16540757364261235
0.015132912570841312 0.21097806066159544
0.0021415648884711156 0.12206314476030473
0.0028635872326264323 0.08616114177618057
0.00289017688073444 0.17467377331768238
0.0010545215675247122 0.0037047074588841596
0.003078180129694925 0.26806676130110885
0.5791465476464801 0.20099169758151406
0.4877138902840237 0.008093741614057359
0.06841529902396977 0.02334130722785882
0.014723764868048907 0.24911683894647096
0.0006682417977196452 0.2908301703889151
0.0005375733236370884 0.12017980739433483
0.02631158695890009 0.15331774151443298
0.0024782063321184306 0.016702440272268047
0.043345852726154106 0.1838917056146883
0.18503239354479947 0.2944311552598013
0.014919420645484712 0.16807770860885288
0.0008658774937601256 0.1395359631437973
0.0037236060802113766 0.24355979340319944
0.00044966168652101274 0.297011599308262
0.07333284106185037 0.24780618626284054
0.015251303973916953 0.08478124890908184
0.11440239680776391 0.2732028083526171
0.0011993809248175113 0.06486887561727708
0.0026932820005646924 0.04489160643082588
0.004580186733776299 0.09961358208217407
0.011976745198359688 0.2605814772623124
0.0011328574723955926 0.07004130482770952
0.0006595431584397137 0.1412421177213788
0.9339790175105286 0.10780202218430639
0.004556622975993617 0.044695732806270004
0.0008015735379216048 0.2117589031245717
0.004035097008889882 0.0792239916310005
0.030779806865342266 0.2796632295888026
0.30768632624874315 0.053152624823654106
0.012925197768092584 0.22174728376946323
0.002487667236928136 0.04873144257923133
0.004352039661560015 0.016646677687025768
0.009678845603471134 0.198958255249768
0.8592493667009777 0.05742044024685461
0.04140765623939863 0.013972012596494754
0.05891387421180878 0.21491497460681655
0.000661618053880387 0.18010859495961323
0.0284274994888412 0.0359952783145133
0.005334235610012706 0.09962886863244758
0.0017154218506428272 0.11244117677702466
0.182207137903613 0.035913545620924935
0.0012099195445170686 0.06030658524904445
0.028806640184889733 0.21122626528687805
0.023001227759337713 0.16957321587081328
0.7525291663907689 0.29038104746764865
0.00671216337042566 0.054744344342413175
0.010528661809587671 0.008095710419836965
0.009130137084740352 0.04345827100074481
0.0068600804407911425 0.13274838856790047
0.000658852192231379 0.18189150116881628
0.028078914760880425 0.25501461027968075
0.0014309982717535265 0.18042999090507542
0.002050086291778602 0.0667658223304692
0.002914029110685417 0.15417242764142852
0.036561534499503334 0.2789455781347096
0.0008088239926811583 0.2160032021273389
0.016281151863048755 0.1381515059739978
0.3930756957297618 0.15428207739947816
0.005038852187848262 0.18501834138552048
0.16835643475427495 0.06610789273694226
0.0003563022162941309 0.2631423851247421
0.06876703167265893 0.04921393928919825
0.12953980302548962 0.2852229696774768
0.004234285792563331 0.15642381991555496
0.014333287706892083 0.2222529059929941
0.0016797353357715986 0.1001852365935981
0.0005632963086078619 0.22999673771605011
0.055830305319656076 0.05026101065778719
0.48058970101339576 0.298970393367493
0.0007369991649192973 0.13153226126336348
0.0009723248691452436 0.22541757790505274
0.1415705369062611 0.2501232957505723
0.01955806868172225 0.048787470399245754
0.0014466936583810673 0.2065725321962986
0.003243563371457493 0.05810166910520178
0.0005876143535270674 0.2653093087186606
0.014972625958648214 0.276333930079808
0.0006517906830706237 0.23928750473908686
0.0006886860471056653 0.11837357007347546
0.007944516380941027 0.07716888999495154
0.005301697670890933 0.04947357950737625
0.0010399089798389341 0.021264494641001074
0.004784329785056493 0.29850017217013436
0.03976113915634257 0.0351270683859616
0.0016938534184044118 0.24901471130225478
0.0009661012887667404 0.028845305026705945
0.033863944263406 0.1599579820791182
0.0004993213161479986 0.24388141940891897
0.0020827923748155276 0.24133823528460005
0.0023032505098595215 0.19079278779218123
0.14539798880701962 0.10349291401544088
0.014325082621981849 0.27307853864338755
0.0033364436660663997 0.06385624847501666
0.0004886389292162646 0.28225422593823846
0.0059104630436005445 0.24978899419747508
0.0019041979557248676 0.2485467171282485
0.07657856035182414 0.22827330042334204
0.06830936141012373 0.25018487837054354
0.11047920295735945 0.09243552250261346
0.19831843819954653 0.23022938711003146
0.018085261698381132 0.19945335074238826
0.26104109434660805 0.09847387641652931
0.0007496801361456244 0.11891377280815241
0.005231063459422896 0.25171924919213284
0.002860216050492968 0.12634314262187782
0.08823524004817115 0.1109946105192197
0.014832578384708228 0.29322310832211695
0.04891896323827332 0.06322237797504478
0.0009699974622411373 0.18549213474141538
0.049991704556935745 0.019447167743012084
0.0003067407061712869 0.23141366904809124
0.02570955457354666 0.2921649073914032
0.49457725460499313 0.1639646972430459
0.0012147460019885387 0.11941972346591596
0.00035345999032671796 0.08845613498645254
0.000697562584870107 0.14408670871034415
0.038472771431987636 0.10230049833488865
0.03550344196632461 0.2880575606321231
0.001731237301718627 0.17929087849558942
0.11761554109368752 0.09920104194560732
0.07523884286621113 0.018566510772209686
0.030814395133082855 0.05461078206039249
0.006882395406065371 0.19291967371696017
0.000731394256139458 0.01902021183899405
0.027089476479042442 0.1852606819740206
0.0027702567969641726 0.14391993342745255
0.0624649990175084 0.2364776569989112
0.1438567628735114 0.27749849503995916
0.00352409784461358 0.026207257246401338
0.0003450685784963785 0.28800960553790717
0.006009268518620437 0.22946734699877241
0.019263966875890506 0.15613509314143292
0.000731889040529584 0.13770389910217165
0.006002015507477591 0.18734820728652749
0.08205974211742681 0.1018378479922169
0.003278833523187632 0.01709207614766527
0.0041994832471052915 0.06265137421063681
0.0003458086200268126 0.1772646197789625
0.06655177985508415 0.08799171825114836
0.4840576682293566 0.12555153133780694
0.010467003720673216 0.2295744362966622
0.008272647193776041 0.03806523037873872
0.000828483707979548 0.14240551939699847
0.02965850794051017 0.2446419593277064
0.04542129958341382 0.2621837208665517
0.005947402556848627 0.1313310064042348
0.03556736359072439 0.06272958879305891
0.31344581151157674 0.15989071444615435
0.047327386289377466 0.22040722032635007
0.022429863576105925 0.09307644020415974
0.001256203785862965 0.07455606017312623
0.04213134941879199 0.2868675450030023
0.8711991133760553 0.21247693466864462
0.0009622644962048725 0.2973599785006464
0.6049487555652 0.17176329215536978
0.10263004436836767 0.1543815468822929
0.2013067773539368 0.29944638026230375
0.002560102479134515 0.019104910914058602
0.005877514615440569 0.01820816168753061
0.0032464080709334237 0.03896355454025267
0.039912200278020005 0.23795034452453792
0.009057636511374832 0.002627864866618712
0.01000188883045574 0.045798700964188664
0.06914947351540815 0.1486650366385065
0.023921093593660885 0.2692404473200446
0.008673300390525154 0.15628897518933343
0.000886650357624231 0.014579134782193824
0.001220712124410098 0.014453089097758763
0.39582839618074733 0.13959783927262492
0.022511800335799196 0.23379696191122143
0.26090356107448376 0.16159587579709897
0.018372021363242428 0.1260031705675008
0.08741109421014694 0.0705537454551425
0.0011550283724604416 0.1507124214573476
0.014884098138144331 0.20154848799789757
0.002194720042034446 0.24923527464709921
0.01715286917276428 0.11822505350327564
0.07091710662792408 0.19301471122844838
0.00835095514074608 0.17265901784521961
0.17381194181203652 0.09056112041810595
0.0009270767516621504 0.17037786021197607
0.033638064499859927 0.1710267247777903
0.0020168147785830782 0.20540574771935532
0.12865012806005266 0.28558776833663585
0.03444159364756578 0.21621613039312246
0.014493108269810229 0.11137984378681687
0.0013402405526476554 0.015168357348476423
0.00309057287509442 0.17478732749872322
0.011762232025282439 0.29084299077583137
0.03297844911152951 0.2759367549337686
0.001766897364138731 0.030003550732284254
0.0008234861851090365 0.10881725759362051
0.0033051213510846378 0.05464381428522151
0.006409232464701969 0.04127019662194161
0.026000663620369062 0.02161010847283983
0.006739492510890317 0.027459829135696633
0.004477448328641769 0.17499232288944064
0.014319829240742463 0.2867452747524523
0.0010732339079702108 0.056985149135497265
0.0005073826338172202 0.2971895132943847
0.030854745702199787 0.299879204243769
0.09418504097367064 0.031264494979616406
0.05684770161798577 0.1603413153416868
0.07977754262483927 0.09736983609558829
0.009129551950370374 0.031134083884683292
0.02834967502001118 0.016260954730245636
0.001080146885611498 0.12420566838007159
0.0859790144654067 0.2361410382818305
0.02247609748949752 0.11614097139844794
0.028243795695076224 0.05662397618408857
0.006916155410111536 0.2740629206915591
0.0031663798097306913 0.12427519925923391
0.002144307274427117 0.007555622699532438
0.013782425792024192 0.20917310616447643
0.013052632420729444 0.01925054323949513
0.5338836938664002 0.14735943409881114
0.0010642502983186548 0.17864595868669617
0.012179541668080525 0.166593619604737
0.021596861830733612 0.29229141289802935
0.0007058590921135308 0.22960996200524658
0.000416167339289814 0.04094369661415017
0.1010738388654823 0.1923386626738404
0.932253904927807 0.2551948908702011
0.00103546420676907 0.2877306291098878
0.05160865747673233 0.2489231872713663
0.021672642384226407 0.11940226247845469
0.0018133447210882693 0.06287084985466097
0.0018363701726320156 0.2467523694454934
0.17456718907255847 0.10554353489152962
0.0007827519282229648 0.29026591346403097
0.0024621324215465335 0.06201808775486399
0.007692307642950274 0.16388672359077402
0.0017968925375796733 0.001008884699339363
0.022336846385726892 0.006474519721547012
0.0005723898822182765 0.07722051583232194
0.0019104499288451406 0.28560712663141413
0.0037183382272801633 0.27381458873657044
0.0014461265646726201 0.11551481839755101
0.0008421086529354304 0.18527693529066414
0.008826976414596477 0.016506092628969748
0.029837999828984562 0.0608684140929941
0.0012380188044616674 0.27428627103845205
0.008127203627625191 0.07136709380350355
0.026956447046947603 0.22641327918793203
0.07493207284295177 0.2239841473587275
0.0013058951532667884 0.07431857074450492
0.044741949518695125 0.27115721871936727
0.000343625581292273 0.1689203517554661
0.009341737790109151 0.2508222624370411
0.007659638648041817 0.11296019477560303
0.013091038357121337 0.25218697717650845
0.0005169552657692699 0.25240499489399576
0.04331628037404073 0.199016448555977
0.04921887805138423 0.17480463194824566
0.00484179874909652 0.2916530434364627
0.0019646895813400177 0.17522499345628212
0.004928406870147197 0.013288607538209096
0.023401865086872146 0.2862463105152997
0.0205229812830528 0.21151934923935725
0.058447043441216665 0.042186380629018624
0.002071356643500764 0.15294390473990851
0.00031169386624378437 0.055530401208834665
0.0016234793812590338 0.12070043276426262
0.026853856269579136 0.07943565611744575
0.2662382800595443 0.21895311748730323
0.014062620454201116 0.2507936722713098
0.09028277852645078 0.20072606628390705
0.0005910195438025308 0.15403684206396784
0.5665190726766818 0.17251223278668446
0.0003130028136252359 0.28390750320320174
0.021374463153703574 0.03575216777550946
0.0063196675241966324 0.20687931448477123
0.0006293502411496542 0.019060332866887752
0.07823704781685496 0.1376560525014094
0.0007135039616316933 0.036606676374832114
0.05400586690976183 0.1151331937795339
0.028224222619860084 0.10064675692782643
0.05909475412963526 0.21289550280073868
0.016045218641978557 0.029299161569392926
0.0034698908530326265 0.29394436570362475
0.0027162343242167508 0.08092058320121266
0.00044403283650155094 0.2747247783875667
0.003867081230784788 0.18612696561402656
0.009246809490240397 0.07768355564027797
0.062239020998741734 0.011178602164261874
0.020905085679883206 0.17179427573589906
0.05908849486540001 0.16089272310401237
0.0023361123051225743 0.0034730247936793465
0.0039499043879729625 0.06929839609026596
0.03401257303492845 0.002710588462172092
0.0021679492643702503 0.12633278455838484
0.019705699523115672 0.05039324639731835
0.0009126311284047356 0.007244014162331436
0.08125639443393351 0.187996237441121
0.012471754269268318 0.10882367736888666
0.002918446980290747 0.27299944457795366
0.0031286072843117792 0.21910566008012558
0.0005588038119361947 0.0182413473314078
0.002438833808549828 0.018813419173132617
0.001859059299530327 0.23922665530041665
0.00037775262732424303 0.14828059652751355
0.003960410528387232 0.1859701044720883
0.0010500441279916455 0.09845122884557997
0.012210548914900176 0.20336340763652883
0.025963775111202004 0.2073595423056422
0.1526986842604211 0.08431233467053643
0.0060137156523105235 0.234823763577266
0.0006410631167029762 0.2845508711278846
0.0011276285773635364 0.16386679466812967
0.0005865241643811228 0.1915544582684035
0.000680039200952277 0.1322234473792561
0.004944526507245993 0.2489654870783474
0.0008137533684815656 0.18724209667058328
0.001858813543828964 0.05292090579159346
0.009791686426033308 0.07989444101218099
0.004391772584584762 0.02046599949000457
0.0005116522068820845 0.11887903373994979
0.4696046877662021 0.047565849434858205
0.00038708250523528657 0.07013359245965563
0.04011888074877568 0.08610036505099307
0.011844204650666082 0.1369110640612191
0.003413760679554366 0.2604953083689386
0.010773112676228058 0.05281041589265972
0.020422071754821452 0.26797565298065684
0.0013974465460480368 0.23646648099323045
0.004521962211248913 0.11641103427057012
0.004770644178128756 0.1669177235906551
0.1149923499635398 0.23280237465701828
0.010737479479362759 0.1429185578893337
0.10089876474196054 0.06782890792443332
0.08962942625666247 0.009121004919458974
0.029814583983762476 0.11620177400774476
0.013530181514038907 0.2769643093274027
0.0008460410179870667 0.06722546680627815
0.013997651789808737 0.165539261028611
0.010989256907668679 0.09790282499244685
0.008878571942731487 0.17972198025465108
0.10895042075303372 0.1188401418563447
0.0027524721551448104 0.12487230730590397
0.007792232323693758 0.2570182804750458
0.015668230246613138 0.08892788011838039
0.005682658690952405 0.16870680638589078
0.013041343431661632 0.05573568240298391
0.0006048957822857316 0.007490939200854229
0.1041118812096752 0.26494877850547593
0.007337557575759487 0.23480015068529986
0.0035869792266224683 0.06570030961060208
0.0004595564135222767 0.049856705130948906
0.0008218779828137904 0.004694110806404861
0.0009196236352902441 0.04893770253804249
0.010765184093606186 0.2372245389636926
0.018490246753577046 0.14621251553085482
0.001139226802744575 0.03981120586582477
0.12710113219914507 0.20341399333274282
0.051701452137798865 0.15880825807982468
0.002183936702123867 0.0067140291367663195
0.0009098310913031338 0.016901429164856364
0.0004692857586450329 0.024975108738489526
0.009958915954104225 0.019448946439035986
0.20260348676280038 0.022268664681866678
0.0006784128500136017 0.12091568871109332
0.46151148957271104 0.1195535777774615
0.010242771923334951 0.26405879469736393
0.10958532607607246 0.23074933570567407
0.11294760547528906 0.22602037546864892
0.0016263997280045062 0.11930792211616292
0.0025180578546712333 0.02289187110382479
0.010287168660134589 0.16935199397329956
0.004602127521514304 0.21732476497154704
0.12354057383087474 0.1904628481597167
0.007509166018498109 0.02192482455913285
0.0008275600953853987 0.005874118720672406
0.6920544360145252 0.15612275155976718
0.012197463025552522 0.23057652090097602
0.004204503996290102 0.031818140730451305
0.18944731451985786 0.08170281872081792
0.0006405262211933048 0.12507684993629728
0.0010199710178735836 0.20838910940053587
0.002041390378463198 0.13883663189087778
0.0020131352968777915 0.27362668165908816
0.00040643896759406565 0.025290278725204795
0.0889753366396213 0.2886975929669246
0.24671359506150528 0.1920862574020105
0.07163087739497595 0.186936033026127
0.1837584730362734 0.16449857685902694
0.045569801439129025 0.03516256017707157
0.0008695703213423348 0.095637296082481
0.009041609586563743 0.13098513292482253
0.002402907692019505 0.11014710254859059
0.0009120142671162116 0.14619917787651546
0.07318610746024248 0.12277579080737615
0.0005743639915354544 0.1730970081931074
0.00038708250523528657 0.23112741394673791
0.010917393767025758 0.2693675539348067
0.267143244094809 0.2257304802327112
0.005127256749132956 0.2787710855255833
0.015099839757695849 0.20963719431032507
0.0004334920881453067 0.14799366590718727
0.051075081336633334 0.1123782622193888
0.00032442940495977805 0.24175251281024046
0.0608434536363395 0.051744186044770143
0.011917345420438007 0.17989062431251482
0.05902259447908351 0.05493540010091171
0.0005632963086078619 0.13108914192429708
0.0004927508536797098 0.10036331242129955
0.0031974465187972656 0.29188679245463006
0.014276482466893455 0.06470749104672839
0.0006777021284986663 0.23309381893644604
0.038321726228928044 0.1989293171831434
0.0005816301724960041 0.10873714472911934
0.0007199935243826759 0.11157289423358775
0.5113038791302917 0.18543103077204554
0.19387321454508757 0.13268539553623493
0.00044978664145582073 0.17369938350495936
0.07497819580152694 0.10515496023492557
0.0009383859949397925 0.11317919405858318
0.0003018662335197715 0.26559600475520856
0.0005403465971689639 0.19485406898051635
0.40117376194262533 0.22853560995992622
0.05591602258120099 0.06588645495185404
0.28409907789918426 0.2632813317019217
0.010503475140294469 0.29725393135984873
0.24894786699448576 0.10740208476613855
0.005015853831780012 0.16544011931452293
0.007943450471835716 0.23022879033710617
0.08853235479235588 0.034328729778694174
0.003345023324103896 0.2067611719957463
0.0019473488158740847 0.16968981874881398
0.002372489060263229 0.07891438478246968
0.0003563022162941309 0.22570424230807018
0.012377217395312202 0.13476210015555865
0.2507672425753931 0.0565653838953957
0.010076925472877293 0.26037935331193535
0.0016211399203622788 0.09332013541824206
0.025424897544125007 0.17977279440315833
0.07418048744518067 0.2260710893858683
0.027624913136399323 0.004827058587576738
0.0013524261895757283 0.13425244193840116
0.008724987440638965 0.29710609066340854
0.0010741379176354327 0.09545960338772239
0.002537397877227988 0.2738613471733627
0.0021632648846551354 0.11574024035023045
0.0006970909902605185 0.14898745430465898
0.0745783610213917 0.1147526952849915
0.005411563603505148 0.17312328696961773
0.0007004908388468123 0.07266881070896547
0.000915248812308648 0.14102087417011336
0.000316844829161109 0.13478703196614691
0.04541996158202985 0.1010688560652961
0.001404624721621698 0.10628086516471719
0.0008738106496579141 0.2088308682925058
0.0011122736126283562 0.10488454480394473
0.00041501622476136066 0.22164037677508228
0.003892878108540907 0.19218692582566999
0.0007670968222478105 0.03259727807569009
0.0012857677019201394 0.2932676261024179
0.0162503876970419 0.17963841673998546
0.006295549514573011 0.207648634725096
0.0013650339919698516 0.20831685943561196
0.07108894601684856 0.10613305917118464
0.0070492688751347555 0.06950068575536729
0.0112326190800451 0.05068809256187263
0.014963520589999205 0.13783748940943893
0.4502318789605846 0.11232363671822694
0.0004912052810989449 0.044705697262599396
0.0019188322777105508 0.169982772125673
0.0031960367629860803 0.08874364500655114
0.00033499136379620044 0.20731578104643117
0.001828259460339791 0.17520466138661256
0.0005089790823583122 0.03233669349910192
0.3785603430639337 0.23381694691372717
0.26105362593865583 0.09993523678540377
0.0022695534836135495 0.11319461525594887
0.045240009892823486 0.25304140570418493
0.7860672663775687 0.030650757376276948
0.003134714997552189 0.16062487118000726
0.002260551212142836 0.1288192038663448
0.07021875871983194 0.037444970944612674
0.008656156587985912 0.04013665689988057
0.2967579373439789 0.29767305562452967
0.08757365919744899 0.022567985868560347
0.012461412034738497 0.27962061598763416
0.001258458675368546 0.21212080483638526
0.012261587557674385 0.10852795177858743
0.9497520696608792 0.2667888503431976
0.007562277307222077 0.06533172613191643
0.22430297121009166 0.04830757947291644
0.029382696153358964 0.031076620497008954
0.0005818465248057422 0.0933794652649826
0.0333916931390091 0.15639566543838962
0.0006992367704557388 0.10825088903862529
0.0036331670534483357 0.12071807611969615
0.02805677070917319 0.02189569682158359
0.013937042977977687 0.03164569570709441
0.0011687613694087008 0.1852796621924795
0.0006125875761049128 0.14064055022427774
0.00983697155648271 0.07732863816111678
0.11149949121874532 0.09709827576611313
0.0028533242282746106 0.00619102653531034
0.02547364243346276 0.23148535336030196
0.1278901281628739 0.16531970937236992
0.0004214318640415921 0.10331966749797707
0.01705514573283053 0.2137424094750385
0.18486591671854102 0.01838681488443764
0.04661790790514078 0.15390403894636523
0.02838470709813915 0.02702761771241119
0.002915520526290494 0.10865106206830885
0.0016244239770517135 0.06441614412991443
0.007544336021821676 0.028057086181756785
0.30071531680711855 0.23053436117966708
0.005570274741458902 0.09806009620300495
0.14177314403199137 0.1311834048135521
0.003076275329256176 0.055834612600673496
0.1276984601252142 0.2124338110800137
0.06705122820356978 0.10474695138153214
0.10337499259581007 0.25069161366153503
0.002029233639072815 0.2976715480181097
0.03205221700480027 0.28467022324616714
0.31211029296160453 0.2748011778047987
0.010118490890314694 0.2859332833679087
0.0018154229698402668 0.07275430381390917
0.02289207027440079 0.08994807659141744
0.03214970413105991 0.07204427092922087
0.04905463891612414 0.01058256097270347
0.0013057224266549334 0.07870417045029836
0.006413777019439865 0.16821916972253087
0.056996452816498934 0.13914631731118682
0.0021681565639718654 0.08605593787276473
0.008341715318369584 0.1514418347733306
0.07183485637846378 0.14008885413607064
0.0003923904457044998 0.21217538646661374
0.31303266639563754 0.2731289023396177
0.02236870020846743 0.1482377462945931
0.001677042103757026 0.2750964441801555
0.006205458386579001 0.17398575736435085
0.17251765523980328 0.143177286095214
0.0013939495759362575 0.126586089176396
0.017742007044941305 0.07282935641148179
0.4137906994006637 0.060565495235126963
0.11865079276316313 0.11130355499949164
0.002511184836590589 0.2609470773394277
0.4264848697551312 0.006320410880254157
0.03219509091448238 0.07295535321679864
0.0002890454753934498 0.23931531472499845
0.06878670419141955 0.26596654769387534
0.0016233267858436235 0.19417481593553
0.001279324300050884 0.03169856919430628
0.03283195364363858 0.11046830027414702
0.030259741266669627 0.19112778769283703
0.01044457199996613 0.20567576583880456
0.004787041607975057 6.88324631187509e-05
0.0008805059792692272 0.22945877190191374
0.0023962744480929992 0.05429346302453978
0.000460669852019921 0.09960251745167804
0.08996930777078686 0.12420092172181735
0.0007053818925211299 0.24209818396931557
0.0012151601172169654 0.07886811846918929
0.0003990603984899711 0.19103131274284593
0.002730951985584439 0.1262064486798454
0.03849663204088436 0.21601223164296268
0.07102603606598644 0.0879195898904255
0.022815709786730556 0.24028283983563894
0.8035886774898778 0.1912125755488889
0.00915127801258328 0.22794449406189315
0.0003142003499655356 0.03243057230534278
0.04794548552625836 0.014762455048650945
0.1866448220895003 0.128363521973603
0.061067747553760224 0.03399004863903345
0.0005964746835808632 0.16263803327302198
0.038400452520258574 0.13195962179876153
0.0005049195668273312 0.12162085155933287
0.25805755038538714 0.15463894039977769
0.003723866843169617 0.08842514993278953
0.008779129916553899 0.07931080522125923
0.08026524394430168 0.04770735349917109
0.03257760246795606 0.22184260553329332
0.11760181233194944 0.2691681496716133
0.0009416846825563244 0.19014473860505546
0.12244587582160857 0.038469575898669804
0.18071468107064445 0.12714521362068995
0.005040563387862925 0.05381079643807309
0.0010687521404542306 0.08112173214875162
0.004584609267966877 0.10386521329417837
0.00100960354553952 0.1852668415448735
0.0010481649209020227 0.22621164152471
0.006488982323475838 0.23967809779547478
0.0007528957253909331 0.2995991005558443
0.0022030332517170284 0.010535290376645001
0.0066692415110317016 0.005175987118003833
0.0009133771758142367 0.22360144488275432
0.017781712790149395 0.0020075989438072092
0.008238026857529814 0.2726088213556425
0.0019575608152915453 0.240697203237632
0.06187525929455774 0.01990744420488113
0.07131676947689901 0.16128184590883518
0.0023079125202718066 0.2330843307103908
0.00028577988256659235 0.23362456604944998
0.0015858619026948534 0.25446214863443267
0.0006253238996080905 0.04344812603296556
0.4710001037088335 0.07249106657272684
0.0005257414894740653 0.022875631884527747
0.0032316726631358714 0.17609312560255852
0.0009956798942218738 0.1740496351014723
0.02073130607838266 0.24327934245093105
0.0060555349561112444 0.1752021420619081
0.011538454775784376 0.2717871938508794
0.0006476174226666783 0.11699222100959397
0.010648787806837978 0.05360510562155076
0.0054939210514843555 0.23106798128826683
0.0027492314235071174 0.04124500405290057
0.003793983729555211 0.28119450516659256
0.003136186384336659 0.010664145286331916
0.019895228042821914 0.07717418043451431
0.0013964083406334097 0.19530815217178127
0.09212812242513453 0.08837834293505736
0.4718592229317759 0.2664016056976433
0.00433349961016992 0.2216831118194185
0.5593887577020842 0.04386252125564716
0.0010442728463667258 0.2803359905828023
0.0031006583496995593 0.25785636865244393
0.1500788049405206 0.18772991469962044
0.007173979156276111 0.2857773294721578
0.0076391847261107594 0.22603170352971436
0.009689552045832103 0.2639373484755803
0.010045313232530863 0.21020395532681438
0.4219241852557982 0.15944356291247458
0.015175871261351446 0.1020749179356207
0.01028816998811943 0.18544804139148893
0.08443974350759288 0.07683071267400783
0.018084713694698717 0.017613255586533382
0.0007061216219177298 0.06422959028250605
0.00156026192814311 0.13507393409794885
0.0007463191881441675 0.09360850180320889
0.024544580563433064 0.27661513067373694
0.014038456776326017 0.27207666704456107
0.00047972365637804966 0.025627788916817627
0.22965918842357833 0.13702312903593353
0.0006886413398162816 0.20286177134937936
0.4748087251553048 0.03989414983058683
0.0050881445054740924 0.24177674475879818
0.007900286971906173 0.2612562272414184
0.05210480898616805 0.03315493957796617
0.01954109689995507 0.26147581710355294
0.03941674415357319 0.17786403123672803
0.0014629929353312866 0.2816305534013819
0.1702075113126489 0.005643566158422142
0.0013925496669414644 0.13480757431854676
0.004318636934338759 0.06500686294321369
0.0037371945238833765 0.13980521798214818
0.09914520841534227 0.12367261331397392
0.09962118555059167 0.025652431741664903
0.08827584115628358 0.09470024705871401
0.001118372581774084 0.06432580269304371
0.10030487746803778 0.25593848653052825
0.01679631499245242 0.04340862997929473
0.0015478305754410401 0.012394340931361702
0.06393994387418715 0.006593370273826593
0.14495975314875215 0.11537083744272877
0.0019294926975575583 0.12618751697781405
0.008701317126681842 0.18362682215365214
0.14914198132683695 0.005419168618694536
0.07872411931111187 0.2203247279218757
0.023631479872805852 0.28686321740422194
0.0004461990222532896 0.1930320942791828
0.36136244667680983 0.16237578123160948
0.009242109365071857 0.058050082402755915
0.04462799156532136 0.12472741591919198
0.0011063942200314524 0.1369247100751759
0.001085412943212578 0.18890958284133988
0.08882463283506907 0.2219274731930321
0.008749178288235772 0.034780710036617334
0.02749918907385614 0.23044302000193512
0.32677052694068165 0.2659729008849631
0.027890508439180742 0.1061725960944983
0.001641395782911699 0.2264934264882405
0.002270862988095212 0.28582838651304443
0.0009545931196336633 0.09654875562218107
0.31094858006499393 0.27563389492414964
0.021187888339018177 0.07392769091960442
0.0015033501500390058 0.04180898729077628
0.005166186157038171 0.012316798962996945
0.003047840307915978 0.03436101700657294
0.23390928777004696 0.04892107055203856
0.0020207620887587358 0.11518346267815997
0.00277566688099006 0.0657123871808665
0.0003591672888246691 0.13652010062045453
0.4014862759736364 0.25575792168262684
0.0006224763876572332 0.2079260305328027
0.019085873488495043 0.22109042909617807
0.0005910195438025308 0.01836964220590459
0.0009341798362698113 0.22727263364473088
0.0014281613327298546 0.045501902130799854
0.9879303017718549 0.13677791190713098
0.00045530687270856356 0.1570804325132236
0.008731960000994465 0.13847189756042919
0.8362152120446908 0.28182657119735144
0.0021102283526941807 0.13102506017128923
0.004654424864535598 0.1810932496507866
0.0027559257909931844 0.18787627890744757
0.0037352843608900598 0.15546918322396108
0.0028192419401202183 0.11681812092873856
0.0007404161604882404 0.06269925019233936
0.00605731438863516 0.22113369812596118
0.00034638875467113634 0.2839301386493645
0.002576821537214284 0.10692043817269631
0.038406920647271046 0.24599112825975245
0.005092688425302366 0.08260656832738468
0.10530004374365054 0.22565432477902894
0.11678613759983188 0.21955975505818107
0.04571262039911898 0.24284670206390122
0.03200912466056541 0.21599176657571487
0.010043236905651792 0.15501309680654257
0.5172155470215589 0.05745499774551094
0.05213597275882712 0.18779757664348384
0.03000985228448105 0.29188966853227166
0.06733906416196467 0.039714195883735946
